%Mission: MLO2022
%Operator: 
%Time: 2022,05,11,00:17:12.842
%File: C:\Users\pop\Documents\5STARG_Data\5STARG_20220511_001712_RADIOMETERS.dat
%Notes: 
YYYY,MM,DD,hh:mm:ss,state,elev_set,azi_set,elev_pid_out,azi_pid_out,CH1_0,CH1_2,CH1_4,CH2_0,CH2_2,CH2_4,CH3_0,CH3_2,CH3_4,CH4_0,CH4_2,CH4_4,CH5_0,CH5_2,CH5_4,Here,CH6_0,CH6_2,CH6_4,CH7_0,CH7_2,CH7_4,CH8_0,CH8_2,CH8_4,CH9_0,CH9_2,CH9_4,SPARE,5vRef_Temp,12POS_0_33,12NEG_0_33,J7_1,J7_2,J7_3,J7_4,J7_5,J7_6,J7_7,J7_8
2022,05,11,00:17:12.884,tr,0.000,0.000000,-0.000000,0.000000,-0.26483,-0.00062,-0.00042,-0.21546,-0.00065,-0.00044,-0.22776,-0.00068,-0.00050,-0.23149,-0.00062,-0.00042,-0.24353,-0.00071,-0.00047,-0.00039,-0.00059,-0.22664,-0.00042,-0.00052,-0.21548,-0.00044,-0.00055,-0.22944,-0.00047,-0.00060,-0.00056,-0.00049,-0.73606,-0.00039,-0.00046,-0.00045,-1.32532,-1.91979,-2.72321,-0.00033,-0.00015,-0.00022,-0.00020,-0.00023
2022,05,11,00:17:16.385,tr,0.000,0.000000,-0.000000,0.000000,-0.26467,-0.00062,-0.00042,-0.21536,-0.00062,-0.00043,-0.22762,-0.00060,-0.00045,-0.23127,-0.00062,-0.00045,-0.24331,-0.00063,-0.00042,-0.00034,-0.00055,-0.22647,-0.00042,-0.00052,-0.21531,-0.00047,-0.00051,-0.22929,-0.00054,-0.00060,-0.00063,-0.00044,-0.73343,-0.00040,-0.00043,-0.00045,-1.32055,-1.90169,-2.68045,-0.00025,-0.00011,-0.00020,-0.00016,-0.00022
2022,05,11,00:17:16.635,tr,0.000,0.000000,-0.000000,0.000000,-0.26470,-0.00071,-0.00048,-0.21535,-0.00071,-0.00050,-0.22761,-0.00072,-0.00056,-0.23135,-0.00072,-0.00054,-0.24338,-0.00067,-0.00044,-0.00038,-0.00053,-0.22657,-0.00047,-0.00057,-0.21530,-0.00054,-0.00057,-0.22933,-0.00055,-0.00060,-0.00063,-0.00051,-0.73175,-0.00038,-0.00042,-0.00042,-1.31111,-1.88065,-2.65749,-0.00034,-0.00014,-0.00016,-0.00017,-0.00029
2022,05,11,00:17:16.886,tr,0.000,0.000000,-0.000000,0.000000,-0.26482,-0.00072,-0.00057,-0.21544,-0.00077,-0.00053,-0.22772,-0.00071,-0.00059,-0.23138,-0.00078,-0.00056,-0.24352,-0.00075,-0.00052,-0.00042,-0.00059,-0.22650,-0.00056,-0.00065,-0.21542,-0.00058,-0.00065,-0.22938,-0.00069,-0.00063,-0.00067,-0.00055,-0.71772,-0.00041,-0.00039,-0.00042,-1.30538,-1.86460,-2.61264,-0.00026,-0.00010,-0.00026,-0.00010,-0.00019
2022,05,11,00:17:17.135,tr,0.000,0.000000,-0.000000,0.000000,-0.26488,-0.00073,-0.00048,-0.21548,-0.00078,-0.00053,-0.22775,-0.00080,-0.00067,-0.23137,-0.00080,-0.00061,-0.24350,-0.00085,-0.00058,-0.00035,-0.00055,-0.22663,-0.00066,-0.00066,-0.21540,-0.00059,-0.00071,-0.22941,-0.00066,-0.00068,-0.00074,-0.00060,-0.70729,-0.00037,-0.00037,-0.00045,-1.29249,-1.85609,-2.60766,-0.00032,-0.00013,-0.00021,-0.00020,-0.00019
2022,05,11,00:17:17.384,tr,0.000,0.000000,-0.000000,0.000000,-0.26496,-0.00080,-0.00057,-0.21553,-0.00081,-0.00058,-0.22774,-0.00082,-0.00070,-0.23140,-0.00078,-0.00056,-0.24351,-0.00085,-0.00056,-0.00037,-0.00054,-0.22666,-0.00064,-0.00068,-0.21548,-0.00059,-0.00065,-0.22956,-0.00070,-0.00073,-0.00073,-0.00063,-0.69857,-0.00039,-0.00045,-0.00043,-1.28073,-1.84025,-2.56971,-0.00024,-0.00009,-0.00019,-0.00022,-0.00011
2022,05,11,00:17:17.634,tr,0.000,0.000000,-0.000000,0.000000,-0.26501,-0.00076,-0.00057,-0.21551,-0.00083,-0.00058,-0.22782,-0.00088,-0.00076,-0.23142,-0.00084,-0.00060,-0.24361,-0.00082,-0.00062,-0.00040,-0.00057,-0.22669,-0.00064,-0.00071,-0.21547,-0.00058,-0.00072,-0.22957,-0.00072,-0.00062,-0.00076,-0.00056,-0.68238,-0.00043,-0.00041,-0.00038,-1.26787,-1.82295,-2.55628,-0.00034,-0.00016,-0.00019,-0.00016,-0.00025
2022,05,11,00:17:17.885,tr,0.000,0.000000,-0.000000,0.000000,-0.26515,-0.00078,-0.00056,-0.21558,-0.00084,-0.00058,-0.22780,-0.00083,-0.00072,-0.23141,-0.00084,-0.00061,-0.24352,-0.00085,-0.00066,-0.00041,-0.00051,-0.22668,-0.00069,-0.00070,-0.21558,-0.00063,-0.00075,-0.22958,-0.00080,-0.00076,-0.00073,-0.00066,-0.66972,-0.00042,-0.00042,-0.00043,-1.25919,-1.80732,-2.51011,-0.00019,-0.00005,-0.00017,-0.00016,-0.00021
2022,05,11,00:17:18.135,tr,0.000,0.000000,-0.000000,0.000000,-0.26521,-0.00078,-0.00060,-0.21559,-0.00085,-0.00063,-0.22788,-0.00087,-0.00078,-0.23141,-0.00083,-0.00064,-0.24368,-0.00086,-0.00066,-0.00038,-0.00057,-0.22677,-0.00066,-0.00071,-0.21562,-0.00064,-0.00069,-0.22961,-0.00080,-0.00075,-0.00072,-0.00060,-0.65236,-0.00043,-0.00039,-0.00040,-1.25111,-1.80020,-2.49930,-0.00030,-0.00011,-0.00021,-0.00024,-0.00019
2022,05,11,00:17:18.385,tr,0.000,0.000000,-0.000000,0.000000,-0.26531,-0.00084,-0.00061,-0.21565,-0.00085,-0.00062,-0.22792,-0.00085,-0.00070,-0.23147,-0.00082,-0.00062,-0.24370,-0.00087,-0.00056,-0.00038,-0.00051,-0.22678,-0.00067,-0.00073,-0.21564,-0.00067,-0.00074,-0.22972,-0.00074,-0.00071,-0.00076,-0.00061,-0.64445,-0.00037,-0.00043,-0.00045,-1.24148,-1.78217,-2.45280,-0.00028,-0.00007,-0.00015,-0.00013,-0.00019
2022,05,11,00:17:18.635,tr,0.000,0.000000,-0.000000,0.000000,-0.26536,-0.00079,-0.00063,-0.21568,-0.00081,-0.00063,-0.22796,-0.00089,-0.00081,-0.23153,-0.00089,-0.00063,-0.24376,-0.00084,-0.00064,-0.00037,-0.00061,-0.22685,-0.00069,-0.00074,-0.21566,-0.00067,-0.00072,-0.22970,-0.00072,-0.00068,-0.00076,-0.00063,-0.63147,-0.00036,-0.00035,-0.00040,-1.23183,-1.77524,-2.45263,-0.00024,-0.00023,-0.00013,-0.00017,-0.00022
2022,05,11,00:17:18.884,tr,0.000,0.000000,-0.000000,0.000000,-0.26556,-0.00082,-0.00061,-0.21573,-0.00084,-0.00056,-0.22798,-0.00088,-0.00077,-0.23150,-0.00083,-0.00069,-0.24377,-0.00089,-0.00061,-0.00039,-0.00054,-0.22690,-0.00068,-0.00073,-0.21574,-0.00071,-0.00076,-0.22980,-0.00080,-0.00070,-0.00078,-0.00064,-0.62282,-0.00038,-0.00041,-0.00043,-1.22860,-1.76839,-2.41945,-0.00020,-0.00017,-0.00016,-0.00019,-0.00006
2022,05,11,00:17:19.134,tr,0.000,0.000000,-0.000000,0.000000,-0.26557,-0.00078,-0.00061,-0.21576,-0.00086,-0.00063,-0.22809,-0.00082,-0.00076,-0.23150,-0.00089,-0.00063,-0.24384,-0.00085,-0.00062,-0.00038,-0.00057,-0.22697,-0.00068,-0.00073,-0.21572,-0.00065,-0.00073,-0.22978,-0.00072,-0.00070,-0.00075,-0.00065,-0.60812,-0.00038,-0.00042,-0.00042,-1.22454,-1.76259,-2.41869,-0.00021,-0.00011,-0.00014,-0.00021,-0.00010
2022,05,11,00:17:19.385,tr,0.000,0.000000,-0.000000,0.000000,-0.26561,-0.00085,-0.00065,-0.21582,-0.00090,-0.00063,-0.22804,-0.00083,-0.00078,-0.23149,-0.00088,-0.00067,-0.24385,-0.00090,-0.00061,-0.00036,-0.00051,-0.22693,-0.00070,-0.00077,-0.21578,-0.00062,-0.00070,-0.22986,-0.00078,-0.00067,-0.00078,-0.00061,-0.60564,-0.00036,-0.00038,-0.00039,-1.21759,-1.75392,-2.39110,-0.00015,-0.00011,-0.00011,-0.00010,-0.00006
2022,05,11,00:17:19.635,tr,0.000,0.000000,-0.000000,0.000000,-0.26575,-0.00085,-0.00062,-0.21584,-0.00078,-0.00058,-0.22813,-0.00088,-0.00078,-0.23155,-0.00083,-0.00063,-0.24389,-0.00090,-0.00064,-0.00038,-0.00050,-0.22699,-0.00067,-0.00065,-0.21580,-0.00066,-0.00070,-0.22987,-0.00073,-0.00069,-0.00070,-0.00057,-0.59952,-0.00030,-0.00033,-0.00039,-1.21173,-1.75161,-2.39517,-0.00021,-0.00009,-0.00008,-0.00017,-0.00009
2022,05,11,00:17:19.885,tr,0.000,0.000000,-0.000000,0.000000,-0.26584,-0.00088,-0.00060,-0.21589,-0.00084,-0.00059,-0.22811,-0.00086,-0.00072,-0.23149,-0.00089,-0.00059,-0.24394,-0.00084,-0.00062,-0.00035,-0.00050,-0.22701,-0.00067,-0.00071,-0.21589,-0.00062,-0.00076,-0.22995,-0.00078,-0.00071,-0.00077,-0.00066,-0.58850,-0.00034,-0.00039,-0.00035,-1.20664,-1.74160,-2.37547,-0.00010,-0.00007,-0.00009,-0.00009,-0.00015
2022,05,11,00:17:20.135,tr,0.000,0.000000,-0.000000,0.000000,-0.26584,-0.00084,-0.00059,-0.21590,-0.00083,-0.00060,-0.22825,-0.00083,-0.00082,-0.23159,-0.00089,-0.00064,-0.24399,-0.00091,-0.00064,-0.00035,-0.00052,-0.22707,-0.00069,-0.00073,-0.21592,-0.00065,-0.00072,-0.22997,-0.00077,-0.00071,-0.00077,-0.00062,-0.57878,-0.00033,-0.00044,-0.00036,-1.20447,-1.73973,-2.38411,-0.00014,-0.00010,-0.00007,-0.00013,-0.00019
2022,05,11,00:17:20.384,tr,0.000,0.000000,-0.000000,0.000000,-0.26596,-0.00083,-0.00066,-0.21594,-0.00089,-0.00062,-0.22825,-0.00086,-0.00079,-0.23158,-0.00088,-0.00061,-0.24402,-0.00083,-0.00062,-0.00029,-0.00050,-0.22708,-0.00069,-0.00073,-0.21598,-0.00062,-0.00070,-0.23008,-0.00076,-0.00065,-0.00075,-0.00059,-0.57610,-0.00035,-0.00042,-0.00043,-1.20214,-1.73480,-2.35861,-0.00013,-0.00007,-0.00004,-0.00013,-0.00011
2022,05,11,00:17:20.635,tr,0.000,0.000000,-0.000000,0.000000,-0.26604,-0.00081,-0.00061,-0.21593,-0.00085,-0.00058,-0.22824,-0.00088,-0.00077,-0.23166,-0.00085,-0.00067,-0.24410,-0.00090,-0.00064,-0.00037,-0.00053,-0.22718,-0.00067,-0.00071,-0.21598,-0.00065,-0.00069,-0.23004,-0.00073,-0.00072,-0.00075,-0.00057,-0.56694,-0.00031,-0.00035,-0.00040,-1.19975,-1.73238,-2.36799,-0.00018,-0.00009,-0.00001,-0.00008,-0.00016
2022,05,11,00:17:20.885,tr,0.000,0.000000,-0.000000,0.000000,-0.26619,-0.00083,-0.00062,-0.21599,-0.00090,-0.00060,-0.22827,-0.00088,-0.00075,-0.23163,-0.00082,-0.00065,-0.24411,-0.00088,-0.00063,-0.00037,-0.00048,-0.22717,-0.00065,-0.00076,-0.21608,-0.00070,-0.00075,-0.23015,-0.00080,-0.00070,-0.00079,-0.00064,-0.55785,-0.00036,-0.00039,-0.00042,-1.19879,-1.73008,-2.35396,-0.00012,-0.00007,-0.00013,-0.00006,-0.00011
2022,05,11,00:17:21.135,tr,0.000,0.000000,-0.000000,0.000000,-0.26624,-0.00083,-0.00061,-0.21605,-0.00081,-0.00065,-0.22832,-0.00086,-0.00081,-0.23170,-0.00083,-0.00069,-0.24411,-0.00088,-0.00065,-0.00042,-0.00055,-0.22719,-0.00061,-0.00072,-0.21606,-0.00072,-0.00073,-0.23015,-0.00075,-0.00066,-0.00077,-0.00060,-0.55976,-0.00036,-0.00039,-0.00043,-1.19687,-1.73060,-2.36463,-0.00013,-0.00010,-0.00008,-0.00010,-0.00013
2022,05,11,00:17:21.385,tr,0.000,0.000000,-0.000000,0.000000,-0.26635,-0.00083,-0.00061,-0.21609,-0.00086,-0.00057,-0.22846,-0.00086,-0.00079,-0.23165,-0.00086,-0.00058,-0.24415,-0.00087,-0.00059,-0.00035,-0.00056,-0.22724,-0.00066,-0.00070,-0.21607,-0.00066,-0.00072,-0.23021,-0.00078,-0.00070,-0.00073,-0.00065,-0.55685,-0.00035,-0.00039,-0.00037,-1.19689,-1.72302,-2.34551,-0.00011,-0.00004,-0.00005,-0.00006,-0.00009
2022,05,11,00:17:21.634,tr,0.000,0.000000,-0.000000,0.000000,-0.26640,-0.00082,-0.00065,-0.21617,-0.00082,-0.00061,-0.22839,-0.00091,-0.00080,-0.23169,-0.00085,-0.00064,-0.24421,-0.00091,-0.00062,-0.00037,-0.00054,-0.22729,-0.00068,-0.00075,-0.21613,-0.00063,-0.00076,-0.23021,-0.00076,-0.00067,-0.00066,-0.00063,-0.55240,-0.00032,-0.00038,-0.00037,-1.19891,-1.73223,-2.36149,-0.00014,-0.00001,-0.00013,-0.00011,-0.00004
2022,05,11,00:17:21.884,tr,0.000,0.000000,-0.000000,0.000000,-0.26650,-0.00086,-0.00064,-0.21616,-0.00089,-0.00057,-0.22841,-0.00086,-0.00074,-0.23172,-0.00084,-0.00062,-0.24422,-0.00088,-0.00060,-0.00035,-0.00054,-0.22729,-0.00065,-0.00076,-0.21617,-0.00070,-0.00077,-0.23029,-0.00082,-0.00069,-0.00072,-0.00066,-0.55788,-0.00035,-0.00040,-0.00041,-1.19554,-1.72896,-2.34733,-0.00015,-0.00004,-0.00008,-0.00010,-0.00004
2022,05,11,00:17:22.135,tr,0.000,0.000000,-0.000000,0.000000,-0.26655,-0.00081,-0.00058,-0.21619,-0.00084,-0.00062,-0.22856,-0.00091,-0.00080,-0.23174,-0.00087,-0.00065,-0.24427,-0.00089,-0.00063,-0.00041,-0.00050,-0.22735,-0.00072,-0.00074,-0.21621,-0.00068,-0.00072,-0.23033,-0.00077,-0.00069,-0.00074,-0.00062,-0.55345,-0.00028,-0.00037,-0.00035,-1.19580,-1.72625,-2.35792,-0.00013,-0.00003,-0.00002,-0.00007,-0.00009
2022,05,11,00:17:22.385,tr,0.000,0.000000,-0.000000,0.000000,-0.26665,-0.00080,-0.00061,-0.21622,-0.00088,-0.00062,-0.22852,-0.00089,-0.00077,-0.23174,-0.00085,-0.00063,-0.24429,-0.00088,-0.00062,-0.00034,-0.00051,-0.22743,-0.00065,-0.00076,-0.21629,-0.00068,-0.00073,-0.23039,-0.00083,-0.00072,-0.00072,-0.00061,-0.55239,-0.00033,-0.00033,-0.00037,-1.19587,-1.72535,-2.34897,-0.00009,-0.00003,-0.00001,-0.00009,-0.00014
2022,05,11,00:17:22.635,tr,0.000,0.000000,-0.000000,0.000000,-0.26674,-0.00082,-0.00061,-0.21620,-0.00086,-0.00061,-0.22859,-0.00088,-0.00080,-0.23175,-0.00093,-0.00066,-0.24434,-0.00086,-0.00064,-0.00038,-0.00058,-0.22743,-0.00066,-0.00075,-0.21631,-0.00068,-0.00075,-0.23045,-0.00076,-0.00070,-0.00073,-0.00063,-0.55075,-0.00033,-0.00041,-0.00038,-1.19721,-1.73061,-2.36015,-0.00015,-0.00002,-0.00008,-0.00010,-0.00015
2022,05,11,00:17:22.885,tr,0.000,0.000000,-0.000000,0.000000,-0.26681,-0.00083,-0.00065,-0.21631,-0.00086,-0.00060,-0.22858,-0.00091,-0.00072,-0.23175,-0.00088,-0.00062,-0.24435,-0.00090,-0.00062,-0.00039,-0.00053,-0.22748,-0.00059,-0.00073,-0.21637,-0.00068,-0.00073,-0.23049,-0.00078,-0.00070,-0.00070,-0.00065,-0.55288,-0.00035,-0.00040,-0.00044,-1.19371,-1.72260,-2.33905,-0.00018,-0.00003,0.00000,-0.00005,-0.00013
2022,05,11,00:17:23.134,tr,0.000,0.000000,-0.000000,0.000000,-0.26687,-0.00083,-0.00060,-0.21637,-0.00083,-0.00061,-0.22867,-0.00088,-0.00075,-0.23185,-0.00091,-0.00065,-0.24444,-0.00084,-0.00063,-0.00042,-0.00054,-0.22750,-0.00066,-0.00071,-0.21640,-0.00065,-0.00072,-0.23049,-0.00073,-0.00071,-0.00079,-0.00062,-0.54966,-0.00028,-0.00040,-0.00036,-1.19294,-1.72205,-2.35077,-0.00014,-0.00006,-0.00000,-0.00004,-0.00008
2022,05,11,00:17:23.384,tr,0.000,0.000000,-0.000000,0.000000,-0.26696,-0.00084,-0.00063,-0.21635,-0.00084,-0.00062,-0.22871,-0.00087,-0.00074,-0.23180,-0.00084,-0.00064,-0.24441,-0.00084,-0.00062,-0.00034,-0.00052,-0.22749,-0.00068,-0.00074,-0.21646,-0.00064,-0.00075,-0.23053,-0.00075,-0.00073,-0.00074,-0.00062,-0.54895,-0.00037,-0.00041,-0.00039,-1.19108,-1.71842,-2.33708,-0.00009,-0.00003,-0.00000,-0.00007,-0.00004
2022,05,11,00:17:23.635,tr,0.000,0.000000,-0.000000,0.000000,-0.26704,-0.00083,-0.00059,-0.21640,-0.00085,-0.00062,-0.22874,-0.00091,-0.00077,-0.23185,-0.00085,-0.00069,-0.24449,-0.00088,-0.00062,-0.00038,-0.00054,-0.22756,-0.00069,-0.00074,-0.21649,-0.00065,-0.00069,-0.23059,-0.00076,-0.00069,-0.00071,-0.00060,-0.54835,-0.00035,-0.00038,-0.00033,-1.19981,-1.72486,-2.35295,-0.00011,0.00001,-0.00008,-0.00005,-0.00008
2022,05,11,00:17:23.885,tr,0.000,0.000000,-0.000000,0.000000,-0.26714,-0.00081,-0.00059,-0.21650,-0.00084,-0.00059,-0.22877,-0.00086,-0.00075,-0.23179,-0.00083,-0.00062,-0.24455,-0.00087,-0.00055,-0.00032,-0.00049,-0.22756,-0.00063,-0.00072,-0.21649,-0.00064,-0.00078,-0.23065,-0.00075,-0.00070,-0.00078,-0.00071,-0.54940,-0.00034,-0.00037,-0.00039,-1.19668,-1.72241,-2.34055,-0.00011,-0.00001,-0.00012,-0.00007,-0.00010
2022,05,11,00:17:24.135,tr,0.000,0.000000,-0.000000,0.000000,-0.26717,-0.00078,-0.00062,-0.21644,-0.00087,-0.00059,-0.22883,-0.00092,-0.00078,-0.23188,-0.00091,-0.00065,-0.24461,-0.00087,-0.00061,-0.00035,-0.00055,-0.22767,-0.00067,-0.00068,-0.21654,-0.00066,-0.00069,-0.23073,-0.00073,-0.00067,-0.00067,-0.00064,-0.55101,-0.00034,-0.00035,-0.00038,-1.19649,-1.72919,-2.35317,-0.00014,-0.00004,-0.00002,-0.00014,-0.00006
2022,05,11,00:17:24.385,tr,0.000,0.000000,-0.000000,0.000000,-0.26728,-0.00080,-0.00063,-0.21656,-0.00088,-0.00057,-0.22878,-0.00085,-0.00072,-0.23187,-0.00087,-0.00058,-0.24464,-0.00089,-0.00058,-0.00037,-0.00051,-0.22763,-0.00066,-0.00074,-0.21663,-0.00067,-0.00072,-0.23080,-0.00079,-0.00071,-0.00077,-0.00061,-0.55145,-0.00032,-0.00035,-0.00041,-1.19092,-1.71908,-2.33886,-0.00007,-0.00001,-0.00001,-0.00005,-0.00006
2022,05,11,00:17:24.634,tr,0.000,0.000000,-0.000000,0.000000,-0.26740,-0.00077,-0.00064,-0.21646,-0.00082,-0.00062,-0.22892,-0.00085,-0.00079,-0.23194,-0.00086,-0.00062,-0.24465,-0.00086,-0.00061,-0.00037,-0.00058,-0.22768,-0.00064,-0.00074,-0.21665,-0.00059,-0.00069,-0.23073,-0.00077,-0.00068,-0.00067,-0.00062,-0.54834,-0.00038,-0.00039,-0.00039,-1.19434,-1.72604,-2.35644,-0.00015,-0.00003,-0.00003,-0.00009,-0.00016
2022,05,11,00:17:24.885,tr,0.000,0.000000,-0.000000,0.000000,-0.26751,-0.00086,-0.00061,-0.21665,-0.00089,-0.00061,-0.22895,-0.00083,-0.00075,-0.23191,-0.00087,-0.00063,-0.24467,-0.00086,-0.00069,-0.00034,-0.00051,-0.22775,-0.00066,-0.00075,-0.21668,-0.00070,-0.00071,-0.23080,-0.00080,-0.00071,-0.00075,-0.00063,-0.54890,-0.00035,-0.00039,-0.00041,-1.19136,-1.72099,-2.34254,-0.00013,-0.00004,-0.00002,-0.00007,-0.00005
2022,05,11,00:17:25.135,tr,0.000,0.000000,-0.000000,0.000000,-0.26754,-0.00083,-0.00063,-0.21665,-0.00080,-0.00060,-0.22894,-0.00092,-0.00077,-0.23195,-0.00089,-0.00062,-0.24473,-0.00086,-0.00061,-0.00038,-0.00051,-0.22775,-0.00064,-0.00072,-0.21677,-0.00069,-0.00071,-0.23083,-0.00075,-0.00067,-0.00072,-0.00060,-0.54907,-0.00030,-0.00039,-0.00036,-1.19438,-1.72472,-2.35391,-0.00019,-0.00001,-0.00003,-0.00008,-0.00017
2022,05,11,00:17:25.385,tr,0.000,0.000000,-0.000000,0.000000,-0.26765,-0.00083,-0.00064,-0.21670,-0.00083,-0.00062,-0.22900,-0.00082,-0.00080,-0.23194,-0.00089,-0.00060,-0.24476,-0.00079,-0.00057,-0.00040,-0.00052,-0.22779,-0.00060,-0.00071,-0.21680,-0.00071,-0.00077,-0.23092,-0.00079,-0.00073,-0.00080,-0.00060,-0.55022,-0.00032,-0.00043,-0.00039,-1.18999,-1.71951,-2.33710,-0.00011,-0.00004,-0.00004,-0.00005,-0.00011
2022,05,11,00:17:25.635,tr,0.000,0.000000,-0.000000,0.000000,-0.26767,-0.00082,-0.00059,-0.21672,-0.00082,-0.00060,-0.22902,-0.00087,-0.00076,-0.23192,-0.00088,-0.00064,-0.24480,-0.00087,-0.00060,-0.00037,-0.00055,-0.22786,-0.00066,-0.00076,-0.21684,-0.00066,-0.00069,-0.23093,-0.00078,-0.00067,-0.00074,-0.00056,-0.55098,-0.00032,-0.00034,-0.00038,-1.19230,-1.72462,-2.35032,-0.00017,-0.00007,-0.00002,-0.00008,-0.00011
2022,05,11,00:17:25.884,tr,0.000,0.000000,-0.000000,0.000000,-0.26772,-0.00088,-0.00061,-0.21676,-0.00084,-0.00065,-0.22906,-0.00083,-0.00072,-0.23193,-0.00083,-0.00063,-0.24483,-0.00085,-0.00062,-0.00035,-0.00053,-0.22792,-0.00065,-0.00077,-0.21685,-0.00065,-0.00077,-0.23098,-0.00075,-0.00069,-0.00075,-0.00064,-0.54679,-0.00032,-0.00038,-0.00042,-1.19574,-1.72203,-2.34030,-0.00011,-0.00000,-0.00009,-0.00001,-0.00005
2022,05,11,00:17:26.134,tr,0.000,0.000000,-0.000000,0.000000,-0.26781,-0.00085,-0.00060,-0.21679,-0.00083,-0.00060,-0.22909,-0.00086,-0.00077,-0.23197,-0.00089,-0.00063,-0.24488,-0.00084,-0.00062,-0.00036,-0.00053,-0.22792,-0.00066,-0.00069,-0.21690,-0.00066,-0.00075,-0.23098,-0.00071,-0.00068,-0.00073,-0.00061,-0.54805,-0.00027,-0.00038,-0.00036,-1.19619,-1.72763,-2.35524,-0.00014,0.00003,-0.00007,-0.00003,-0.00009
2022,05,11,00:17:26.385,tr,0.000,0.000000,-0.000000,0.000000,-0.26792,-0.00082,-0.00058,-0.21683,-0.00086,-0.00058,-0.22917,-0.00089,-0.00084,-0.23201,-0.00087,-0.00059,-0.24489,-0.00083,-0.00060,-0.00026,-0.00049,-0.22795,-0.00063,-0.00070,-0.21693,-0.00064,-0.00072,-0.23110,-0.00074,-0.00068,-0.00071,-0.00063,-0.55049,-0.00034,-0.00039,-0.00041,-1.19019,-1.72281,-2.34233,-0.00004,0.00003,-0.00001,-0.00007,-0.00006
2022,05,11,00:17:26.635,tr,0.000,0.000000,-0.000000,0.000000,-0.26798,-0.00083,-0.00058,-0.21680,-0.00087,-0.00062,-0.22920,-0.00082,-0.00082,-0.23199,-0.00087,-0.00068,-0.24491,-0.00089,-0.00062,-0.00040,-0.00052,-0.22803,-0.00068,-0.00074,-0.21697,-0.00068,-0.00072,-0.23110,-0.00076,-0.00067,-0.00074,-0.00060,-0.54885,-0.00025,-0.00035,-0.00036,-1.19308,-1.72520,-2.35200,-0.00019,-0.00005,-0.00000,-0.00012,-0.00015
2022,05,11,00:17:26.885,tr,0.000,0.000000,-0.000000,0.000000,-0.26811,-0.00081,-0.00062,-0.21693,-0.00087,-0.00058,-0.22922,-0.00090,-0.00073,-0.23201,-0.00085,-0.00058,-0.24498,-0.00086,-0.00059,-0.00027,-0.00050,-0.22799,-0.00067,-0.00069,-0.21701,-0.00069,-0.00069,-0.23117,-0.00080,-0.00072,-0.00077,-0.00068,-0.54618,-0.00036,-0.00038,-0.00044,-1.19131,-1.71948,-2.34252,-0.00007,-0.00002,-0.00001,-0.00012,-0.00012
2022,05,11,00:17:27.135,tr,0.000,0.000000,-0.000000,0.000000,-0.26813,-0.00085,-0.00060,-0.21690,-0.00086,-0.00067,-0.22927,-0.00084,-0.00073,-0.23205,-0.00087,-0.00065,-0.24503,-0.00083,-0.00067,-0.00036,-0.00059,-0.22808,-0.00065,-0.00073,-0.21699,-0.00062,-0.00070,-0.23119,-0.00078,-0.00071,-0.00069,-0.00058,-0.54786,-0.00032,-0.00036,-0.00034,-1.19390,-1.72542,-2.35606,-0.00013,-0.00000,-0.00006,-0.00009,-0.00011
2022,05,11,00:17:27.384,tr,0.000,0.000000,-0.000000,0.000000,-0.26824,-0.00084,-0.00057,-0.21694,-0.00084,-0.00061,-0.22932,-0.00082,-0.00075,-0.23204,-0.00086,-0.00066,-0.24505,-0.00088,-0.00062,-0.00039,-0.00052,-0.22806,-0.00062,-0.00074,-0.21712,-0.00069,-0.00075,-0.23126,-0.00070,-0.00074,-0.00078,-0.00065,-0.54631,-0.00036,-0.00041,-0.00044,-1.19094,-1.72069,-2.33749,-0.00017,-0.00005,-0.00001,-0.00005,-0.00007
2022,05,11,00:17:27.634,tr,0.000,0.000000,-0.000000,0.000000,-0.26832,-0.00083,-0.00057,-0.21701,-0.00087,-0.00063,-0.22931,-0.00088,-0.00072,-0.23207,-0.00085,-0.00065,-0.24509,-0.00085,-0.00068,-0.00043,-0.00053,-0.22818,-0.00067,-0.00074,-0.21710,-0.00064,-0.00076,-0.23128,-0.00075,-0.00067,-0.00074,-0.00061,-0.54907,-0.00038,-0.00038,-0.00035,-1.19289,-1.72395,-2.35265,-0.00018,-0.00001,-0.00002,-0.00012,-0.00011
2022,05,11,00:17:27.885,tr,0.000,0.000000,-0.000000,0.000000,-0.26843,-0.00082,-0.00061,-0.21704,-0.00085,-0.00056,-0.22937,-0.00086,-0.00075,-0.23209,-0.00079,-0.00063,-0.24510,-0.00087,-0.00066,-0.00034,-0.00052,-0.22817,-0.00066,-0.00077,-0.21713,-0.00066,-0.00073,-0.23134,-0.00076,-0.00071,-0.00072,-0.00065,-0.54747,-0.00035,-0.00040,-0.00035,-1.19088,-1.71862,-2.33802,-0.00010,-0.00007,-0.00001,-0.00006,-0.00010
2022,05,11,00:17:28.135,tr,0.000,0.000000,-0.000000,0.000000,-0.26845,-0.00082,-0.00057,-0.21707,-0.00079,-0.00063,-0.22942,-0.00084,-0.00078,-0.23210,-0.00085,-0.00067,-0.24515,-0.00088,-0.00063,-0.00039,-0.00056,-0.22825,-0.00064,-0.00072,-0.21720,-0.00070,-0.00073,-0.23139,-0.00075,-0.00067,-0.00067,-0.00065,-0.54627,-0.00032,-0.00035,-0.00040,-1.19186,-1.72267,-2.34991,-0.00019,-0.00005,-0.00005,-0.00004,-0.00010
2022,05,11,00:17:28.385,tr,0.000,0.000000,-0.000000,0.000000,-0.26857,-0.00082,-0.00060,-0.21716,-0.00088,-0.00059,-0.22944,-0.00087,-0.00079,-0.23217,-0.00084,-0.00061,-0.24519,-0.00083,-0.00060,-0.00033,-0.00050,-0.22825,-0.00065,-0.00071,-0.21722,-0.00063,-0.00078,-0.23141,-0.00076,-0.00073,-0.00071,-0.00062,-0.54665,-0.00032,-0.00038,-0.00046,-1.19572,-1.72111,-2.33768,-0.00011,-0.00004,-0.00007,-0.00002,-0.00012
2022,05,11,00:17:28.635,tr,0.000,0.000000,-0.000000,0.000000,-0.26862,-0.00081,-0.00057,-0.21710,-0.00085,-0.00061,-0.22945,-0.00094,-0.00074,-0.23217,-0.00088,-0.00063,-0.24525,-0.00090,-0.00064,-0.00034,-0.00057,-0.22833,-0.00064,-0.00069,-0.21727,-0.00063,-0.00072,-0.23142,-0.00074,-0.00065,-0.00068,-0.00063,-0.54546,-0.00032,-0.00037,-0.00039,-1.19379,-1.72699,-2.34985,-0.00009,-0.00007,-0.00005,-0.00004,-0.00011
2022,05,11,00:17:28.884,tr,0.000,0.000000,-0.000000,0.000000,-0.26870,-0.00084,-0.00057,-0.21717,-0.00083,-0.00061,-0.22949,-0.00089,-0.00076,-0.23208,-0.00079,-0.00060,-0.24523,-0.00087,-0.00059,-0.00034,-0.00054,-0.22827,-0.00065,-0.00074,-0.21733,-0.00067,-0.00073,-0.23151,-0.00077,-0.00072,-0.00074,-0.00059,-0.54907,-0.00033,-0.00043,-0.00043,-1.19153,-1.72087,-2.34193,-0.00004,0.00002,0.00003,-0.00013,-0.00006
2022,05,11,00:17:29.135,tr,0.000,0.000000,-0.000000,0.000000,-0.26876,-0.00080,-0.00062,-0.21720,-0.00081,-0.00062,-0.22956,-0.00086,-0.00077,-0.23214,-0.00086,-0.00061,-0.24528,-0.00084,-0.00059,-0.00038,-0.00052,-0.22837,-0.00071,-0.00074,-0.21734,-0.00061,-0.00070,-0.23149,-0.00075,-0.00069,-0.00072,-0.00056,-0.54647,-0.00035,-0.00034,-0.00037,-1.19317,-1.72428,-2.35587,-0.00013,-0.00004,-0.00003,-0.00002,-0.00013
2022,05,11,00:17:29.385,tr,0.000,0.000000,-0.000000,0.000000,-0.26886,-0.00079,-0.00061,-0.21719,-0.00084,-0.00058,-0.22956,-0.00082,-0.00073,-0.23217,-0.00085,-0.00059,-0.24532,-0.00083,-0.00058,-0.00031,-0.00051,-0.22840,-0.00062,-0.00073,-0.21742,-0.00068,-0.00076,-0.23156,-0.00081,-0.00067,-0.00080,-0.00061,-0.54789,-0.00035,-0.00040,-0.00042,-1.19226,-1.72058,-2.33627,-0.00009,-0.00002,-0.00005,-0.00004,-0.00007
2022,05,11,00:17:29.635,tr,0.000,0.000000,-0.000000,0.000000,-0.26893,-0.00082,-0.00061,-0.21728,-0.00086,-0.00065,-0.22958,-0.00083,-0.00076,-0.23219,-0.00090,-0.00063,-0.24539,-0.00083,-0.00064,-0.00033,-0.00054,-0.22843,-0.00063,-0.00072,-0.21744,-0.00067,-0.00073,-0.23156,-0.00073,-0.00070,-0.00071,-0.00058,-0.54791,-0.00035,-0.00040,-0.00035,-1.19380,-1.72589,-2.35166,-0.00016,-0.00002,-0.00000,-0.00010,-0.00015
2022,05,11,00:17:29.885,tr,0.000,0.000000,-0.000000,0.000000,-0.26901,-0.00082,-0.00063,-0.21733,-0.00086,-0.00066,-0.22968,-0.00086,-0.00074,-0.23216,-0.00089,-0.00059,-0.24542,-0.00078,-0.00057,-0.00036,-0.00049,-0.22842,-0.00060,-0.00069,-0.21748,-0.00068,-0.00069,-0.23169,-0.00078,-0.00075,-0.00072,-0.00059,-0.54790,-0.00031,-0.00045,-0.00037,-1.19140,-1.71895,-2.33766,-0.00010,0.00001,-0.00002,-0.00005,-0.00010
2022,05,11,00:17:30.134,tr,0.000,0.000000,-0.000000,0.000000,-0.26909,-0.00078,-0.00058,-0.21732,-0.00080,-0.00054,-0.22969,-0.00086,-0.00082,-0.23224,-0.00091,-0.00064,-0.24547,-0.00086,-0.00063,-0.00036,-0.00057,-0.22847,-0.00065,-0.00075,-0.21749,-0.00070,-0.00067,-0.23165,-0.00078,-0.00070,-0.00071,-0.00060,-0.54713,-0.00028,-0.00036,-0.00038,-1.18929,-1.71952,-2.34679,-0.00010,-0.00010,-0.00001,-0.00004,-0.00013
2022,05,11,00:17:30.384,tr,0.000,0.000000,-0.000000,0.000000,-0.26920,-0.00082,-0.00057,-0.21742,-0.00086,-0.00059,-0.22973,-0.00082,-0.00070,-0.23221,-0.00079,-0.00064,-0.24545,-0.00092,-0.00060,-0.00030,-0.00051,-0.22854,-0.00061,-0.00071,-0.21754,-0.00066,-0.00073,-0.23178,-0.00075,-0.00071,-0.00070,-0.00061,-0.54652,-0.00033,-0.00038,-0.00043,-1.19367,-1.72012,-2.33539,-0.00006,-0.00004,-0.00003,-0.00003,-0.00007
2022,05,11,00:17:30.635,tr,0.000,0.000000,-0.000000,0.000000,-0.26921,-0.00076,-0.00060,-0.21740,-0.00081,-0.00064,-0.22983,-0.00087,-0.00076,-0.23233,-0.00085,-0.00065,-0.24555,-0.00091,-0.00059,-0.00042,-0.00055,-0.22855,-0.00065,-0.00073,-0.21759,-0.00063,-0.00068,-0.23174,-0.00074,-0.00074,-0.00075,-0.00062,-0.54651,-0.00035,-0.00036,-0.00036,-1.19646,-1.72581,-2.35051,-0.00015,-0.00004,-0.00006,-0.00003,-0.00010
2022,05,11,00:17:30.885,tr,0.000,0.000000,-0.000000,0.000000,-0.26934,-0.00081,-0.00062,-0.21743,-0.00087,-0.00059,-0.22985,-0.00086,-0.00075,-0.23228,-0.00081,-0.00058,-0.24555,-0.00082,-0.00057,-0.00034,-0.00052,-0.22857,-0.00064,-0.00074,-0.21763,-0.00071,-0.00077,-0.23183,-0.00071,-0.00064,-0.00077,-0.00060,-0.54821,-0.00033,-0.00038,-0.00042,-1.19008,-1.72129,-2.33572,-0.00013,-0.00002,-0.00003,-0.00013,-0.00005
2022,05,11,00:17:31.135,tr,0.000,0.000000,-0.000000,0.000000,-0.26942,-0.00080,-0.00057,-0.21747,-0.00084,-0.00067,-0.22984,-0.00085,-0.00080,-0.23234,-0.00083,-0.00061,-0.24565,-0.00088,-0.00062,-0.00036,-0.00055,-0.22863,-0.00067,-0.00068,-0.21759,-0.00061,-0.00070,-0.23184,-0.00077,-0.00071,-0.00073,-0.00057,-0.55108,-0.00031,-0.00036,-0.00034,-1.18993,-1.72335,-2.35017,-0.00013,0.00000,-0.00002,-0.00009,-0.00007
2022,05,11,00:17:31.385,tr,0.000,0.000000,-0.000000,0.000000,-0.26953,-0.00085,-0.00059,-0.21760,-0.00085,-0.00060,-0.22988,-0.00086,-0.00081,-0.23231,-0.00080,-0.00060,-0.24565,-0.00083,-0.00060,-0.00034,-0.00051,-0.22860,-0.00065,-0.00067,-0.21774,-0.00069,-0.00076,-0.23190,-0.00075,-0.00069,-0.00078,-0.00060,-0.54872,-0.00036,-0.00037,-0.00039,-1.18985,-1.71613,-2.33986,-0.00009,-0.00007,0.00003,-0.00009,-0.00008
2022,05,11,00:17:31.634,tr,0.000,0.000000,-0.000000,0.000000,-0.26953,-0.00079,-0.00058,-0.21751,-0.00087,-0.00064,-0.22992,-0.00088,-0.00072,-0.23237,-0.00085,-0.00062,-0.24571,-0.00086,-0.00061,-0.00036,-0.00056,-0.22870,-0.00068,-0.00073,-0.21777,-0.00067,-0.00071,-0.23195,-0.00076,-0.00065,-0.00067,-0.00060,-0.54780,-0.00037,-0.00034,-0.00034,-1.19695,-1.72859,-2.35498,-0.00016,-0.00002,-0.00003,-0.00003,-0.00012
2022,05,11,00:17:31.884,tr,0.000,0.000000,-0.000000,0.000000,-0.26966,-0.00086,-0.00059,-0.21759,-0.00079,-0.00061,-0.22997,-0.00085,-0.00072,-0.23236,-0.00087,-0.00059,-0.24570,-0.00084,-0.00064,-0.00033,-0.00054,-0.22874,-0.00060,-0.00072,-0.21783,-0.00068,-0.00069,-0.23200,-0.00077,-0.00070,-0.00076,-0.00057,-0.54578,-0.00036,-0.00038,-0.00038,-1.19362,-1.72184,-2.33954,-0.00010,0.00002,-0.00005,-0.00004,-0.00005
2022,05,11,00:17:32.135,tr,0.000,0.000000,-0.000000,0.000000,-0.26972,-0.00078,-0.00060,-0.21758,-0.00083,-0.00058,-0.22998,-0.00088,-0.00077,-0.23238,-0.00087,-0.00064,-0.24574,-0.00088,-0.00062,-0.00043,-0.00054,-0.22880,-0.00063,-0.00072,-0.21778,-0.00068,-0.00071,-0.23200,-0.00076,-0.00069,-0.00075,-0.00060,-0.54616,-0.00034,-0.00038,-0.00036,-1.19381,-1.72465,-2.35130,-0.00020,-0.00004,-0.00008,-0.00005,-0.00010
2022,05,11,00:17:32.385,tr,0.000,0.000000,-0.000000,0.000000,-0.26979,-0.00084,-0.00063,-0.21766,-0.00081,-0.00060,-0.23003,-0.00085,-0.00074,-0.23235,-0.00087,-0.00057,-0.24577,-0.00086,-0.00063,-0.00035,-0.00053,-0.22883,-0.00063,-0.00073,-0.21787,-0.00067,-0.00073,-0.23210,-0.00076,-0.00069,-0.00073,-0.00067,-0.54557,-0.00029,-0.00040,-0.00039,-1.19209,-1.72140,-2.33769,-0.00010,-0.00005,0.00005,-0.00006,-0.00007
2022,05,11,00:17:32.635,tr,0.000,0.000000,-0.000000,0.000000,-0.26986,-0.00082,-0.00057,-0.21772,-0.00082,-0.00064,-0.23007,-0.00088,-0.00073,-0.23242,-0.00090,-0.00071,-0.24585,-0.00086,-0.00064,-0.00038,-0.00052,-0.22886,-0.00063,-0.00073,-0.21786,-0.00067,-0.00071,-0.23216,-0.00073,-0.00069,-0.00070,-0.00055,-0.54981,-0.00032,-0.00035,-0.00041,-1.19249,-1.72242,-2.35043,-0.00011,-0.00006,-0.00009,-0.00004,-0.00010
2022,05,11,00:17:32.884,tr,0.000,0.000000,-0.000000,0.000000,-0.27001,-0.00086,-0.00058,-0.21777,-0.00086,-0.00053,-0.23010,-0.00088,-0.00078,-0.23239,-0.00083,-0.00062,-0.24588,-0.00085,-0.00059,-0.00034,-0.00053,-0.22882,-0.00062,-0.00075,-0.21793,-0.00067,-0.00070,-0.23213,-0.00076,-0.00073,-0.00073,-0.00061,-0.54832,-0.00031,-0.00040,-0.00036,-1.19525,-1.72464,-2.34035,-0.00009,-0.00003,-0.00007,-0.00004,-0.00002
2022,05,11,00:17:33.134,tr,0.000,0.000000,-0.000000,0.000000,-0.27003,-0.00083,-0.00061,-0.21778,-0.00082,-0.00061,-0.23017,-0.00093,-0.00080,-0.23243,-0.00089,-0.00063,-0.24592,-0.00085,-0.00063,-0.00037,-0.00052,-0.22891,-0.00065,-0.00072,-0.21800,-0.00065,-0.00072,-0.23223,-0.00073,-0.00067,-0.00071,-0.00060,-0.54925,-0.00032,-0.00039,-0.00036,-1.19330,-1.72778,-2.35309,-0.00015,-0.00003,0.00000,-0.00008,-0.00010
2022,05,11,00:17:33.385,tr,0.000,0.000000,-0.000000,0.000000,-0.27013,-0.00083,-0.00063,-0.21788,-0.00084,-0.00059,-0.23013,-0.00084,-0.00078,-0.23242,-0.00081,-0.00061,-0.24589,-0.00090,-0.00063,-0.00038,-0.00055,-0.22895,-0.00068,-0.00071,-0.21802,-0.00060,-0.00076,-0.23223,-0.00078,-0.00071,-0.00071,-0.00061,-0.54988,-0.00031,-0.00036,-0.00039,-1.19163,-1.72152,-2.34124,-0.00006,-0.00004,-0.00002,-0.00009,-0.00010
2022,05,11,00:17:33.635,tr,0.000,0.000000,-0.000000,0.000000,-0.27015,-0.00078,-0.00055,-0.21781,-0.00082,-0.00063,-0.23024,-0.00088,-0.00081,-0.23251,-0.00086,-0.00063,-0.24597,-0.00088,-0.00064,-0.00037,-0.00053,-0.22900,-0.00065,-0.00074,-0.21805,-0.00063,-0.00068,-0.23228,-0.00077,-0.00066,-0.00066,-0.00059,-0.54849,-0.00037,-0.00038,-0.00038,-1.19409,-1.72729,-2.35612,-0.00014,-0.00000,-0.00007,-0.00007,-0.00013
2022,05,11,00:17:33.885,tr,0.000,0.000000,-0.000000,0.000000,-0.27030,-0.00082,-0.00062,-0.21792,-0.00088,-0.00059,-0.23022,-0.00087,-0.00083,-0.23251,-0.00081,-0.00062,-0.24597,-0.00088,-0.00057,-0.00035,-0.00049,-0.22906,-0.00065,-0.00072,-0.21811,-0.00067,-0.00073,-0.23233,-0.00077,-0.00069,-0.00076,-0.00063,-0.54826,-0.00034,-0.00038,-0.00050,-1.19433,-1.72275,-2.34087,-0.00011,0.00001,-0.00005,-0.00000,-0.00012
2022,05,11,00:17:34.135,tr,0.000,0.000000,-0.000000,0.000000,-0.27035,-0.00082,-0.00056,-0.21790,-0.00080,-0.00061,-0.23029,-0.00087,-0.00075,-0.23249,-0.00087,-0.00063,-0.24607,-0.00086,-0.00063,-0.00039,-0.00050,-0.22908,-0.00070,-0.00073,-0.21811,-0.00061,-0.00069,-0.23234,-0.00074,-0.00068,-0.00070,-0.00059,-0.54710,-0.00030,-0.00040,-0.00039,-1.19419,-1.72735,-2.35555,-0.00020,0.00002,-0.00008,-0.00005,-0.00010
2022,05,11,00:17:34.384,tr,0.000,0.000000,-0.000000,0.000000,-0.27046,-0.00084,-0.00063,-0.21796,-0.00084,-0.00064,-0.23032,-0.00087,-0.00076,-0.23246,-0.00081,-0.00062,-0.24607,-0.00086,-0.00064,-0.00038,-0.00055,-0.22909,-0.00062,-0.00073,-0.21819,-0.00070,-0.00076,-0.23243,-0.00077,-0.00074,-0.00074,-0.00063,-0.55002,-0.00036,-0.00038,-0.00036,-1.19192,-1.71931,-2.34011,-0.00005,-0.00004,0.00001,-0.00005,-0.00009
2022,05,11,00:17:34.634,tr,0.000,0.000000,-0.000000,0.000000,-0.27050,-0.00080,-0.00058,-0.21795,-0.00082,-0.00063,-0.23036,-0.00087,-0.00073,-0.23254,-0.00090,-0.00065,-0.24611,-0.00087,-0.00062,-0.00035,-0.00052,-0.22916,-0.00064,-0.00072,-0.21822,-0.00068,-0.00071,-0.23244,-0.00074,-0.00067,-0.00072,-0.00060,-0.54828,-0.00030,-0.00034,-0.00040,-1.19211,-1.72282,-2.35063,-0.00014,-0.00007,-0.00001,-0.00008,-0.00009
2022,05,11,00:17:34.885,tr,0.000,0.000000,-0.000000,0.000000,-0.27059,-0.00084,-0.00058,-0.21805,-0.00086,-0.00061,-0.23037,-0.00086,-0.00074,-0.23252,-0.00082,-0.00065,-0.24612,-0.00084,-0.00061,-0.00035,-0.00049,-0.22918,-0.00067,-0.00071,-0.21829,-0.00066,-0.00075,-0.23249,-0.00077,-0.00073,-0.00069,-0.00062,-0.53823,-0.00033,-0.00036,-0.00040,-1.19298,-1.71792,-2.33609,-0.00012,-0.00002,-0.00002,-0.00004,-0.00006
2022,05,11,00:17:35.135,tr,0.000,0.000000,-0.000000,0.000000,-0.27062,-0.00083,-0.00060,-0.21803,-0.00075,-0.00065,-0.23043,-0.00088,-0.00075,-0.23256,-0.00085,-0.00064,-0.24625,-0.00087,-0.00062,-0.00033,-0.00058,-0.22918,-0.00063,-0.00071,-0.21830,-0.00067,-0.00078,-0.23254,-0.00075,-0.00074,-0.00070,-0.00066,-0.54607,-0.00032,-0.00034,-0.00036,-1.19793,-1.72932,-2.35506,-0.00014,-0.00005,-0.00011,-0.00004,-0.00009
2022,05,11,00:17:35.385,tr,0.000,0.000000,-0.000000,0.000000,-0.27078,-0.00076,-0.00061,-0.21810,-0.00086,-0.00058,-0.23049,-0.00087,-0.00069,-0.23256,-0.00084,-0.00058,-0.24621,-0.00084,-0.00057,-0.00031,-0.00049,-0.22924,-0.00064,-0.00078,-0.21835,-0.00071,-0.00075,-0.23257,-0.00078,-0.00072,-0.00072,-0.00068,-0.54651,-0.00033,-0.00039,-0.00042,-1.19607,-1.72501,-2.33965,-0.00013,0.00001,-0.00005,-0.00009,-0.00005
2022,05,11,00:17:35.635,tr,0.000,0.000000,-0.000000,0.000000,-0.27078,-0.00086,-0.00067,-0.21812,-0.00079,-0.00064,-0.23052,-0.00089,-0.00072,-0.23263,-0.00085,-0.00064,-0.24628,-0.00092,-0.00069,-0.00037,-0.00057,-0.22933,-0.00064,-0.00073,-0.21837,-0.00064,-0.00073,-0.23264,-0.00075,-0.00073,-0.00070,-0.00058,-0.55132,-0.00030,-0.00037,-0.00039,-1.19335,-1.72821,-2.35610,-0.00011,-0.00003,-0.00003,-0.00008,-0.00010
2022,05,11,00:17:35.884,tr,0.000,0.000000,-0.000000,0.000000,-0.27087,-0.00085,-0.00061,-0.21820,-0.00086,-0.00055,-0.23053,-0.00084,-0.00079,-0.23255,-0.00081,-0.00063,-0.24627,-0.00088,-0.00060,-0.00030,-0.00053,-0.22929,-0.00065,-0.00070,-0.21845,-0.00070,-0.00070,-0.23269,-0.00079,-0.00069,-0.00075,-0.00062,-0.53757,-0.00032,-0.00038,-0.00039,-1.19215,-1.72082,-2.34436,-0.00011,0.00001,-0.00000,-0.00004,-0.00010
2022,05,11,00:17:36.134,tr,0.000,0.000000,-0.000000,0.000000,-0.27094,-0.00084,-0.00054,-0.21817,-0.00086,-0.00055,-0.23058,-0.00087,-0.00077,-0.23263,-0.00090,-0.00064,-0.24639,-0.00081,-0.00067,-0.00035,-0.00055,-0.22929,-0.00062,-0.00074,-0.21844,-0.00066,-0.00070,-0.23270,-0.00080,-0.00070,-0.00067,-0.00058,-0.54864,-0.00029,-0.00042,-0.00039,-1.19634,-1.72885,-2.35576,-0.00014,-0.00001,-0.00003,-0.00009,-0.00011
2022,05,11,00:17:36.385,tr,0.000,0.000000,-0.000000,0.000000,-0.27101,-0.00086,-0.00060,-0.21826,-0.00090,-0.00062,-0.23061,-0.00084,-0.00075,-0.23258,-0.00084,-0.00060,-0.24635,-0.00087,-0.00060,-0.00040,-0.00054,-0.22935,-0.00065,-0.00076,-0.21853,-0.00071,-0.00076,-0.23274,-0.00074,-0.00072,-0.00074,-0.00058,-0.54929,-0.00037,-0.00041,-0.00040,-1.19273,-1.72102,-2.33823,-0.00011,-0.00002,-0.00000,-0.00001,-0.00010
2022,05,11,00:17:36.635,tr,0.000,0.000000,-0.000000,0.000000,-0.27109,-0.00087,-0.00064,-0.21828,-0.00082,-0.00057,-0.23069,-0.00088,-0.00070,-0.23268,-0.00085,-0.00065,-0.24642,-0.00087,-0.00066,-0.00039,-0.00059,-0.22945,-0.00069,-0.00072,-0.21856,-0.00064,-0.00070,-0.23281,-0.00081,-0.00072,-0.00072,-0.00060,-0.54885,-0.00028,-0.00039,-0.00040,-1.19252,-1.72263,-2.35024,-0.00019,-0.00005,-0.00007,-0.00007,-0.00010
2022,05,11,00:17:36.885,tr,0.000,0.000000,-0.000000,0.000000,-0.27124,-0.00085,-0.00063,-0.21835,-0.00082,-0.00059,-0.23069,-0.00087,-0.00074,-0.23265,-0.00088,-0.00061,-0.24644,-0.00088,-0.00063,-0.00035,-0.00050,-0.22941,-0.00063,-0.00077,-0.21858,-0.00069,-0.00076,-0.23289,-0.00072,-0.00070,-0.00076,-0.00064,-0.54781,-0.00030,-0.00043,-0.00040,-1.19136,-1.71755,-2.33430,-0.00010,-0.00004,0.00001,-0.00001,-0.00006
2022,05,11,00:17:37.134,tr,0.000,0.000000,-0.000000,0.000000,-0.27125,-0.00082,-0.00057,-0.21834,-0.00085,-0.00063,-0.23072,-0.00086,-0.00074,-0.23268,-0.00085,-0.00064,-0.24647,-0.00090,-0.00062,-0.00033,-0.00055,-0.22950,-0.00069,-0.00076,-0.21860,-0.00067,-0.00069,-0.23285,-0.00074,-0.00071,-0.00068,-0.00062,-0.54485,-0.00031,-0.00034,-0.00040,-1.19506,-1.72196,-2.34971,-0.00015,0.00001,-0.00007,-0.00008,-0.00009
2022,05,11,00:17:37.384,tr,0.000,0.000000,-0.000000,0.000000,-0.27136,-0.00089,-0.00061,-0.21839,-0.00082,-0.00063,-0.23078,-0.00085,-0.00070,-0.23267,-0.00084,-0.00065,-0.24653,-0.00089,-0.00061,-0.00036,-0.00055,-0.22949,-0.00064,-0.00075,-0.21868,-0.00067,-0.00072,-0.23293,-0.00079,-0.00072,-0.00078,-0.00067,-0.54527,-0.00033,-0.00042,-0.00040,-1.19522,-1.72527,-2.34185,-0.00012,-0.00002,-0.00004,-0.00006,-0.00006
2022,05,11,00:17:37.635,tr,0.000,0.000000,-0.000000,0.000000,-0.27143,-0.00081,-0.00056,-0.21839,-0.00084,-0.00058,-0.23083,-0.00088,-0.00079,-0.23273,-0.00085,-0.00062,-0.24662,-0.00086,-0.00063,-0.00035,-0.00058,-0.22959,-0.00069,-0.00070,-0.21865,-0.00066,-0.00071,-0.23293,-0.00077,-0.00067,-0.00076,-0.00062,-0.54828,-0.00027,-0.00035,-0.00035,-1.19485,-1.72970,-2.35284,-0.00016,0.00001,-0.00003,-0.00011,-0.00010
2022,05,11,00:17:37.885,tr,0.000,0.000000,-0.000000,0.000000,-0.27154,-0.00084,-0.00062,-0.21850,-0.00083,-0.00060,-0.23086,-0.00088,-0.00070,-0.23270,-0.00087,-0.00060,-0.24657,-0.00089,-0.00063,-0.00029,-0.00053,-0.22953,-0.00064,-0.00071,-0.21873,-0.00068,-0.00073,-0.23304,-0.00076,-0.00074,-0.00075,-0.00062,-0.54953,-0.00037,-0.00035,-0.00043,-1.19239,-1.72422,-2.33965,-0.00010,-0.00002,0.00002,-0.00010,-0.00005
2022,05,11,00:17:38.135,tr,0.000,0.000000,-0.000000,0.000000,-0.27155,-0.00084,-0.00060,-0.21848,-0.00084,-0.00058,-0.23090,-0.00091,-0.00080,-0.23277,-0.00087,-0.00063,-0.24665,-0.00091,-0.00065,-0.00043,-0.00056,-0.22963,-0.00068,-0.00067,-0.21879,-0.00063,-0.00067,-0.23305,-0.00075,-0.00072,-0.00077,-0.00063,-0.54602,-0.00030,-0.00035,-0.00038,-1.19246,-1.72567,-2.35601,-0.00012,-0.00003,-0.00005,-0.00009,-0.00012
2022,05,11,00:17:38.385,tr,0.000,0.000000,-0.000000,0.000000,-0.27168,-0.00080,-0.00063,-0.21858,-0.00081,-0.00057,-0.23088,-0.00085,-0.00077,-0.23276,-0.00082,-0.00062,-0.24658,-0.00087,-0.00064,-0.00038,-0.00053,-0.22966,-0.00065,-0.00075,-0.21883,-0.00070,-0.00076,-0.23314,-0.00073,-0.00072,-0.00079,-0.00061,-0.54848,-0.00036,-0.00045,-0.00041,-1.19241,-1.72210,-2.34034,-0.00009,-0.00001,-0.00002,-0.00005,-0.00013
2022,05,11,00:17:38.634,tr,0.000,0.000000,-0.000000,0.000000,-0.27170,-0.00078,-0.00055,-0.21851,-0.00089,-0.00061,-0.23094,-0.00084,-0.00078,-0.23282,-0.00087,-0.00063,-0.24668,-0.00088,-0.00059,-0.00038,-0.00053,-0.22969,-0.00068,-0.00072,-0.21886,-0.00065,-0.00073,-0.23313,-0.00078,-0.00070,-0.00075,-0.00061,-0.54676,-0.00032,-0.00035,-0.00038,-1.19402,-1.72466,-2.35139,-0.00019,-0.00007,-0.00007,-0.00007,-0.00013
2022,05,11,00:17:38.884,tr,0.000,0.000000,-0.000000,0.000000,-0.27182,-0.00079,-0.00059,-0.21857,-0.00083,-0.00061,-0.23102,-0.00086,-0.00075,-0.23278,-0.00085,-0.00059,-0.24670,-0.00083,-0.00060,-0.00033,-0.00054,-0.22970,-0.00069,-0.00074,-0.21888,-0.00066,-0.00073,-0.23318,-0.00077,-0.00076,-0.00076,-0.00059,-0.54733,-0.00035,-0.00041,-0.00041,-1.19296,-1.71947,-2.33708,-0.00013,-0.00005,0.00002,-0.00006,-0.00006
2022,05,11,00:17:39.135,tr,0.000,0.000000,-0.000000,0.000000,-0.27192,-0.00086,-0.00060,-0.21859,-0.00087,-0.00063,-0.23104,-0.00088,-0.00078,-0.23282,-0.00089,-0.00058,-0.24679,-0.00087,-0.00064,-0.00035,-0.00057,-0.22981,-0.00068,-0.00066,-0.21893,-0.00065,-0.00071,-0.23319,-0.00071,-0.00072,-0.00074,-0.00062,-0.54605,-0.00035,-0.00044,-0.00038,-1.19410,-1.72489,-2.34880,-0.00009,-0.00008,-0.00001,-0.00011,-0.00011
2022,05,11,00:17:39.385,tr,0.000,0.000000,-0.000000,0.000000,-0.27196,-0.00079,-0.00059,-0.21867,-0.00083,-0.00060,-0.23107,-0.00090,-0.00073,-0.23280,-0.00086,-0.00060,-0.24681,-0.00082,-0.00059,-0.00033,-0.00053,-0.22978,-0.00062,-0.00076,-0.21900,-0.00069,-0.00078,-0.23324,-0.00077,-0.00074,-0.00074,-0.00066,-0.54565,-0.00033,-0.00042,-0.00040,-1.19116,-1.71687,-2.33433,-0.00008,-0.00005,-0.00001,0.00000,-0.00007
2022,05,11,00:17:39.635,tr,0.000,0.000000,-0.000000,0.000000,-0.27198,-0.00083,-0.00062,-0.21865,-0.00085,-0.00063,-0.23111,-0.00091,-0.00080,-0.23288,-0.00087,-0.00065,-0.24687,-0.00085,-0.00065,-0.00035,-0.00057,-0.22989,-0.00069,-0.00076,-0.21899,-0.00066,-0.00073,-0.23328,-0.00078,-0.00071,-0.00075,-0.00061,-0.54582,-0.00030,-0.00038,-0.00039,-1.19908,-1.73032,-2.35478,-0.00011,-0.00001,-0.00012,-0.00004,-0.00006
2022,05,11,00:17:39.885,tr,0.000,0.000000,-0.000000,0.000000,-0.27212,-0.00091,-0.00063,-0.21871,-0.00085,-0.00057,-0.23118,-0.00084,-0.00076,-0.23284,-0.00085,-0.00063,-0.24685,-0.00084,-0.00061,-0.00039,-0.00057,-0.22986,-0.00063,-0.00073,-0.21903,-0.00069,-0.00076,-0.23338,-0.00079,-0.00069,-0.00077,-0.00064,-0.54347,-0.00030,-0.00037,-0.00039,-1.19382,-1.72252,-2.33820,-0.00014,-0.00001,-0.00005,-0.00004,-0.00011
2022,05,11,00:17:40.134,tr,0.000,0.000000,-0.000000,0.000000,-0.27217,-0.00082,-0.00062,-0.21875,-0.00079,-0.00060,-0.23115,-0.00091,-0.00076,-0.23293,-0.00091,-0.00067,-0.24689,-0.00091,-0.00062,-0.00037,-0.00056,-0.22990,-0.00067,-0.00075,-0.21909,-0.00065,-0.00068,-0.23337,-0.00077,-0.00071,-0.00074,-0.00059,-0.55117,-0.00028,-0.00035,-0.00040,-1.19411,-1.72806,-2.35114,-0.00012,-0.00007,-0.00005,-0.00008,-0.00011
2022,05,11,00:17:40.384,tr,0.000,0.000000,-0.000000,0.000000,-0.27225,-0.00079,-0.00064,-0.21882,-0.00089,-0.00060,-0.23122,-0.00085,-0.00073,-0.23293,-0.00085,-0.00063,-0.24690,-0.00086,-0.00059,-0.00034,-0.00051,-0.22993,-0.00066,-0.00075,-0.21914,-0.00071,-0.00076,-0.23340,-0.00079,-0.00070,-0.00072,-0.00060,-0.55147,-0.00034,-0.00041,-0.00038,-1.19156,-1.71978,-2.34042,-0.00009,-0.00003,-0.00008,-0.00001,-0.00011
2022,05,11,00:17:40.635,tr,0.000,0.000000,-0.000000,0.000000,-0.27232,-0.00080,-0.00060,-0.21882,-0.00080,-0.00064,-0.23128,-0.00087,-0.00076,-0.23295,-0.00084,-0.00065,-0.24702,-0.00088,-0.00065,-0.00038,-0.00051,-0.23000,-0.00072,-0.00072,-0.21908,-0.00059,-0.00077,-0.23344,-0.00077,-0.00068,-0.00069,-0.00062,-0.54885,-0.00034,-0.00038,-0.00039,-1.19459,-1.72804,-2.35424,-0.00012,-0.00004,-0.00004,-0.00009,-0.00014
2022,05,11,00:17:40.885,tr,0.000,0.000000,-0.000000,0.000000,-0.27238,-0.00081,-0.00057,-0.21886,-0.00089,-0.00060,-0.23129,-0.00090,-0.00072,-0.23291,-0.00081,-0.00055,-0.24704,-0.00084,-0.00063,-0.00039,-0.00053,-0.22997,-0.00066,-0.00074,-0.21923,-0.00065,-0.00071,-0.23346,-0.00081,-0.00073,-0.00072,-0.00061,-0.54905,-0.00033,-0.00040,-0.00044,-1.19278,-1.72084,-2.33750,-0.00012,-0.00001,-0.00004,0.00002,-0.00005
2022,05,11,00:17:41.135,tr,0.000,0.000000,-0.000000,0.000000,-0.27250,-0.00077,-0.00057,-0.21885,-0.00084,-0.00063,-0.23134,-0.00086,-0.00073,-0.23291,-0.00086,-0.00062,-0.24707,-0.00091,-0.00066,-0.00039,-0.00053,-0.23008,-0.00068,-0.00071,-0.21922,-0.00064,-0.00067,-0.23349,-0.00080,-0.00065,-0.00073,-0.00062,-0.54888,-0.00029,-0.00037,-0.00036,-1.19333,-1.72694,-2.35042,-0.00018,0.00000,-0.00007,-0.00005,-0.00005
2022,05,11,00:17:41.384,tr,0.000,0.000000,-0.000000,0.000000,-0.27259,-0.00088,-0.00062,-0.21896,-0.00086,-0.00057,-0.23135,-0.00088,-0.00076,-0.23291,-0.00084,-0.00061,-0.24705,-0.00085,-0.00065,-0.00033,-0.00048,-0.23007,-0.00060,-0.00080,-0.21928,-0.00067,-0.00076,-0.23361,-0.00078,-0.00067,-0.00070,-0.00063,-0.54765,-0.00034,-0.00039,-0.00047,-1.19183,-1.72284,-2.33745,-0.00010,-0.00006,-0.00002,-0.00005,-0.00008
2022,05,11,00:17:41.634,tr,0.000,0.000000,-0.000000,0.000000,-0.27261,-0.00080,-0.00057,-0.21892,-0.00082,-0.00058,-0.23140,-0.00087,-0.00082,-0.23297,-0.00087,-0.00065,-0.24718,-0.00088,-0.00062,-0.00036,-0.00054,-0.23011,-0.00066,-0.00073,-0.21932,-0.00066,-0.00074,-0.23359,-0.00074,-0.00069,-0.00073,-0.00054,-0.54738,-0.00030,-0.00033,-0.00043,-1.19161,-1.72221,-2.34616,-0.00018,-0.00005,-0.00000,-0.00006,-0.00007
2022,05,11,00:17:41.885,tr,0.000,0.000000,-0.000000,0.000000,-0.27265,-0.00083,-0.00057,-0.21902,-0.00086,-0.00059,-0.23141,-0.00088,-0.00071,-0.23296,-0.00084,-0.00062,-0.24714,-0.00085,-0.00062,-0.00031,-0.00054,-0.23013,-0.00062,-0.00071,-0.21941,-0.00065,-0.00070,-0.23364,-0.00080,-0.00065,-0.00073,-0.00066,-0.54583,-0.00034,-0.00037,-0.00039,-1.19590,-1.72286,-2.33924,-0.00001,-0.00002,-0.00005,-0.00007,-0.00010
2022,05,11,00:17:42.135,tr,0.000,0.000000,-0.000000,0.000000,-0.27281,-0.00080,-0.00059,-0.21903,-0.00079,-0.00063,-0.23145,-0.00087,-0.00079,-0.23302,-0.00086,-0.00066,-0.24724,-0.00087,-0.00066,-0.00033,-0.00050,-0.23016,-0.00067,-0.00070,-0.21940,-0.00065,-0.00068,-0.23370,-0.00072,-0.00067,-0.00073,-0.00064,-0.54401,-0.00035,-0.00034,-0.00043,-1.19469,-1.73029,-2.35023,-0.00017,-0.00004,-0.00003,-0.00007,-0.00008
2022,05,11,00:17:42.385,tr,0.000,0.000000,-0.000000,0.000000,-0.27287,-0.00082,-0.00060,-0.21916,-0.00087,-0.00061,-0.23147,-0.00088,-0.00076,-0.23303,-0.00082,-0.00061,-0.24720,-0.00087,-0.00058,-0.00036,-0.00052,-0.23022,-0.00062,-0.00077,-0.21948,-0.00067,-0.00078,-0.23371,-0.00079,-0.00064,-0.00072,-0.00067,-0.55209,-0.00035,-0.00040,-0.00042,-1.19396,-1.72542,-2.34341,-0.00007,0.00002,-0.00000,-0.00012,-0.00004
2022,05,11,00:17:42.635,tr,0.000,0.000000,-0.000000,0.000000,-0.27293,-0.00079,-0.00058,-0.21911,-0.00085,-0.00060,-0.23153,-0.00088,-0.00079,-0.23303,-0.00084,-0.00062,-0.24730,-0.00086,-0.00068,-0.00034,-0.00054,-0.23020,-0.00068,-0.00075,-0.21947,-0.00065,-0.00071,-0.23375,-0.00071,-0.00066,-0.00069,-0.00062,-0.54911,-0.00029,-0.00039,-0.00033,-1.19394,-1.72799,-2.35666,-0.00013,-0.00003,-0.00006,-0.00006,-0.00009
2022,05,11,00:17:42.884,tr,0.000,0.000000,-0.000000,0.000000,-0.27302,-0.00083,-0.00065,-0.21919,-0.00082,-0.00057,-0.23156,-0.00082,-0.00075,-0.23306,-0.00084,-0.00064,-0.24728,-0.00083,-0.00064,-0.00039,-0.00051,-0.23022,-0.00064,-0.00076,-0.21949,-0.00070,-0.00069,-0.23384,-0.00079,-0.00070,-0.00072,-0.00060,-0.54807,-0.00043,-0.00038,-0.00041,-1.19290,-1.72128,-2.34084,-0.00008,-0.00001,0.00000,-0.00004,-0.00015
2022,05,11,00:17:43.134,tr,0.000,0.000000,-0.000000,0.000000,-0.27305,-0.00082,-0.00056,-0.21915,-0.00088,-0.00067,-0.23158,-0.00088,-0.00076,-0.23308,-0.00091,-0.00061,-0.24733,-0.00082,-0.00065,-0.00035,-0.00057,-0.23033,-0.00065,-0.00072,-0.21950,-0.00069,-0.00067,-0.23385,-0.00074,-0.00066,-0.00068,-0.00057,-0.54869,-0.00034,-0.00041,-0.00036,-1.19394,-1.72749,-2.35475,-0.00017,0.00001,-0.00005,-0.00006,-0.00011
2022,05,11,00:17:43.385,tr,0.000,0.000000,-0.000000,0.000000,-0.27316,-0.00085,-0.00062,-0.21919,-0.00085,-0.00064,-0.23164,-0.00086,-0.00076,-0.23309,-0.00087,-0.00063,-0.24735,-0.00091,-0.00059,-0.00035,-0.00052,-0.23034,-0.00057,-0.00074,-0.21961,-0.00067,-0.00072,-0.23392,-0.00076,-0.00075,-0.00076,-0.00061,-0.54716,-0.00031,-0.00036,-0.00040,-1.19282,-1.72154,-2.34097,-0.00013,-0.00003,-0.00002,-0.00001,-0.00007
2022,05,11,00:17:43.635,tr,0.000,0.000000,-0.000000,0.000000,-0.27324,-0.00085,-0.00057,-0.21924,-0.00079,-0.00058,-0.23170,-0.00086,-0.00078,-0.23311,-0.00091,-0.00062,-0.24737,-0.00093,-0.00066,-0.00038,-0.00052,-0.23041,-0.00070,-0.00075,-0.21960,-0.00070,-0.00071,-0.23392,-0.00078,-0.00069,-0.00075,-0.00060,-0.54841,-0.00037,-0.00037,-0.00038,-1.19418,-1.72720,-2.35567,-0.00008,-0.00009,-0.00007,-0.00004,-0.00013
2022,05,11,00:17:43.885,tr,0.000,0.000000,-0.000000,0.000000,-0.27329,-0.00084,-0.00064,-0.21936,-0.00083,-0.00064,-0.23174,-0.00084,-0.00076,-0.23307,-0.00089,-0.00066,-0.24744,-0.00092,-0.00061,-0.00038,-0.00049,-0.23041,-0.00061,-0.00073,-0.21971,-0.00071,-0.00075,-0.23397,-0.00075,-0.00072,-0.00076,-0.00063,-0.54913,-0.00033,-0.00041,-0.00042,-1.18985,-1.71560,-2.33400,-0.00015,-0.00009,-0.00001,-0.00002,-0.00010
2022,05,11,00:17:44.135,tr,0.000,0.000000,-0.000000,0.000000,-0.27334,-0.00083,-0.00062,-0.21932,-0.00082,-0.00062,-0.23181,-0.00086,-0.00078,-0.23316,-0.00085,-0.00065,-0.24750,-0.00087,-0.00062,-0.00036,-0.00056,-0.23040,-0.00068,-0.00071,-0.21968,-0.00071,-0.00069,-0.23404,-0.00075,-0.00069,-0.00073,-0.00060,-0.54805,-0.00033,-0.00037,-0.00038,-1.19761,-1.72978,-2.35185,-0.00014,0.00000,-0.00008,-0.00006,-0.00017
2022,05,11,00:17:44.384,tr,0.000,0.000000,-0.000000,0.000000,-0.27341,-0.00086,-0.00057,-0.21940,-0.00085,-0.00061,-0.23181,-0.00086,-0.00075,-0.23311,-0.00083,-0.00058,-0.24751,-0.00092,-0.00060,-0.00033,-0.00047,-0.23046,-0.00070,-0.00071,-0.21975,-0.00065,-0.00072,-0.23412,-0.00078,-0.00070,-0.00077,-0.00070,-0.54527,-0.00037,-0.00036,-0.00041,-1.19476,-1.72730,-2.33943,-0.00011,0.00000,-0.00004,-0.00005,-0.00007
2022,05,11,00:17:44.635,tr,0.000,0.000000,-0.000000,0.000000,-0.27354,-0.00075,-0.00059,-0.21938,-0.00081,-0.00065,-0.23185,-0.00084,-0.00076,-0.23316,-0.00086,-0.00064,-0.24756,-0.00085,-0.00061,-0.00032,-0.00056,-0.23054,-0.00068,-0.00073,-0.21975,-0.00065,-0.00071,-0.23409,-0.00078,-0.00063,-0.00072,-0.00063,-0.55269,-0.00031,-0.00036,-0.00039,-1.19324,-1.72890,-2.35353,-0.00014,0.00000,-0.00004,-0.00011,-0.00009
2022,05,11,00:17:44.885,tr,0.000,0.000000,-0.000000,0.000000,-0.27356,-0.00082,-0.00066,-0.21950,-0.00088,-0.00060,-0.23188,-0.00086,-0.00080,-0.23317,-0.00081,-0.00059,-0.24762,-0.00083,-0.00065,-0.00038,-0.00050,-0.23058,-0.00068,-0.00073,-0.21979,-0.00071,-0.00076,-0.23415,-0.00077,-0.00072,-0.00074,-0.00064,-0.54683,-0.00035,-0.00043,-0.00042,-1.19372,-1.72204,-2.34196,-0.00009,0.00002,-0.00001,-0.00001,-0.00010
2022,05,11,00:17:45.135,tr,0.000,0.000000,-0.000000,0.000000,-0.27368,-0.00079,-0.00057,-0.21946,-0.00083,-0.00059,-0.23189,-0.00090,-0.00074,-0.23317,-0.00087,-0.00066,-0.24763,-0.00087,-0.00064,-0.00039,-0.00057,-0.23058,-0.00069,-0.00067,-0.21987,-0.00062,-0.00069,-0.23420,-0.00074,-0.00067,-0.00072,-0.00060,-0.54837,-0.00030,-0.00035,-0.00039,-1.19393,-1.72556,-2.35413,-0.00011,-0.00005,-0.00004,-0.00002,-0.00013
2022,05,11,00:17:45.385,tr,0.000,0.000000,-0.000000,0.000000,-0.27378,-0.00086,-0.00061,-0.21953,-0.00083,-0.00060,-0.23192,-0.00087,-0.00072,-0.23318,-0.00084,-0.00063,-0.24763,-0.00082,-0.00065,-0.00032,-0.00056,-0.23063,-0.00067,-0.00077,-0.21989,-0.00068,-0.00072,-0.23427,-0.00077,-0.00072,-0.00076,-0.00065,-0.54727,-0.00033,-0.00042,-0.00044,-1.19255,-1.71935,-2.33874,-0.00016,-0.00003,-0.00004,-0.00008,-0.00007
2022,05,11,00:17:45.634,tr,0.000,0.000000,-0.000000,0.000000,-0.27376,-0.00079,-0.00058,-0.21957,-0.00083,-0.00067,-0.23197,-0.00088,-0.00073,-0.23322,-0.00089,-0.00065,-0.24770,-0.00092,-0.00069,-0.00038,-0.00050,-0.23063,-0.00064,-0.00073,-0.21992,-0.00067,-0.00071,-0.23423,-0.00074,-0.00070,-0.00072,-0.00061,-0.54947,-0.00031,-0.00042,-0.00040,-1.19212,-1.72348,-2.35001,-0.00018,-0.00004,-0.00002,-0.00005,-0.00008
2022,05,11,00:17:45.884,tr,0.000,0.000000,-0.000000,0.000000,-0.27392,-0.00083,-0.00063,-0.21959,-0.00087,-0.00060,-0.23200,-0.00085,-0.00075,-0.23326,-0.00088,-0.00061,-0.24774,-0.00091,-0.00060,-0.00035,-0.00054,-0.23068,-0.00062,-0.00071,-0.22000,-0.00065,-0.00080,-0.23431,-0.00079,-0.00067,-0.00076,-0.00058,-0.54706,-0.00029,-0.00038,-0.00039,-1.19106,-1.71850,-2.33466,-0.00010,-0.00004,-0.00005,-0.00004,-0.00009
2022,05,11,00:17:46.135,tr,0.000,0.000000,-0.000000,0.000000,-0.27391,-0.00082,-0.00057,-0.21961,-0.00084,-0.00060,-0.23212,-0.00087,-0.00080,-0.23324,-0.00088,-0.00071,-0.24776,-0.00086,-0.00065,-0.00037,-0.00060,-0.23075,-0.00066,-0.00077,-0.22002,-0.00065,-0.00070,-0.23434,-0.00071,-0.00071,-0.00076,-0.00057,-0.54835,-0.00030,-0.00036,-0.00038,-1.19118,-1.72522,-2.34891,-0.00017,-0.00005,-0.00005,-0.00010,-0.00012
2022,05,11,00:17:46.385,tr,0.000,0.000000,-0.000000,0.000000,-0.27404,-0.00088,-0.00061,-0.21970,-0.00082,-0.00055,-0.23201,-0.00081,-0.00076,-0.23326,-0.00082,-0.00062,-0.24784,-0.00081,-0.00064,-0.00036,-0.00052,-0.23076,-0.00067,-0.00079,-0.22002,-0.00068,-0.00073,-0.23438,-0.00076,-0.00072,-0.00074,-0.00058,-0.54674,-0.00031,-0.00037,-0.00041,-1.19753,-1.72179,-2.33898,-0.00011,-0.00007,-0.00003,-0.00005,-0.00007
2022,05,11,00:17:46.635,tr,0.000,0.000000,-0.000000,0.000000,-0.27409,-0.00082,-0.00062,-0.21969,-0.00082,-0.00060,-0.23214,-0.00091,-0.00075,-0.23331,-0.00088,-0.00064,-0.24786,-0.00085,-0.00062,-0.00035,-0.00054,-0.23082,-0.00067,-0.00072,-0.22008,-0.00066,-0.00071,-0.23437,-0.00077,-0.00067,-0.00072,-0.00065,-0.54212,-0.00032,-0.00037,-0.00036,-1.19603,-1.72840,-2.35127,-0.00021,-0.00004,-0.00009,-0.00008,-0.00014
2022,05,11,00:17:46.885,tr,0.000,0.000000,-0.000000,0.000000,-0.27412,-0.00081,-0.00061,-0.21975,-0.00085,-0.00066,-0.23217,-0.00089,-0.00067,-0.23336,-0.00084,-0.00064,-0.24786,-0.00086,-0.00062,-0.00040,-0.00049,-0.23085,-0.00059,-0.00075,-0.22017,-0.00061,-0.00078,-0.23449,-0.00076,-0.00071,-0.00070,-0.00065,-0.54970,-0.00033,-0.00038,-0.00045,-1.19700,-1.72835,-2.34301,-0.00011,-0.00005,-0.00000,-0.00006,-0.00003
2022,05,11,00:17:47.134,tr,0.000,0.000000,-0.000000,0.000000,-0.27423,-0.00085,-0.00059,-0.21972,-0.00082,-0.00062,-0.23219,-0.00085,-0.00078,-0.23331,-0.00096,-0.00066,-0.24789,-0.00090,-0.00063,-0.00034,-0.00055,-0.23089,-0.00067,-0.00072,-0.22018,-0.00065,-0.00071,-0.23452,-0.00075,-0.00068,-0.00072,-0.00062,-0.54773,-0.00031,-0.00035,-0.00042,-1.19456,-1.72883,-2.35640,-0.00014,-0.00005,-0.00007,-0.00005,-0.00012
2022,05,11,00:17:47.384,tr,0.000,0.000000,-0.000000,0.000000,-0.27430,-0.00082,-0.00066,-0.21979,-0.00083,-0.00055,-0.23225,-0.00088,-0.00078,-0.23334,-0.00084,-0.00059,-0.24792,-0.00087,-0.00065,-0.00032,-0.00056,-0.23090,-0.00062,-0.00072,-0.22021,-0.00060,-0.00072,-0.23459,-0.00074,-0.00068,-0.00072,-0.00063,-0.54362,-0.00034,-0.00039,-0.00039,-1.19448,-1.72185,-2.34044,-0.00010,-0.00002,-0.00006,-0.00006,-0.00012
2022,05,11,00:17:47.635,tr,0.000,0.000000,-0.000000,0.000000,-0.27434,-0.00079,-0.00057,-0.21982,-0.00085,-0.00064,-0.23227,-0.00090,-0.00076,-0.23336,-0.00090,-0.00065,-0.24797,-0.00087,-0.00065,-0.00036,-0.00053,-0.23094,-0.00067,-0.00067,-0.22025,-0.00065,-0.00074,-0.23454,-0.00076,-0.00065,-0.00068,-0.00064,-0.54417,-0.00035,-0.00039,-0.00040,-1.19600,-1.72773,-2.35466,-0.00016,-0.00004,-0.00001,-0.00006,-0.00013
2022,05,11,00:17:47.885,tr,0.000,0.000000,-0.000000,0.000000,-0.27449,-0.00079,-0.00067,-0.21991,-0.00087,-0.00059,-0.23226,-0.00086,-0.00077,-0.23340,-0.00086,-0.00065,-0.24798,-0.00087,-0.00063,-0.00037,-0.00051,-0.23094,-0.00066,-0.00076,-0.22030,-0.00065,-0.00071,-0.23465,-0.00074,-0.00071,-0.00074,-0.00066,-0.54718,-0.00034,-0.00038,-0.00040,-1.19456,-1.72101,-2.33708,-0.00010,-0.00005,-0.00002,0.00002,-0.00008
2022,05,11,00:17:48.135,tr,0.000,0.000000,-0.000000,0.000000,-0.27454,-0.00083,-0.00059,-0.21990,-0.00081,-0.00063,-0.23235,-0.00096,-0.00076,-0.23341,-0.00088,-0.00062,-0.24805,-0.00086,-0.00068,-0.00041,-0.00058,-0.23103,-0.00064,-0.00076,-0.22029,-0.00067,-0.00068,-0.23465,-0.00078,-0.00075,-0.00075,-0.00059,-0.55004,-0.00029,-0.00037,-0.00042,-1.19510,-1.72968,-2.35358,-0.00014,-0.00005,-0.00009,-0.00005,-0.00008
2022,05,11,00:17:48.385,tr,0.000,0.000000,-0.000000,0.000000,-0.27460,-0.00087,-0.00064,-0.21996,-0.00086,-0.00063,-0.23242,-0.00081,-0.00077,-0.23338,-0.00084,-0.00066,-0.24805,-0.00085,-0.00063,-0.00031,-0.00051,-0.23103,-0.00064,-0.00079,-0.22036,-0.00070,-0.00074,-0.23474,-0.00076,-0.00072,-0.00078,-0.00064,-0.55029,-0.00033,-0.00041,-0.00039,-1.19165,-1.71911,-2.33604,-0.00008,-0.00005,-0.00005,-0.00004,-0.00012
2022,05,11,00:17:48.634,tr,0.000,0.000000,-0.000000,0.000000,-0.27468,-0.00080,-0.00061,-0.21994,-0.00084,-0.00057,-0.23243,-0.00089,-0.00075,-0.23340,-0.00084,-0.00065,-0.24814,-0.00090,-0.00061,-0.00039,-0.00056,-0.23108,-0.00070,-0.00073,-0.22033,-0.00063,-0.00074,-0.23473,-0.00076,-0.00069,-0.00075,-0.00063,-0.54797,-0.00031,-0.00036,-0.00038,-1.19966,-1.72872,-2.35046,-0.00015,-0.00010,-0.00006,-0.00006,-0.00011
2022,05,11,00:17:48.885,tr,0.000,0.000000,-0.000000,0.000000,-0.27473,-0.00088,-0.00063,-0.22008,-0.00086,-0.00061,-0.23240,-0.00084,-0.00079,-0.23341,-0.00086,-0.00065,-0.24814,-0.00084,-0.00059,-0.00035,-0.00052,-0.23115,-0.00070,-0.00072,-0.22046,-0.00062,-0.00076,-0.23482,-0.00080,-0.00071,-0.00076,-0.00065,-0.54520,-0.00034,-0.00040,-0.00040,-1.19494,-1.72339,-2.33666,-0.00011,-0.00002,-0.00006,-0.00005,-0.00009
2022,05,11,00:17:49.136,tr,0.000,0.000000,-0.000000,0.000000,-0.27479,-0.00080,-0.00060,-0.22001,-0.00082,-0.00058,-0.23245,-0.00091,-0.00080,-0.23351,-0.00088,-0.00064,-0.24819,-0.00092,-0.00066,-0.00039,-0.00052,-0.23117,-0.00067,-0.00068,-0.22042,-0.00060,-0.00074,-0.23486,-0.00075,-0.00073,-0.00071,-0.00060,-0.54919,-0.00029,-0.00038,-0.00041,-1.19504,-1.73350,-2.35094,-0.00017,-0.00008,-0.00006,-0.00009,-0.00010
2022,05,11,00:17:49.385,tr,0.000,0.000000,-0.000000,0.000000,-0.27492,-0.00083,-0.00062,-0.22007,-0.00087,-0.00062,-0.23250,-0.00085,-0.00080,-0.23350,-0.00092,-0.00062,-0.24822,-0.00087,-0.00060,-0.00040,-0.00050,-0.23117,-0.00065,-0.00074,-0.22048,-0.00065,-0.00073,-0.23492,-0.00073,-0.00069,-0.00074,-0.00064,-0.54711,-0.00035,-0.00037,-0.00040,-1.19327,-1.72179,-2.33872,-0.00006,-0.00006,-0.00005,-0.00009,-0.00007
2022,05,11,00:17:49.635,tr,0.000,0.000000,-0.000000,0.000000,-0.27490,-0.00080,-0.00058,-0.22009,-0.00085,-0.00063,-0.23257,-0.00094,-0.00079,-0.23341,-0.00083,-0.00065,-0.24827,-0.00086,-0.00068,-0.00036,-0.00055,-0.23120,-0.00067,-0.00069,-0.22052,-0.00065,-0.00074,-0.23486,-0.00076,-0.00068,-0.00067,-0.00059,-0.54579,-0.00031,-0.00036,-0.00037,-1.19552,-1.72808,-2.35404,-0.00014,-0.00004,0.00001,-0.00012,-0.00016
2022,05,11,00:17:49.884,tr,0.000,0.000000,-0.000000,0.000000,-0.27502,-0.00083,-0.00061,-0.22015,-0.00089,-0.00057,-0.23262,-0.00083,-0.00072,-0.23348,-0.00084,-0.00065,-0.24831,-0.00085,-0.00062,-0.00034,-0.00053,-0.23119,-0.00063,-0.00073,-0.22065,-0.00065,-0.00069,-0.23499,-0.00076,-0.00074,-0.00077,-0.00064,-0.54795,-0.00034,-0.00041,-0.00042,-1.19389,-1.72247,-2.34139,-0.00014,-0.00001,-0.00001,-0.00000,-0.00006
2022,05,11,00:17:50.134,tr,0.000,0.000000,-0.000000,0.000000,-0.27509,-0.00083,-0.00058,-0.22015,-0.00086,-0.00061,-0.23266,-0.00084,-0.00077,-0.23352,-0.00086,-0.00065,-0.24832,-0.00086,-0.00059,-0.00037,-0.00057,-0.23127,-0.00068,-0.00072,-0.22060,-0.00064,-0.00067,-0.23502,-0.00075,-0.00067,-0.00071,-0.00059,-0.54449,-0.00030,-0.00040,-0.00039,-1.19397,-1.72765,-2.35302,-0.00020,-0.00006,-0.00005,-0.00004,-0.00008
2022,05,11,00:17:50.385,tr,0.000,0.000000,-0.000000,0.000000,-0.27518,-0.00086,-0.00067,-0.22021,-0.00087,-0.00062,-0.23266,-0.00087,-0.00075,-0.23354,-0.00089,-0.00062,-0.24832,-0.00091,-0.00065,-0.00036,-0.00050,-0.23131,-0.00064,-0.00073,-0.22073,-0.00068,-0.00067,-0.23504,-0.00075,-0.00072,-0.00076,-0.00062,-0.54629,-0.00037,-0.00037,-0.00040,-1.19226,-1.72082,-2.33759,-0.00009,-0.00007,-0.00006,-0.00004,-0.00003
