YYYY,MM,DD,hh,mm,ss,msec,lat,lon,alt,state,elev_set,azi_set,elev_pid_out,azi_pid_out,CH1_0,CH1_2,CH1_4,CH2_0,CH2_2,CH2_4,CH3_0,CH3_2,CH3_4,CH4_0,CH4_2,CH4_4,CH5_0,CH5_2,CH5_4,Here,CH6_0,CH6_2,CH6_4,CH7_0,CH7_2,CH7_4,CH8_0,CH8_2,CH8_4,CH9_0,CH9_2,CH9_4,SPARE,5vRef_Temp,12POS_0_33,12NEG_0_33
2022,05,09,04,35,40,417,19.5364,-155.57557,3397,tr,0.000,0.000000,-0.000000,0.000000,0.00002,-0.00600,-0.55940,0.00002,-0.01097,-1.06803,0.00000,-0.01044,-1.00540,0.00004,-0.01137,-1.10105,0.00009,-0.00899,-0.86091,-1.66897,0.00045,0.00031,0.07737,-0.33073,0.00205,0.25453,-0.01587,-0.00058,-0.01273,0.15756,-0.10734,-10.56987,-10.42206,0.58761,3.98839,-3.98321
2022,05,09,04,35,41,686,19.5364,-155.57557,3397,tr,0.000,0.000000,-0.000000,0.000000,-0.00005,-0.00594,-0.55339,0.00002,-0.01098,-1.06109,-0.00007,-0.01046,-1.01599,0.00002,-0.01129,-1.09532,0.00005,-0.00893,-0.85423,-1.66899,0.00047,0.00034,0.07752,-0.33082,0.00208,0.25445,-0.01572,-0.00063,-0.01265,0.15748,-0.10732,-10.57752,-10.41868,0.58754,3.98843,-3.98324
2022,05,09,04,35,41,886,19.5364,-155.57557,3397,tr,0.000,0.000000,-0.000000,0.000000,-0.00007,-0.00595,-0.55165,-0.00002,-0.01089,-1.05539,0.00005,-0.01061,-1.01900,0.00002,-0.01137,-1.10040,0.00005,-0.00890,-0.85291,-1.66899,0.00045,0.00035,0.07735,-0.33077,0.00211,0.25467,-0.01607,-0.00059,-0.01267,0.15768,-0.10740,-10.57901,-10.42726,0.58751,3.98846,-3.98317
2022,05,09,04,35,42,138,19.5364,-155.57557,3397,tr,0.000,0.000000,-0.000000,0.000000,-0.00003,-0.00619,-0.58334,0.00001,-0.01090,-1.05491,-0.00004,-0.01050,-1.01593,-0.00001,-0.01137,-1.09832,0.00002,-0.00893,-0.85420,-1.66899,0.00047,0.00027,0.07720,-0.33083,0.00200,0.25445,-0.01594,-0.00062,-0.01273,0.15774,-0.10738,-10.57963,-10.44616,0.58753,3.98845,-3.98317
2022,05,09,04,35,42,387,19.5364,-155.57557,3397,tr,0.000,0.000000,-0.000000,0.000000,-0.00005,-0.00595,-0.55273,-0.00002,-0.01105,-1.06408,-0.00003,-0.01055,-1.01522,-0.00001,-0.01132,-1.09631,0.00000,-0.00901,-0.86102,-1.66897,0.00046,0.00034,0.07721,-0.33090,0.00207,0.25473,-0.01607,-0.00060,-0.01282,0.15776,-0.10750,-10.57357,-10.40676,0.58749,3.98841,-3.98318
2022,05,09,04,35,42,637,19.5364,-155.57557,3397,tr,0.000,0.000000,-0.000000,0.000000,-0.00000,-0.00615,-0.57871,0.00001,-0.01092,-1.06217,0.00004,-0.01044,-1.01161,-0.00001,-0.01139,-1.09759,0.00002,-0.00898,-0.86199,-1.66899,0.00046,0.00029,0.07716,-0.33106,0.00208,0.25432,-0.01586,-0.00058,-0.01291,0.15768,-0.10750,-10.57962,-10.43604,0.58753,3.98841,-3.98319
2022,05,09,04,35,42,886,19.5364,-155.57557,3397,tr,0.000,0.000000,-0.000000,0.000000,-0.00006,-0.00615,-0.57971,-0.00001,-0.01102,-1.06350,0.00001,-0.01060,-1.01970,-0.00003,-0.01141,-1.10554,0.00006,-0.00907,-0.86709,-1.66896,0.00050,0.00032,0.07737,-0.33141,0.00206,0.25441,-0.01590,-0.00058,-0.01265,0.15734,-0.10740,-10.57841,-10.42332,0.58755,3.98842,-3.98328
2022,05,09,04,35,43,137,19.5364,-155.57557,3397,tr,0.000,0.000000,-0.000000,0.000000,-0.00003,-0.00599,-0.56095,0.00002,-0.01097,-1.06117,-0.00000,-0.01041,-1.00526,0.00002,-0.01139,-1.10065,0.00010,-0.00899,-0.85950,-1.66901,0.00048,0.00035,0.07713,-0.33125,0.00205,0.25423,-0.01597,-0.00057,-0.01281,0.15745,-0.10741,-10.57972,-10.45009,0.58753,3.98845,-3.98320
2022,05,09,04,35,43,387,19.5364,-155.57557,3397,tr,0.000,0.000000,-0.000000,0.000000,-0.00002,-0.00602,-0.56052,-0.00001,-0.01099,-1.06012,-0.00003,-0.01053,-1.01482,0.00007,-0.01144,-1.10297,0.00002,-0.00887,-0.85103,-1.66901,0.00048,0.00033,0.07730,-0.33105,0.00204,0.25444,-0.01601,-0.00058,-0.01274,0.15763,-0.10746,-10.57864,-10.42539,0.58750,3.98844,-3.98323
2022,05,09,04,35,43,637,19.5364,-155.57557,3397,tr,0.000,0.000000,-0.000000,0.000000,-0.00003,-0.00603,-0.56438,0.00001,-0.01096,-1.05885,0.00001,-0.01041,-1.00647,0.00000,-0.01137,-1.10167,0.00004,-0.00894,-0.85643,-1.66901,0.00044,0.00034,0.07708,-0.33105,0.00208,0.25447,-0.01588,-0.00058,-0.01290,0.15763,-0.10757,-10.57972,-10.45497,0.58753,3.98844,-3.98319
2022,05,09,04,35,43,887,19.5364,-155.57557,3397,tr,0.000,0.000000,-0.000000,0.000000,-0.00007,-0.00613,-0.57252,-0.00001,-0.01089,-1.05140,-0.00001,-0.01056,-1.01859,0.00001,-0.01143,-1.10389,0.00009,-0.00897,-0.85783,-1.66896,0.00047,0.00036,0.07728,-0.33083,0.00204,0.25467,-0.01593,-0.00060,-0.01293,0.15776,-0.10751,-10.57875,-10.42743,0.58751,3.98841,-3.98327
2022,05,09,04,35,44,137,19.5364,-155.57557,3397,tr,0.000,0.000000,-0.920108,-88.495338,-0.00005,-0.00600,-0.56035,0.00001,-0.01094,-1.05692,-0.00001,-0.01051,-1.01386,0.00003,-0.01140,-1.10585,0.00011,-0.00897,-0.85977,-1.66903,0.00046,0.00028,0.07718,-0.33085,0.00213,0.25466,-0.01596,-0.00065,-0.01262,0.15745,-0.10763,-10.57443,-10.41108,0.58739,3.98832,-3.98335
2022,05,09,04,35,44,386,19.5364,-155.57557,3397,tr,0.000,0.000000,-0.024604,-0.230725,-0.00037,-0.00655,-0.59224,-0.00040,-0.01140,-1.06738,-0.00047,-0.01118,-1.04231,-0.00052,-0.01185,-1.11108,-0.00046,-0.00949,-0.87397,-1.66940,-0.00006,-0.00012,0.06932,-0.33103,0.00161,0.24610,-0.01654,-0.00111,-0.02121,0.15693,-0.10803,-10.57909,-10.44358,0.58707,3.98805,-3.98362
2022,05,09,04,35,44,636,19.5364,-155.57557,3397,tr,0.000,0.000000,0.719434,-107.693542,-0.00064,-0.00658,-0.58497,-0.00056,-0.01149,-1.07737,-0.00046,-0.01118,-1.04340,-0.00040,-0.01180,-1.10964,-0.00048,-0.00936,-0.86543,-1.66935,0.00010,-0.00002,0.07085,-0.33093,0.00168,0.24811,-0.01640,-0.00105,-0.01962,0.15701,-0.10807,-10.56752,-10.40396,0.58704,3.98799,-3.98361
2022,05,09,04,35,44,887,19.5364,-155.57557,3397,tr,0.000,0.000000,-0.308034,64.063469,-0.00067,-0.00660,-0.57418,-0.00062,-0.01155,-1.07924,-0.00055,-0.01120,-1.04164,-0.00048,-0.01194,-1.11827,-0.00047,-0.00947,-0.87037,-1.66938,0.00009,-0.00009,0.06996,-0.33079,0.00166,0.24733,-0.01649,-0.00103,-0.01978,0.15706,-0.10795,-10.57972,-10.44259,0.58720,3.98821,-3.98346
2022,05,09,04,35,45,137,19.5364,-155.57557,3397,tr,0.000,0.000000,0.342539,-243.958213,-0.00066,-0.00669,-0.58193,-0.00065,-0.01175,-1.09413,-0.00067,-0.01131,-1.04270,-0.00060,-0.01202,-1.11685,-0.00057,-0.00955,-0.87061,-1.66943,-0.00001,-0.00007,0.06900,-0.33082,0.00162,0.24652,-0.01635,-0.00104,-0.02078,0.15701,-0.10810,-10.57811,-10.41604,0.58710,3.98811,-3.98360
2022,05,09,04,35,45,387,19.5364,-155.57557,3397,tr,0.000,0.000000,-0.401478,-276.434103,-0.00063,-0.00668,-0.58780,-0.00062,-0.01173,-1.09374,-0.00058,-0.01127,-1.04775,-0.00058,-0.01208,-1.12201,-0.00054,-0.00947,-0.86826,-1.66942,-0.00002,-0.00012,0.06932,-0.33075,0.00166,0.24649,-0.01636,-0.00105,-0.02087,0.15708,-0.10817,-10.57967,-10.44757,0.58703,3.98803,-3.98357
2022,05,09,04,35,45,636,19.5364,-155.57557,3397,tr,0.000,0.000000,0.070730,-222.631167,-0.00067,-0.00676,-0.59401,-0.00057,-0.01184,-1.10153,-0.00067,-0.01135,-1.05155,-0.00061,-0.01204,-1.12111,-0.00054,-0.00957,-0.87209,-1.66946,-0.00009,-0.00022,0.06806,-0.33096,0.00152,0.24488,-0.01647,-0.00116,-0.02255,0.15670,-0.10826,-10.57817,-10.42497,0.58699,3.98795,-3.98365
2022,05,09,04,35,45,886,19.5364,-155.57557,3397,tr,0.000,0.000000,-0.024610,-175.379173,-0.00061,-0.00651,-0.57341,-0.00048,-0.01166,-1.09450,-0.00039,-0.01106,-1.03851,-0.00043,-0.01185,-1.11417,-0.00046,-0.00941,-0.86937,-1.66936,0.00000,-0.00011,0.07003,-0.33090,0.00166,0.24701,-0.01652,-0.00102,-0.02021,0.15702,-0.10808,-10.57975,-10.45690,0.58703,3.98802,-3.98351
2022,05,09,04,35,46,136,19.5364,-155.57557,3397,tr,0.000,0.000000,-0.135948,-136.212955,-0.00055,-0.00676,-0.60379,-0.00057,-0.01176,-1.10218,-0.00053,-0.01128,-1.05007,-0.00048,-0.01193,-1.11557,-0.00050,-0.00954,-0.87398,-1.66940,-0.00004,-0.00014,0.06897,-0.33117,0.00152,0.24567,-0.01658,-0.00114,-0.02168,0.15694,-0.10826,-10.57816,-10.42314,0.58698,3.98797,-3.98359
2022,05,09,04,35,46,387,19.5364,-155.57557,3397,tr,0.000,0.000000,0.162922,-83.788261,-0.00057,-0.00668,-0.59560,-0.00058,-0.01176,-1.09558,-0.00061,-0.01136,-1.06146,-0.00063,-0.01206,-1.11576,-0.00053,-0.00951,-0.87364,-1.66947,-0.00011,-0.00020,0.06791,-0.33109,0.00150,0.24439,-0.01663,-0.00111,-0.02225,0.15672,-0.10822,-10.57936,-10.44089,0.58699,3.98795,-3.98373
2022,05,09,04,35,46,637,19.5364,-155.57557,3397,tr,0.000,0.000000,-0.135801,-66.779542,-0.00077,-0.00667,-0.57088,-0.00076,-0.01192,-1.10224,-0.00077,-0.01160,-1.06913,-0.00071,-0.01212,-1.12194,-0.00068,-0.00969,-0.87489,-1.66952,-0.00019,-0.00030,0.06646,-0.33098,0.00148,0.24349,-0.01664,-0.00126,-0.02405,0.15680,-0.10856,-10.56959,-10.39617,0.58681,3.98788,-3.98381
2022,05,09,04,35,46,887,19.5364,-155.57557,3397,tr,0.000,0.000000,0.076873,-61.483337,-0.00078,-0.00678,-0.58596,-0.00073,-0.01193,-1.10127,-0.00079,-0.01156,-1.06300,-0.00080,-0.01217,-1.11998,-0.00081,-0.00984,-0.88296,-1.66959,-0.00025,-0.00039,0.06497,-0.33095,0.00133,0.24188,-0.01661,-0.00132,-0.02512,0.15658,-0.10840,-10.57720,-10.43091,0.58687,3.98791,-3.98376
2022,05,09,04,35,47,136,19.5364,-155.57557,3397,tr,0.000,0.000000,-0.000780,-151.984081,-0.00082,-0.00683,-0.58904,-0.00080,-0.01203,-1.11337,-0.00080,-0.01175,-1.07815,-0.00073,-0.01214,-1.12139,-0.00073,-0.00962,-0.87522,-1.66954,-0.00016,-0.00031,0.06596,-0.33101,0.00146,0.24324,-0.01676,-0.00125,-0.02437,0.15680,-0.10839,-10.57284,-10.39353,0.58684,3.98792,-3.98375
2022,05,09,04,35,47,386,19.5364,-155.57557,3397,tr,0.000,0.000000,0.029755,-113.183753,-0.00078,-0.00679,-0.59084,-0.00081,-0.01203,-1.11492,-0.00074,-0.01169,-1.07885,-0.00077,-0.01217,-1.11891,-0.00073,-0.00971,-0.87548,-1.66958,-0.00024,-0.00040,0.06571,-0.33095,0.00139,0.24290,-0.01666,-0.00128,-0.02455,0.15700,-0.10845,-10.57923,-10.43779,0.58691,3.98797,-3.98374
2022,05,09,04,35,47,637,19.5364,-155.57557,3397,tr,0.000,0.000000,-0.077721,-117.801903,-0.00074,-0.00683,-0.59449,-0.00077,-0.01219,-1.12615,-0.00075,-0.01177,-1.08555,-0.00071,-0.01202,-1.11214,-0.00074,-0.00974,-0.87802,-1.66955,-0.00015,-0.00031,0.06649,-0.33068,0.00143,0.24371,-0.01675,-0.00125,-0.02392,0.15688,-0.10858,-10.57515,-10.40612,0.58687,3.98788,-3.98374
2022,05,09,04,35,47,887,19.5364,-155.57557,3397,tr,0.000,0.000000,-0.001454,-13.816815,-0.00083,-0.00670,-0.58704,-0.00070,-0.01218,-1.13087,-0.00069,-0.01173,-1.08146,-0.00073,-0.01209,-1.11854,-0.00068,-0.00970,-0.87951,-1.66952,-0.00023,-0.00037,0.06640,-0.33084,0.00146,0.24342,-0.01664,-0.00124,-0.02406,0.15710,-0.10852,-10.57951,-10.44401,0.58689,3.98793,-3.98371
2022,05,09,04,35,48,137,19.5364,-155.57557,3397,tr,0.000,0.000000,0.039530,23.175335,-0.00076,-0.00679,-0.58883,-0.00072,-0.01228,-1.13475,-0.00072,-0.01183,-1.09053,-0.00067,-0.01207,-1.11809,-0.00068,-0.00959,-0.86992,-1.66954,-0.00020,-0.00027,0.06696,-0.33083,0.00146,0.24417,-0.01668,-0.00122,-0.02363,0.15696,-0.10854,-10.57557,-10.41113,0.58690,3.98789,-3.98377
2022,05,09,04,35,48,387,19.5364,-155.57557,3397,tr,0.000,0.000000,-0.029036,12.461519,-0.00073,-0.00688,-0.59998,-0.00073,-0.01220,-1.13273,-0.00070,-0.01177,-1.08815,-0.00072,-0.01211,-1.11645,-0.00067,-0.00965,-0.87823,-1.66961,-0.00023,-0.00035,0.06605,-0.33108,0.00137,0.24308,-0.01674,-0.00122,-0.02398,0.15680,-0.10847,-10.57955,-10.44221,0.58691,3.98796,-3.98367
2022,05,09,04,35,48,636,19.5364,-155.57557,3397,tr,0.000,0.000000,0.020883,12.497273,-0.00084,-0.00683,-0.59252,-0.00070,-0.01223,-1.13176,-0.00079,-0.01172,-1.08525,-0.00066,-0.01208,-1.12169,-0.00063,-0.00969,-0.87999,-1.66955,-0.00013,-0.00025,0.06709,-0.33079,0.00152,0.24423,-0.01671,-0.00124,-0.02335,0.15693,-0.10854,-10.57382,-10.39821,0.58689,3.98795,-3.98368
2022,05,09,04,35,48,886,19.5364,-155.57557,3397,tr,0.000,0.000000,0.009221,4.482698,-0.00066,-0.00673,-0.58948,-0.00067,-0.01206,-1.12482,-0.00070,-0.01163,-1.08013,-0.00067,-0.01208,-1.12206,-0.00064,-0.00965,-0.87648,-1.66952,-0.00023,-0.00024,0.06711,-0.33091,0.00148,0.24406,-0.01654,-0.00119,-0.02320,0.15673,-0.10846,-10.57863,-10.43671,0.58696,3.98797,-3.98369
2022,05,09,04,35,49,137,19.5364,-155.57557,3397,tr,0.000,0.000000,0.002640,-11.286093,-0.00074,-0.00679,-0.59642,-0.00066,-0.01216,-1.13033,-0.00071,-0.01162,-1.07786,-0.00058,-0.01204,-1.11694,-0.00057,-0.00934,-0.84962,-1.66943,-0.00006,-0.00020,0.06802,-0.33099,0.00157,0.24509,-0.01658,-0.00117,-0.02262,0.15679,-0.10848,-10.56437,-10.38731,0.58687,3.98796,-3.98373
2022,05,09,04,35,49,387,19.5364,-155.57557,3397,tr,0.000,0.000000,-0.030502,13.219859,-0.00067,-0.00661,-0.58088,-0.00065,-0.01201,-1.12150,-0.00063,-0.01159,-1.06945,-0.00068,-0.01205,-1.11807,-0.00061,-0.00942,-0.86074,-1.66947,-0.00010,-0.00027,0.06758,-0.33084,0.00151,0.24459,-0.01660,-0.00117,-0.02257,0.15683,-0.10842,-10.57587,-10.41062,0.58697,3.98805,-3.98368
2022,05,09,04,35,49,637,19.5364,-155.57557,3397,tr,0.000,0.000000,0.037777,15.266696,-0.00059,-0.00658,-0.58285,-0.00054,-0.01206,-1.12294,-0.00057,-0.01139,-1.06192,-0.00048,-0.01184,-1.11183,-0.00042,-0.00924,-0.85043,-1.66935,0.00006,-0.00009,0.07012,-0.33095,0.00167,0.24725,-0.01639,-0.00106,-0.02056,0.15711,-0.10858,-10.56528,-10.36236,0.58699,3.98810,-3.98355
2022,05,09,04,35,49,886,19.5364,-155.57557,3397,tr,0.000,0.000000,-0.031441,-24.541122,-0.00049,-0.00650,-0.58502,-0.00047,-0.01186,-1.11855,-0.00040,-0.01133,-1.06131,-0.00047,-0.01186,-1.11122,-0.00039,-0.00924,-0.84582,-1.66935,0.00002,-0.00011,0.07006,-0.33103,0.00164,0.24685,-0.01639,-0.00103,-0.02067,0.15691,-0.10852,-10.57630,-10.41976,0.58704,3.98808,-3.98352
2022,05,09,04,35,50,136,19.5364,-155.57557,3397,tr,0.000,0.000000,0.002274,-13.133013,-0.00054,-0.00631,-0.56382,-0.00054,-0.01196,-1.12185,-0.00059,-0.01145,-1.07296,-0.00048,-0.01185,-1.11497,-0.00042,-0.00915,-0.84728,-1.66932,0.00005,-0.00007,0.06998,-0.33090,0.00161,0.24709,-0.01653,-0.00112,-0.02063,0.15684,-0.10847,-10.57391,-10.40005,0.58701,3.98805,-3.98360
2022,05,09,04,35,50,386,19.5364,-155.57557,3397,tr,0.000,0.000000,0.075200,-38.003638,-0.00043,-0.00636,-0.57120,-0.00039,-0.01187,-1.11750,-0.00038,-0.01135,-1.06464,-0.00048,-0.01191,-1.12172,-0.00041,-0.00934,-0.85810,-1.66937,0.00005,-0.00012,0.07012,-0.33080,0.00162,0.24705,-0.01655,-0.00102,-0.02021,0.15694,-0.10837,-10.57932,-10.43006,0.58704,3.98807,-3.98351
2022,05,09,04,35,50,637,19.5364,-155.57557,3397,tr,0.000,0.000000,-0.023665,-22.372079,-0.00064,-0.00656,-0.57884,-0.00064,-0.01207,-1.12678,-0.00067,-0.01153,-1.07152,-0.00054,-0.01204,-1.12225,-0.00055,-0.00942,-0.85657,-1.66946,-0.00005,-0.00020,0.06795,-0.33097,0.00149,0.24493,-0.01676,-0.00117,-0.02285,0.15654,-0.10847,-10.57560,-10.40142,0.58685,3.98794,-3.98374
2022,05,09,04,35,50,887,19.5364,-155.57557,3397,tr,0.000,0.000000,0.116651,-300.000000,-0.00084,-0.00657,-0.56883,-0.00077,-0.01228,-1.14223,-0.00076,-0.01176,-1.08156,-0.00074,-0.01227,-1.12970,-0.00068,-0.00945,-0.86004,-1.66949,-0.00011,-0.00025,0.06710,-0.33086,0.00150,0.24459,-0.01668,-0.00110,-0.02242,0.15697,-0.10849,-10.57932,-10.43661,0.58697,3.98807,-3.98363
2022,05,09,04,35,51,137,19.5364,-155.57557,3397,tr,0.000,0.000000,0.039446,-300.000000,-0.00070,-0.00674,-0.58780,-0.00072,-0.01257,-1.16705,-0.00079,-0.01193,-1.09645,-0.00066,-0.01208,-1.12284,-0.00065,-0.00946,-0.85555,-1.66950,-0.00015,-0.00028,0.06684,-0.33081,0.00141,0.24359,-0.01656,-0.00128,-0.02417,0.15669,-0.10867,-10.56464,-10.38119,0.58682,3.98788,-3.98376
2022,05,09,04,35,51,386,19.5364,-155.57557,3397,tr,0.000,0.000000,-0.031959,300.000000,-0.00038,-0.00641,-0.57860,-0.00041,-0.01234,-1.17166,-0.00043,-0.01154,-1.08675,-0.00049,-0.01181,-1.11146,-0.00036,-0.00924,-0.85582,-1.66932,0.00004,-0.00007,0.07046,-0.33089,0.00173,0.24802,-0.01653,-0.00088,-0.01902,0.15705,-0.10832,-10.57764,-10.42952,0.58706,3.98819,-3.98354
2022,05,09,04,35,51,636,19.5364,-155.57557,3397,tr,0.000,0.000000,-0.031959,300.000000,-0.00052,-0.00642,-0.58237,-0.00038,-0.01210,-1.14535,-0.00050,-0.01153,-1.07701,-0.00043,-0.01195,-1.12059,-0.00043,-0.00926,-0.84660,-1.66940,0.00001,-0.00008,0.06959,-0.33090,0.00165,0.24683,-0.01653,-0.00106,-0.02074,0.15682,-0.10836,-10.56738,-10.37301,0.58694,3.98807,-3.98360
2022,05,09,04,35,51,887,19.5364,-155.57557,3397,tr,0.000,0.000000,-0.031479,300.000000,-0.00032,-0.00620,-0.56656,-0.00025,-0.01184,-1.12855,-0.00033,-0.01116,-1.05802,-0.00030,-0.01155,-1.10816,-0.00031,-0.00927,-0.84532,-1.66939,-0.00000,-0.00018,0.06950,-0.33089,0.00161,0.24655,-0.01658,-0.00102,-0.02071,0.15718,-0.10838,-10.57645,-10.41170,0.58721,3.98830,-3.98339
2022,05,09,04,35,52,137,19.5364,-155.57557,3397,tr,0.000,0.000000,0.074915,300.000000,-0.00070,-0.00639,-0.55889,-0.00064,-0.01190,-1.11377,-0.00053,-0.01140,-1.06258,-0.00039,-0.01180,-1.11160,-0.00048,-0.00928,-0.85001,-1.66944,0.00003,-0.00011,0.06939,-0.33066,0.00169,0.24664,-0.01657,-0.00102,-0.02052,0.15696,-0.10840,-10.56623,-10.39085,0.58695,3.98808,-3.98359
2022,05,09,04,35,52,387,19.5364,-155.57557,3397,tr,0.000,0.000000,-0.096769,128.617670,-0.00067,-0.00660,-0.57973,-0.00062,-0.01175,-1.09802,-0.00064,-0.01149,-1.06423,-0.00068,-0.01201,-1.11412,-0.00058,-0.00948,-0.86092,-1.66953,-0.00015,-0.00024,0.06724,-0.33091,0.00155,0.24467,-0.01676,-0.00116,-0.02247,0.15703,-0.10852,-10.57729,-10.42185,0.58685,3.98807,-3.98367
2022,05,09,04,35,52,637,19.5364,-155.57557,3397,tr,0.000,0.000000,0.009596,125.987610,-0.00069,-0.00663,-0.58208,-0.00060,-0.01174,-1.09333,-0.00066,-0.01137,-1.05443,-0.00068,-0.01205,-1.11827,-0.00057,-0.00939,-0.85410,-1.66952,-0.00009,-0.00027,0.06786,-0.33075,0.00154,0.24494,-0.01655,-0.00121,-0.02321,0.15681,-0.10873,-10.56653,-10.38083,0.58673,3.98791,-3.98375
2022,05,09,04,35,52,886,19.5364,-155.57557,3397,tr,0.000,0.000000,-0.002909,186.994902,-0.00067,-0.00661,-0.58338,-0.00060,-0.01178,-1.09868,-0.00058,-0.01136,-1.06076,-0.00060,-0.01201,-1.11568,-0.00051,-0.00935,-0.85237,-1.66947,-0.00008,-0.00022,0.06792,-0.33079,0.00154,0.24488,-0.01661,-0.00105,-0.02230,0.15684,-0.10862,-10.57849,-10.42692,0.58689,3.98803,-3.98364
2022,05,09,04,35,53,136,19.5364,-155.57557,3397,tr,0.000,0.000000,0.013559,300.000000,-0.00070,-0.00653,-0.57016,-0.00065,-0.01182,-1.09872,-0.00067,-0.01143,-1.06105,-0.00056,-0.01196,-1.11638,-0.00057,-0.00933,-0.85023,-1.66939,-0.00001,-0.00013,0.06850,-0.33087,0.00151,0.24536,-0.01674,-0.00125,-0.02277,0.15666,-0.10861,-10.57300,-10.39584,0.58673,3.98795,-3.98378
2022,05,09,04,35,53,387,19.5364,-155.57557,3397,tr,0.000,0.000000,-0.010618,242.426339,-0.00070,-0.00654,-0.57245,-0.00069,-0.01190,-1.10426,-0.00070,-0.01145,-1.05900,-0.00070,-0.01195,-1.11102,-0.00063,-0.00943,-0.85218,-1.66954,-0.00021,-0.00032,0.06620,-0.33086,0.00145,0.24298,-0.01692,-0.00123,-0.02459,0.15659,-0.10881,-10.57810,-10.42808,0.58671,3.98791,-3.98378
2022,05,09,04,35,53,637,19.5364,-155.57557,3397,tr,0.000,0.000000,-0.043973,31.938296,-0.00089,-0.00686,-0.58881,-0.00086,-0.01208,-1.10314,-0.00087,-0.01157,-1.05805,-0.00079,-0.01217,-1.11843,-0.00075,-0.00945,-0.85216,-1.66959,-0.00024,-0.00036,0.06535,-0.33068,0.00145,0.24286,-0.01681,-0.00123,-0.02434,0.15659,-0.10870,-10.56168,-10.37500,0.58682,3.98803,-3.98367
2022,05,09,04,35,53,887,19.5364,-155.57557,3397,tr,0.000,0.000000,-0.011850,-171.683586,-0.00051,-0.00635,-0.56083,-0.00041,-0.01149,-1.08406,-0.00045,-0.01119,-1.04506,-0.00047,-0.01188,-1.11049,-0.00060,-0.00935,-0.85398,-1.66954,-0.00013,-0.00033,0.06744,-0.33080,0.00143,0.24410,-0.01682,-0.00116,-0.02311,0.15684,-0.10845,-10.57567,-10.41564,0.58689,3.98807,-3.98366
2022,05,09,04,35,54,136,19.5364,-155.57557,3397,tr,0.000,0.000000,-0.128145,-135.858962,-0.00051,-0.00648,-0.57428,-0.00055,-0.01162,-1.08621,-0.00051,-0.01141,-1.06136,-0.00044,-0.01174,-1.11155,-0.00038,-0.00918,-0.84453,-1.66944,-0.00001,-0.00017,0.06932,-0.33064,0.00165,0.24665,-0.01670,-0.00114,-0.02159,0.15700,-0.10863,-10.56647,-10.38096,0.58678,3.98791,-3.98374
2022,05,09,04,35,54,386,19.5364,-155.57557,3397,tr,0.000,0.000000,0.104646,-104.052800,-0.00056,-0.00641,-0.56749,-0.00062,-0.01168,-1.08946,-0.00057,-0.01126,-1.04725,-0.00070,-0.01202,-1.11315,-0.00057,-0.00936,-0.85288,-1.66945,-0.00006,-0.00018,0.06800,-0.33060,0.00155,0.24502,-0.01663,-0.00113,-0.02279,0.15670,-0.10872,-10.57426,-10.41322,0.58678,3.98793,-3.98366
2022,05,09,04,35,54,636,19.5364,-155.57557,3397,tr,0.000,0.000000,-0.058582,-77.710555,-0.00073,-0.00671,-0.58810,-0.00070,-0.01184,-1.10081,-0.00067,-0.01140,-1.05169,-0.00066,-0.01202,-1.11980,-0.00062,-0.00939,-0.85380,-1.66944,-0.00006,-0.00025,0.06770,-0.33067,0.00151,0.24449,-0.01667,-0.00123,-0.02357,0.15688,-0.10879,-10.55885,-10.36694,0.58676,3.98799,-3.98374
2022,05,09,04,35,54,887,19.5364,-155.57557,3397,tr,0.000,0.000000,0.027410,-50.371294,-0.00073,-0.00671,-0.58478,-0.00074,-0.01194,-1.09671,-0.00073,-0.01147,-1.05525,-0.00081,-0.01214,-1.12187,-0.00074,-0.00941,-0.84835,-1.66960,-0.00016,-0.00035,0.06530,-0.33071,0.00137,0.24241,-0.01686,-0.00126,-0.02522,0.15690,-0.10873,-10.57735,-10.42667,0.58669,3.98786,-3.98385
2022,05,09,04,35,55,137,19.5364,-155.57557,3397,tr,0.000,0.000000,-0.000665,-37.670571,-0.00087,-0.00687,-0.59380,-0.00082,-0.01200,-1.10055,-0.00083,-0.01152,-1.05897,-0.00071,-0.01214,-1.12200,-0.00069,-0.00946,-0.84956,-1.66966,-0.00032,-0.00039,0.06513,-0.33078,0.00130,0.24232,-0.01677,-0.00129,-0.02546,0.15683,-0.10887,-10.56916,-10.38926,0.58668,3.98780,-3.98382
2022,05,09,04,35,55,387,19.5364,-155.57557,3397,tr,0.000,0.000000,-0.036050,-27.540066,-0.00093,-0.00687,-0.58502,-0.00089,-0.01195,-1.10002,-0.00084,-0.01161,-1.06069,-0.00086,-0.01234,-1.12334,-0.00087,-0.00955,-0.84810,-1.66972,-0.00031,-0.00050,0.06346,-0.33064,0.00123,0.24059,-0.01696,-0.00135,-0.02681,0.15684,-0.10883,-10.57905,-10.43480,0.58661,3.98784,-3.98389
2022,05,09,04,35,55,636,19.5364,-155.57557,3397,tr,0.000,0.000000,0.024431,-17.810276,-0.00101,-0.00693,-0.59050,-0.00097,-0.01211,-1.10363,-0.00104,-0.01173,-1.06342,-0.00083,-0.01225,-1.12067,-0.00080,-0.00957,-0.85353,-1.66964,-0.00038,-0.00045,0.06393,-0.33067,0.00126,0.24103,-0.01689,-0.00143,-0.02685,0.15660,-0.10893,-10.56637,-10.38075,0.58651,3.98769,-3.98391
2022,05,09,04,35,55,886,19.5364,-155.57557,3397,tr,0.000,0.000000,-0.001039,-10.417578,-0.00102,-0.00689,-0.58224,-0.00097,-0.01208,-1.10463,-0.00090,-0.01170,-1.06120,-0.00094,-0.01233,-1.12398,-0.00093,-0.00933,-0.82128,-1.66976,-0.00041,-0.00057,0.06219,-0.33076,0.00123,0.23941,-0.01703,-0.00141,-0.02797,0.15673,-0.10902,-10.56417,-10.39384,0.58661,3.98780,-3.98388
2022,05,09,04,35,56,137,19.5364,-155.57557,3397,tr,0.000,0.000000,0.006803,-34.131930,-0.00104,-0.00692,-0.59121,-0.00098,-0.01213,-1.10347,-0.00103,-0.01176,-1.06526,-0.00088,-0.01237,-1.12798,-0.00094,-0.00926,-0.81630,-1.66973,-0.00034,-0.00055,0.06328,-0.33066,0.00121,0.24040,-0.01692,-0.00149,-0.02764,0.15661,-0.10897,-10.56784,-10.37780,0.58651,3.98772,-3.98402
2022,05,09,04,35,56,387,19.5364,-155.57557,3397,tr,0.000,0.000000,0.005143,-45.002915,-0.00101,-0.00753,-0.64446,-0.00101,-0.01211,-1.10389,-0.00103,-0.01184,-1.06886,-0.00106,-0.01244,-1.12889,-0.00105,-0.00932,-0.81402,-1.66978,-0.00048,-0.00060,0.06122,-0.33067,0.00110,0.23828,-0.01699,-0.00151,-0.02940,0.15661,-0.10916,-10.57848,-10.42032,0.58648,3.98769,-3.98398
2022,05,09,04,35,56,637,19.5364,-155.57557,3397,tr,0.000,0.000000,-0.034594,-7.615055,-0.00116,-0.00772,-0.65407,-0.00122,-0.01228,-1.11091,-0.00119,-0.01192,-1.07108,-0.00109,-0.01245,-1.13026,-0.00108,-0.00938,-0.81497,-1.66982,-0.00047,-0.00064,0.06055,-0.33075,0.00111,0.23783,-0.01712,-0.00165,-0.03049,0.15656,-0.10936,-10.56014,-10.36015,0.58635,3.98763,-3.98412
2022,05,09,04,35,56,887,19.5364,-155.57557,3397,tr,0.000,0.000000,0.063136,-27.565571,-0.00114,-0.00697,-0.58607,-0.00113,-0.01218,-1.10488,-0.00113,-0.01184,-1.06591,-0.00109,-0.01244,-1.12709,-0.00102,-0.00933,-0.81319,-1.66983,-0.00053,-0.00067,0.06072,-0.33075,0.00114,0.23773,-0.01689,-0.00149,-0.02954,0.15662,-0.10908,-10.57656,-10.41791,0.58644,3.98771,-3.98397
2022,05,09,04,35,57,136,19.5364,-155.57557,3397,tr,0.000,0.000000,-0.058322,-16.453367,-0.00102,-0.00700,-0.58960,-0.00104,-0.01220,-1.10588,-0.00105,-0.01184,-1.06833,-0.00098,-0.01231,-1.12493,-0.00092,-0.00908,-0.80281,-1.66972,-0.00039,-0.00048,0.06321,-0.33061,0.00118,0.24027,-0.01673,-0.00148,-0.02796,0.15665,-0.10910,-10.56640,-10.37351,0.58646,3.98771,-3.98398
2022,05,09,04,35,57,386,19.5364,-155.57557,3397,tr,0.000,0.000000,0.004102,-0.838679,-0.00108,-0.00696,-0.59032,-0.00103,-0.01226,-1.11075,-0.00103,-0.01177,-1.06114,-0.00108,-0.01248,-1.12759,-0.00107,-0.00931,-0.81141,-1.66992,-0.00054,-0.00064,0.06053,-0.33057,0.00107,0.23769,-0.01692,-0.00147,-0.02962,0.15664,-0.10920,-10.57722,-10.41448,0.58645,3.98770,-3.98400
2022,05,09,04,35,57,637,19.5364,-155.57557,3397,tr,0.000,0.000000,0.010835,-3.271980,-0.00110,-0.00715,-0.60839,-0.00105,-0.01214,-1.10338,-0.00107,-0.01178,-1.06701,-0.00100,-0.01232,-1.12324,-0.00092,-0.00924,-0.81565,-1.66975,-0.00039,-0.00056,0.06278,-0.33069,0.00122,0.23980,-0.01700,-0.00147,-0.02820,0.15664,-0.10917,-10.55825,-10.36049,0.58649,3.98772,-3.98399
2022,05,09,04,35,57,887,19.5364,-155.57557,3397,tr,0.000,0.000000,-0.025381,-23.206380,-0.00099,-0.00686,-0.58317,-0.00093,-0.01203,-1.09965,-0.00103,-0.01170,-1.06807,-0.00098,-0.01234,-1.12249,-0.00092,-0.00929,-0.81573,-1.66975,-0.00045,-0.00053,0.06234,-0.33071,0.00121,0.23938,-0.01696,-0.00147,-0.02819,0.15666,-0.10921,-10.57535,-10.41064,0.58647,3.98778,-3.98402
2022,05,09,04,35,58,137,19.5364,-155.57557,3397,tr,0.000,0.000000,0.005484,9.611229,-0.00110,-0.00699,-0.58623,-0.00101,-0.01214,-1.10147,-0.00106,-0.01187,-1.07695,-0.00096,-0.01233,-1.12900,-0.00088,-0.00926,-0.81852,-1.66971,-0.00039,-0.00043,0.06327,-0.33066,0.00127,0.24066,-0.01694,-0.00147,-0.02742,0.15673,-0.10903,-10.56228,-10.36782,0.58650,3.98774,-3.98400
2022,05,09,04,35,58,386,19.5364,-155.57557,3397,tr,0.000,0.000000,0.034164,6.395464,-0.00095,-0.00676,-0.57563,-0.00087,-0.01203,-1.10191,-0.00092,-0.01186,-1.08235,-0.00097,-0.01240,-1.13065,-0.00092,-0.00938,-0.82449,-1.66972,-0.00041,-0.00053,0.06311,-0.33062,0.00122,0.24039,-0.01698,-0.00141,-0.02740,0.15690,-0.10911,-10.57500,-10.39604,0.58657,3.98782,-3.98385
2022,05,09,04,35,58,636,19.5364,-155.57557,3397,tr,0.000,0.000000,-0.024265,6.227615,-0.00094,-0.00678,-0.57631,-0.00094,-0.01199,-1.09970,-0.00097,-0.01185,-1.08149,-0.00086,-0.01226,-1.12343,-0.00082,-0.00924,-0.81455,-1.66969,-0.00028,-0.00044,0.06383,-0.33055,0.00132,0.24139,-0.01687,-0.00144,-0.02718,0.15708,-0.10923,-10.56120,-10.34933,0.58646,3.98778,-3.98391
2022,05,09,04,35,58,886,19.5364,-155.57557,3397,tr,0.000,0.000000,0.016884,-5.295042,-0.00088,-0.00680,-0.58241,-0.00088,-0.01203,-1.10551,-0.00086,-0.01176,-1.07773,-0.00092,-0.01229,-1.12204,-0.00086,-0.00944,-0.83769,-1.66974,-0.00038,-0.00050,0.06340,-0.33068,0.00120,0.24029,-0.01673,-0.00143,-0.02744,0.15678,-0.10908,-10.57639,-10.41327,0.58651,3.98784,-3.98384
2022,05,09,04,35,59,138,19.5364,-155.57557,3397,tr,0.000,0.000000,0.012442,-9.429971,-0.00103,-0.00687,-0.58192,-0.00096,-0.01203,-1.10056,-0.00100,-0.01180,-1.07342,-0.00090,-0.01229,-1.12716,-0.00083,-0.00939,-0.83109,-1.66964,-0.00031,-0.00043,0.06387,-0.33058,0.00130,0.24094,-0.01676,-0.00145,-0.02714,0.15662,-0.10899,-10.56496,-10.38024,0.58642,3.98779,-3.98387
2022,05,09,04,35,59,387,19.5364,-155.57557,3397,tr,0.000,0.000000,0.008142,-8.703706,-0.00091,-0.00682,-0.58197,-0.00090,-0.01211,-1.10780,-0.00093,-0.01180,-1.07821,-0.00094,-0.01233,-1.12860,-0.00089,-0.00945,-0.83678,-1.66972,-0.00037,-0.00050,0.06346,-0.33061,0.00125,0.24035,-0.01667,-0.00139,-0.02721,0.15678,-0.10908,-10.57709,-10.41941,0.58654,3.98783,-3.98388
2022,05,09,04,35,59,637,19.5364,-155.57557,3397,tr,0.000,0.000000,-0.036241,-2.384471,-0.00097,-0.00676,-0.57189,-0.00093,-0.01208,-1.10268,-0.00097,-0.01182,-1.07796,-0.00091,-0.01241,-1.13430,-0.00085,-0.00939,-0.83859,-1.66966,-0.00032,-0.00044,0.06414,-0.33043,0.00128,0.24122,-0.01680,-0.00140,-0.02696,0.15684,-0.10908,-10.55457,-10.36220,0.58649,3.98776,-3.98391
2022,05,09,04,35,59,886,19.5364,-155.57557,3397,tr,0.000,0.000000,0.042050,0.714849,-0.00098,-0.00678,-0.58012,-0.00092,-0.01200,-1.09747,-0.00097,-0.01182,-1.07709,-0.00094,-0.01248,-1.13401,-0.00096,-0.00949,-0.83966,-1.66980,-0.00040,-0.00053,0.06285,-0.33035,0.00121,0.23984,-0.01669,-0.00142,-0.02810,0.15684,-0.10922,-10.57622,-10.41653,0.58648,3.98777,-3.98397
2022,05,09,04,36,00,136,19.5364,-155.57557,3397,tr,0.000,0.000000,0.003467,-40.427297,-0.00110,-0.00697,-0.58341,-0.00107,-0.01222,-1.10579,-0.00116,-0.01200,-1.08196,-0.00097,-0.01244,-1.13391,-0.00099,-0.00950,-0.83718,-1.66978,-0.00048,-0.00059,0.06225,-0.33054,0.00118,0.23902,-0.01687,-0.00148,-0.02890,0.15642,-0.10919,-10.56545,-10.38323,0.58640,3.98769,-3.98409
2022,05,09,04,36,00,387,19.5364,-155.57557,3397,tr,0.000,0.000000,0.001208,2.445613,-0.00103,-0.00704,-0.59145,-0.00104,-0.01226,-1.11040,-0.00103,-0.01183,-1.07380,-0.00105,-0.01265,-1.14262,-0.00107,-0.00962,-0.84192,-1.66986,-0.00050,-0.00068,0.06102,-0.33046,0.00111,0.23799,-0.01694,-0.00150,-0.02944,0.15662,-0.10909,-10.57586,-10.42130,0.58644,3.98771,-3.98402
2022,05,09,04,36,00,637,19.5364,-155.57557,3397,tr,0.000,0.000000,-0.004803,20.763345,-0.00111,-0.00719,-0.60105,-0.00111,-0.01224,-1.10600,-0.00110,-0.01201,-1.08237,-0.00098,-0.01247,-1.13518,-0.00103,-0.00946,-0.83388,-1.66981,-0.00044,-0.00061,0.06177,-0.33038,0.00116,0.23886,-0.01698,-0.00156,-0.02926,0.15656,-0.10910,-10.55410,-10.35605,0.58637,3.98761,-3.98410
2022,05,09,04,36,00,887,19.5364,-155.57557,3397,tr,0.000,0.000000,0.025490,-3.474235,-0.00106,-0.00705,-0.59849,-0.00103,-0.01213,-1.10167,-0.00103,-0.01198,-1.08571,-0.00101,-0.01249,-1.13743,-0.00105,-0.00959,-0.83853,-1.66984,-0.00056,-0.00064,0.06134,-0.33031,0.00108,0.23827,-0.01687,-0.00153,-0.02922,0.15656,-0.10925,-10.57684,-10.40615,0.58641,3.98771,-3.98397
2022,05,09,04,36,01,138,19.5364,-155.57557,3397,tr,0.000,0.000000,-0.025480,17.072817,-0.00113,-0.00682,-0.57508,-0.00103,-0.01221,-1.11079,-0.00106,-0.01203,-1.08319,-0.00099,-0.01235,-1.12715,-0.00095,-0.00954,-0.83529,-1.66977,-0.00046,-0.00057,0.06225,-0.33042,0.00124,0.23939,-0.01692,-0.00153,-0.02884,0.15654,-0.10916,-10.56483,-10.36442,0.58635,3.98772,-3.98408
2022,05,09,04,36,01,386,19.5364,-155.57557,3397,tr,0.000,0.000000,-0.162654,21.304028,-0.00089,-0.00681,-0.58235,-0.00088,-0.01197,-1.10010,-0.00085,-0.01176,-1.07930,-0.00084,-0.01233,-1.13447,-0.00069,-0.00932,-0.83523,-1.66964,-0.00021,-0.00026,0.06562,-0.33037,0.00141,0.24265,-0.01651,-0.00122,-0.02502,0.15682,-0.10882,-10.57467,-10.40833,0.58667,3.98804,-3.98364
2022,05,09,04,36,01,636,19.5364,-155.57557,3397,tr,0.000,0.000000,-0.067017,-4.237100,-0.00069,-0.00659,-0.57706,-0.00074,-0.01180,-1.09094,-0.00068,-0.01155,-1.07049,-0.00066,-0.01204,-1.12117,-0.00057,-0.00909,-0.82126,-1.66951,-0.00006,-0.00023,0.06786,-0.33048,0.00148,0.24466,-0.01648,-0.00120,-0.02338,0.15676,-0.10884,-10.56672,-10.37890,0.58660,3.98796,-3.98374
2022,05,09,04,36,01,887,19.5364,-155.57557,3397,tr,0.000,0.000000,-0.118371,-18.832367,-0.00057,-0.00664,-0.58700,-0.00053,-0.01166,-1.08596,-0.00048,-0.01139,-1.06362,-0.00054,-0.01202,-1.11884,-0.00048,-0.00908,-0.83313,-1.66944,-0.00001,-0.00010,0.06946,-0.33044,0.00157,0.24621,-0.01636,-0.00104,-0.02149,0.15668,-0.10866,-10.57779,-10.42372,0.58679,3.98804,-3.98358
2022,05,09,04,36,02,137,19.5364,-155.57557,3397,tr,0.000,0.000000,-0.090234,-28.827100,-0.00069,-0.00669,-0.58581,-0.00066,-0.01180,-1.10008,-0.00067,-0.01159,-1.06919,-0.00055,-0.01207,-1.12376,-0.00053,-0.00930,-0.84826,-1.66951,-0.00008,-0.00019,0.06812,-0.33039,0.00151,0.24495,-0.01633,-0.00115,-0.02295,0.15690,-0.10880,-10.55462,-10.35469,0.58663,3.98800,-3.98369
2022,05,09,04,36,02,387,19.5364,-155.57557,3397,tr,0.000,0.000000,0.164549,-21.195995,-0.00061,-0.00654,-0.58476,-0.00058,-0.01173,-1.09659,-0.00055,-0.01152,-1.06829,-0.00062,-0.01201,-1.11918,-0.00053,-0.00939,-0.85645,-1.66937,-0.00002,-0.00012,0.06959,-0.33029,0.00163,0.24715,-0.01613,-0.00095,-0.02006,0.15706,-0.10865,-10.57563,-10.41155,0.58693,3.98820,-3.98348
2022,05,09,04,36,02,636,19.5364,-155.57557,3397,tr,0.000,0.000000,0.246349,-13.495454,-0.00054,-0.00644,-0.57381,-0.00045,-0.01157,-1.08951,-0.00047,-0.01137,-1.06080,-0.00045,-0.01194,-1.12267,-0.00043,-0.00930,-0.85737,-1.66939,0.00008,-0.00004,0.07058,-0.33041,0.00172,0.24769,-0.01618,-0.00101,-0.02028,0.15711,-0.10858,-10.55533,-10.36180,0.58673,3.98815,-3.98362
2022,05,09,04,36,02,886,19.5364,-155.57557,3397,tr,0.000,0.000000,0.216641,-22.390299,-0.00050,-0.00644,-0.57907,-0.00050,-0.01168,-1.09801,-0.00046,-0.01131,-1.06289,-0.00049,-0.01198,-1.12365,-0.00049,-0.00931,-0.85480,-1.66942,-0.00005,-0.00018,0.06956,-0.33045,0.00160,0.24651,-0.01626,-0.00103,-0.02143,0.15720,-0.10877,-10.57103,-10.39237,0.58675,3.98815,-3.98358
2022,05,09,04,36,03,136,19.5364,-155.57557,3397,tr,0.000,0.000000,0.161703,30.414951,-0.00047,-0.00646,-0.58013,-0.00045,-0.01173,-1.10673,-0.00044,-0.01141,-1.06805,-0.00042,-0.01188,-1.11916,-0.00034,-0.00918,-0.85035,-1.66928,0.00013,-0.00001,0.07118,-0.33034,0.00175,0.24876,-0.01614,-0.00094,-0.01941,0.15754,-0.10858,-10.56469,-10.36434,0.58682,3.98822,-3.98355
2022,05,09,04,36,03,387,19.5364,-155.57557,3397,tr,0.000,0.000000,-0.132238,3.001633,-0.00039,-0.00646,-0.58632,-0.00038,-0.01151,-1.09213,-0.00032,-0.01128,-1.06684,-0.00040,-0.01181,-1.11591,-0.00036,-0.00925,-0.85813,-1.66924,0.00017,0.00007,0.07236,-0.33028,0.00178,0.24932,-0.01599,-0.00087,-0.01867,0.15748,-0.10861,-10.57492,-10.40723,0.58690,3.98824,-3.98349
2022,05,09,04,36,03,638,19.5364,-155.57557,3397,tr,0.000,0.000000,-0.182004,8.132993,-0.00036,-0.00628,-0.56818,-0.00032,-0.01157,-1.09378,-0.00033,-0.01120,-1.05964,-0.00030,-0.01179,-1.11956,-0.00024,-0.00924,-0.85903,-1.66927,0.00025,0.00010,0.07330,-0.33027,0.00186,0.25029,-0.01598,-0.00092,-0.01822,0.15743,-0.10848,-10.56077,-10.36417,0.58683,3.98826,-3.98347
2022,05,09,04,36,03,887,19.5364,-155.57557,3397,tr,0.000,0.000000,-0.152072,51.765860,-0.00011,-0.00610,-0.56594,-0.00016,-0.01128,-1.08321,-0.00016,-0.01092,-1.04828,-0.00013,-0.01170,-1.11690,-0.00008,-0.00901,-0.84838,-1.66916,0.00033,0.00022,0.07465,-0.33037,0.00193,0.25157,-0.01603,-0.00078,-0.01646,0.15737,-0.10831,-10.57641,-10.42075,0.58694,3.98832,-3.98335
2022,05,09,04,36,04,136,19.5364,-155.57557,3397,tr,0.000,0.000000,-0.093171,58.539733,-0.00034,-0.00625,-0.56615,-0.00033,-0.01142,-1.08086,-0.00032,-0.01117,-1.05777,-0.00028,-0.01172,-1.11310,-0.00017,-0.00904,-0.85050,-1.66921,0.00024,0.00008,0.07294,-0.33035,0.00181,0.25002,-0.01604,-0.00087,-0.01841,0.15737,-0.10863,-10.55535,-10.36154,0.58685,3.98823,-3.98351
2022,05,09,04,36,04,386,19.5364,-155.57557,3397,tr,0.000,0.000000,0.061516,25.557180,-0.00035,-0.00631,-0.57074,-0.00028,-0.01136,-1.07800,-0.00034,-0.01108,-1.05155,-0.00025,-0.01183,-1.11824,-0.00032,-0.00918,-0.85378,-1.66930,0.00012,-0.00001,0.07203,-0.33010,0.00172,0.24880,-0.01604,-0.00091,-0.01897,0.15731,-0.10851,-10.57568,-10.41111,0.58690,3.98823,-3.98352
2022,05,09,04,36,04,637,19.5364,-155.57557,3397,tr,0.000,0.000000,-0.006129,48.606266,-0.00053,-0.00644,-0.58368,-0.00048,-0.01149,-1.08495,-0.00044,-0.01126,-1.05375,-0.00041,-0.01191,-1.12151,-0.00039,-0.00927,-0.85423,-1.66934,0.00004,-0.00010,0.07093,-0.33013,0.00168,0.24787,-0.01608,-0.00104,-0.02063,0.15741,-0.10863,-10.55956,-10.36715,0.58674,3.98806,-3.98363
2022,05,09,04,36,04,887,19.5364,-155.57557,3397,tr,0.000,0.000000,0.008904,15.333790,-0.00051,-0.00645,-0.57050,-0.00046,-0.01160,-1.08642,-0.00053,-0.01125,-1.05236,-0.00050,-0.01196,-1.12150,-0.00045,-0.00928,-0.85320,-1.66936,-0.00002,-0.00014,0.06957,-0.33027,0.00165,0.24677,-0.01616,-0.00101,-0.02112,0.15732,-0.10860,-10.57422,-10.40734,0.58675,3.98809,-3.98350
2022,05,09,04,36,05,137,19.5364,-155.57557,3397,tr,0.000,0.000000,0.042495,26.016693,-0.00055,-0.00649,-0.57625,-0.00054,-0.01162,-1.08985,-0.00053,-0.01133,-1.05434,-0.00042,-0.01200,-1.12369,-0.00047,-0.00925,-0.85108,-1.66932,0.00003,-0.00007,0.07043,-0.33013,0.00167,0.24754,-0.01609,-0.00103,-0.02087,0.15731,-0.10867,-10.55636,-10.35458,0.58663,3.98810,-3.98365
2022,05,09,04,36,05,387,19.5364,-155.57557,3397,tr,0.000,0.000000,-0.010194,5.561478,-0.00053,-0.00632,-0.55975,-0.00049,-0.01154,-1.08526,-0.00048,-0.01130,-1.05890,-0.00048,-0.01197,-1.12194,-0.00048,-0.00918,-0.84682,-1.66937,0.00001,-0.00008,0.07002,-0.33011,0.00161,0.24694,-0.01597,-0.00100,-0.02104,0.15733,-0.10873,-10.57741,-10.39761,0.58672,3.98808,-3.98355
2022,05,09,04,36,05,636,19.5364,-155.57557,3397,tr,0.000,0.000000,-0.026229,-45.065091,-0.00055,-0.00660,-0.58628,-0.00054,-0.01167,-1.09207,-0.00057,-0.01136,-1.05930,-0.00046,-0.01185,-1.11616,-0.00038,-0.00924,-0.85261,-1.66935,0.00005,-0.00003,0.07036,-0.33001,0.00166,0.24757,-0.01603,-0.00106,-0.02075,0.15733,-0.10854,-10.56804,-10.37417,0.58666,3.98808,-3.98353
2022,05,09,04,36,05,886,19.5364,-155.57557,3397,tr,0.000,0.000000,0.085461,-44.011256,-0.00035,-0.00636,-0.58125,-0.00031,-0.01142,-1.07876,-0.00028,-0.01114,-1.05686,-0.00037,-0.01183,-1.11780,-0.00026,-0.00918,-0.85464,-1.66925,0.00017,0.00008,0.07294,-0.33023,0.00182,0.25033,-0.01574,-0.00085,-0.01776,0.15778,-0.10830,-10.57629,-10.41111,0.58689,3.98831,-3.98333
2022,05,09,04,36,06,137,19.5364,-155.57557,3397,tr,0.000,0.000000,-0.053030,-62.409427,-0.00023,-0.00615,-0.56577,-0.00021,-0.01128,-1.07296,-0.00015,-0.01097,-1.04679,-0.00015,-0.01161,-1.10940,-0.00010,-0.00898,-0.84693,-1.66911,0.00034,0.00021,0.07499,-0.33009,0.00190,0.25221,-0.01568,-0.00074,-0.01639,0.15772,-0.10835,-10.56951,-10.38777,0.58688,3.98834,-3.98341
2022,05,09,04,36,06,387,19.5364,-155.57557,3397,tr,0.000,0.000000,-0.008599,-23.147019,-0.00033,-0.00618,-0.56457,-0.00031,-0.01135,-1.07809,-0.00025,-0.01099,-1.04956,-0.00029,-0.01163,-1.10976,-0.00018,-0.00908,-0.85225,-1.66924,0.00021,0.00009,0.07375,-0.33009,0.00183,0.25067,-0.01563,-0.00083,-0.01769,0.15782,-0.10842,-10.57859,-10.42642,0.58681,3.98830,-3.98342
2022,05,09,04,36,06,637,19.5364,-155.57557,3397,tr,0.000,0.000000,0.034235,0.633979,-0.00037,-0.00629,-0.57599,-0.00030,-0.01135,-1.07581,-0.00028,-0.01109,-1.05189,-0.00025,-0.01171,-1.11164,-0.00020,-0.00908,-0.85181,-1.66922,0.00024,0.00010,0.07378,-0.33010,0.00184,0.25058,-0.01563,-0.00083,-0.01763,0.15757,-0.10835,-10.56720,-10.37846,0.58685,3.98831,-3.98338
2022,05,09,04,36,06,886,19.5364,-155.57557,3397,tr,0.000,0.000000,0.014112,-21.430522,-0.00029,-0.00610,-0.56774,-0.00019,-0.01133,-1.08201,-0.00022,-0.01099,-1.04914,-0.00023,-0.01172,-1.11394,-0.00024,-0.00898,-0.84165,-1.66926,0.00025,0.00015,0.07422,-0.33013,0.00187,0.25126,-0.01545,-0.00077,-0.01677,0.15770,-0.10838,-10.57690,-10.41663,0.58690,3.98842,-3.98335
2022,05,09,04,36,07,137,19.5364,-155.57557,3397,tr,0.000,0.000000,-0.027742,-0.645460,-0.00042,-0.00634,-0.57158,-0.00032,-0.01150,-1.08859,-0.00034,-0.01111,-1.05315,-0.00032,-0.01179,-1.11153,-0.00026,-0.00907,-0.84613,-1.66926,0.00017,-0.00000,0.07268,-0.32994,0.00176,0.24971,-0.01575,-0.00098,-0.01928,0.15779,-0.10851,-10.56401,-10.37504,0.58676,3.98818,-3.98354
2022,05,09,04,36,07,386,19.5364,-155.57557,3397,tr,0.000,0.000000,0.037024,-1.298015,-0.00034,-0.00637,-0.56993,-0.00037,-0.01137,-1.08165,-0.00038,-0.01119,-1.05422,-0.00035,-0.01180,-1.11451,-0.00031,-0.00917,-0.85408,-1.66928,0.00014,-0.00003,0.07204,-0.32996,0.00178,0.24908,-0.01582,-0.00093,-0.01917,0.15773,-0.10847,-10.57362,-10.41018,0.58673,3.98823,-3.98348
2022,05,09,04,36,07,637,19.5364,-155.57557,3397,tr,0.000,0.000000,-0.056656,10.914677,-0.00042,-0.00638,-0.56908,-0.00038,-0.01151,-1.08517,-0.00035,-0.01130,-1.06077,-0.00032,-0.01178,-1.11530,-0.00036,-0.00921,-0.85465,-1.66929,0.00017,-0.00002,0.07226,-0.32986,0.00172,0.24938,-0.01559,-0.00098,-0.01935,0.15774,-0.10859,-10.56492,-10.36728,0.58668,3.98816,-3.98352
2022,05,09,04,36,07,887,19.5364,-155.57557,3397,tr,0.000,0.000000,0.038968,-8.981101,-0.00041,-0.00625,-0.56874,-0.00035,-0.01136,-1.07779,-0.00031,-0.01122,-1.05874,-0.00033,-0.01170,-1.10783,-0.00031,-0.00920,-0.85496,-1.66931,0.00020,0.00003,0.07277,-0.33005,0.00178,0.24995,-0.01567,-0.00083,-0.01835,0.15786,-0.10845,-10.57847,-10.42415,0.58679,3.98826,-3.98342
2022,05,09,04,36,08,137,19.5364,-155.57557,3397,tr,0.000,0.000000,0.035124,-300.000000,-0.00043,-0.00619,-0.55472,-0.00040,-0.01143,-1.08033,-0.00040,-0.01125,-1.06289,-0.00035,-0.01177,-1.11315,-0.00032,-0.00923,-0.85675,-1.66931,0.00020,0.00007,0.07250,-0.33007,0.00173,0.24948,-0.01568,-0.00097,-0.01910,0.15771,-0.10838,-10.57186,-10.39134,0.58673,3.98818,-3.98351
2022,05,09,04,36,08,386,19.5364,-155.57557,3397,tr,0.000,0.000000,-0.034586,-226.024136,-0.00038,-0.00634,-0.57275,-0.00037,-0.01166,-1.09805,-0.00035,-0.01134,-1.06826,-0.00041,-0.01180,-1.11977,-0.00031,-0.00926,-0.85861,-1.66934,0.00011,-0.00003,0.07214,-0.33003,0.00170,0.24914,-0.01555,-0.00090,-0.01925,0.15802,-0.10835,-10.57774,-10.42357,0.58673,3.98820,-3.98352
2022,05,09,04,36,08,636,19.5364,-155.57557,3397,tr,0.000,0.000000,0.017788,22.006995,-0.00042,-0.00629,-0.56636,-0.00038,-0.01172,-1.10326,-0.00039,-0.01133,-1.07076,-0.00036,-0.01187,-1.12132,-0.00031,-0.00915,-0.85214,-1.66932,0.00015,0.00005,0.07255,-0.32995,0.00178,0.24967,-0.01550,-0.00091,-0.01866,0.15773,-0.10837,-10.57094,-10.39300,0.58674,3.98818,-3.98347
2022,05,09,04,36,08,887,19.5364,-155.57557,3397,tr,0.000,0.000000,0.045921,0.141050,-0.00035,-0.00616,-0.56400,-0.00029,-0.01155,-1.09915,-0.00026,-0.01118,-1.06102,-0.00032,-0.01176,-1.11345,-0.00029,-0.00923,-0.85795,-1.66928,0.00023,0.00005,0.07297,-0.33011,0.00176,0.25013,-0.01557,-0.00088,-0.01812,0.15786,-0.10833,-10.57839,-10.42782,0.58675,3.98825,-3.98343
2022,05,09,04,36,09,137,19.5364,-155.57557,3397,tr,0.000,0.000000,0.541175,103.046701,-0.00026,-0.00600,-0.54949,-0.00027,-0.01145,-1.09349,-0.00033,-0.01120,-1.06256,-0.00019,-0.01171,-1.11378,-0.00016,-0.00901,-0.85130,-1.66921,0.00023,0.00014,0.07441,-0.33007,0.00186,0.25154,-0.01534,-0.00082,-0.01687,0.15807,-0.10830,-10.56921,-10.38848,0.58679,3.98828,-3.98350
2022,05,09,04,36,09,387,19.5364,-155.57557,3397,tr,0.000,0.000000,-0.410760,52.989494,-0.00048,-0.00639,-0.56821,-0.00047,-0.01170,-1.10156,-0.00051,-0.01141,-1.07050,-0.00050,-0.01199,-1.12124,-0.00043,-0.00931,-0.85291,-1.66941,-0.00003,-0.00011,0.07039,-0.33009,0.00157,0.24725,-0.01554,-0.00105,-0.02096,0.15790,-0.10850,-10.57771,-10.42398,0.58670,3.98809,-3.98356
2022,05,09,04,36,09,637,19.5364,-155.57557,3397,tr,0.000,0.000000,-0.155893,7.489947,-0.00038,-0.00620,-0.55531,-0.00035,-0.01151,-1.09246,-0.00034,-0.01117,-1.05671,-0.00031,-0.01173,-1.11446,-0.00026,-0.00916,-0.85373,-1.66921,0.00023,0.00006,0.07342,-0.32989,0.00187,0.25056,-0.01543,-0.00090,-0.01807,0.15805,-0.10831,-10.54877,-10.35332,0.58670,3.98820,-3.98355
2022,05,09,04,36,09,886,19.5364,-155.57557,3397,tr,0.000,0.000000,0.267688,-9.861359,-0.00032,-0.00595,-0.54375,-0.00027,-0.01140,-1.08460,-0.00028,-0.01122,-1.06074,-0.00025,-0.01171,-1.11260,-0.00025,-0.00914,-0.84811,-1.66926,0.00016,-0.00000,0.07341,-0.33002,0.00168,0.24996,-0.01538,-0.00092,-0.01846,0.15786,-0.10827,-10.57925,-10.42127,0.58668,3.98827,-3.98346
2022,05,09,04,36,10,136,19.5364,-155.57557,3397,tr,0.000,0.000000,-0.330277,-0.415631,-0.00038,-0.00616,-0.56114,-0.00031,-0.01146,-1.08904,-0.00029,-0.01117,-1.06086,-0.00020,-0.01170,-1.11248,-0.00023,-0.00906,-0.84472,-1.66920,0.00020,0.00009,0.07381,-0.33089,0.00185,0.25095,-0.01545,-0.00087,-0.01757,0.15800,-0.10822,-10.56923,-10.38056,0.58676,3.98818,-3.98346
2022,05,09,04,36,10,387,19.5364,-155.57557,3397,tr,0.000,0.000000,0.227503,-7.413758,-0.00035,-0.00618,-0.56011,-0.00034,-0.01147,-1.08777,-0.00035,-0.01122,-1.05783,-0.00040,-0.01176,-1.11271,-0.00030,-0.00919,-0.85744,-1.66928,0.00013,0.00001,0.07276,-0.33031,0.00174,0.24992,-0.01542,-0.00087,-0.01856,0.15805,-0.10827,-10.57921,-10.43222,0.58672,3.98822,-3.98341
2022,05,09,04,36,10,637,19.5364,-155.57557,3397,tr,0.000,0.000000,-0.130849,-38.785933,-0.00040,-0.00635,-0.57437,-0.00034,-0.01153,-1.09289,-0.00034,-0.01121,-1.06031,-0.00029,-0.01162,-1.10639,-0.00019,-0.00900,-0.84756,-1.66921,0.00028,0.00015,0.07456,-0.33018,0.00194,0.25210,-0.01531,-0.00077,-0.01620,0.15819,-0.10797,-10.57194,-10.40163,0.58687,3.98841,-3.98329
2022,05,09,04,36,10,887,19.5364,-155.57557,3397,tr,0.000,0.000000,0.079325,-28.624000,-0.00006,-0.00616,-0.57350,-0.00013,-0.01128,-1.08045,-0.00022,-0.01100,-1.05245,-0.00019,-0.01163,-1.11147,-0.00011,-0.00904,-0.84735,-1.66915,0.00027,0.00016,0.07514,-0.32923,0.00187,0.25198,-0.01529,-0.00079,-0.01652,0.15809,-0.10819,-10.57739,-10.42689,0.58685,3.98832,-3.98341
2022,05,09,04,36,11,136,19.5364,-155.57557,3397,tr,0.000,0.000000,-0.048823,-28.133912,-0.00040,-0.00618,-0.55644,-0.00036,-0.01146,-1.08599,-0.00035,-0.01118,-1.05741,-0.00031,-0.01176,-1.11050,-0.00027,-0.00905,-0.84701,-1.66929,0.00019,0.00005,0.07347,-0.32904,0.00182,0.25059,-0.01526,-0.00089,-0.01815,0.15807,-0.10824,-10.57148,-10.39729,0.58669,3.98820,-3.98356
2022,05,09,04,36,11,386,19.5364,-155.57557,3397,tr,0.000,0.000000,-0.013874,-14.573780,-0.00041,-0.00629,-0.56234,-0.00038,-0.01156,-1.09257,-0.00038,-0.01122,-1.05459,-0.00038,-0.01179,-1.10893,-0.00038,-0.00918,-0.84914,-1.66934,0.00006,-0.00001,0.07235,-0.32896,0.00170,0.24901,-0.01533,-0.00100,-0.01942,0.15807,-0.10817,-10.57828,-10.43371,0.58661,3.98818,-3.98354
2022,05,09,04,36,11,636,19.5364,-155.57557,3397,tr,0.000,0.000000,-0.077556,-53.629143,-0.00074,-0.00655,-0.56330,-0.00070,-0.01198,-1.10879,-0.00075,-0.01163,-1.07142,-0.00066,-0.01208,-1.11866,-0.00067,-0.00954,-0.86765,-1.66952,-0.00017,-0.00029,0.06771,-0.32911,0.00139,0.24461,-0.01563,-0.00125,-0.02425,0.15775,-0.10849,-10.56558,-10.39735,0.58636,3.98785,-3.98378
2022,05,09,04,36,11,887,19.5364,-155.57557,3397,tr,0.000,0.000000,0.090346,-62.128818,-0.00078,-0.00672,-0.58454,-0.00077,-0.01200,-1.11032,-0.00078,-0.01176,-1.08684,-0.00080,-0.01209,-1.11850,-0.00075,-0.00965,-0.86969,-1.66961,-0.00029,-0.00043,0.06596,-0.32886,0.00133,0.24305,-0.01584,-0.00127,-0.02533,0.15794,-0.10856,-10.57750,-10.43206,0.58637,3.98784,-3.98378
2022,05,09,04,36,12,137,19.5364,-155.57557,3397,tr,0.000,0.000000,-0.003075,5.252776,-0.00085,-0.00678,-0.57762,-0.00083,-0.01209,-1.11202,-0.00089,-0.01193,-1.09286,-0.00080,-0.01211,-1.11709,-0.00074,-0.00965,-0.86472,-1.66958,-0.00020,-0.00035,0.06658,-0.32877,0.00142,0.24380,-0.01574,-0.00135,-0.02497,0.15771,-0.10856,-10.56883,-10.38756,0.58632,3.98782,-3.98387
2022,05,09,04,36,12,387,19.5364,-155.57557,3397,tr,0.000,0.000000,-0.026504,48.019700,-0.00062,-0.00647,-0.56988,-0.00050,-0.01172,-1.10263,-0.00048,-0.01144,-1.07254,-0.00041,-0.01183,-1.10856,-0.00041,-0.00917,-0.84896,-1.66936,0.00009,-0.00006,0.07144,-0.32870,0.00167,0.24853,-0.01534,-0.00096,-0.01988,0.15809,-0.10817,-10.57904,-10.42615,0.58658,3.98812,-3.98350
2022,05,09,04,36,12,636,19.5364,-155.57557,3397,tr,0.000,0.000000,0.017045,44.587688,-0.00031,-0.00604,-0.54668,-0.00040,-0.01151,-1.09516,-0.00035,-0.01122,-1.06697,-0.00024,-0.01169,-1.11105,-0.00019,-0.00903,-0.85180,-1.66918,0.00024,0.00018,0.07497,-0.32874,0.00190,0.25209,-0.01500,-0.00080,-0.01661,0.15831,-0.10807,-10.56917,-10.39482,0.58678,3.98834,-3.98333
2022,05,09,04,36,12,886,19.5364,-155.57557,3397,tr,0.000,0.000000,-0.035536,31.788688,-0.00028,-0.00638,-0.58367,-0.00031,-0.01144,-1.08709,-0.00031,-0.01118,-1.06132,-0.00033,-0.01174,-1.10704,-0.00032,-0.00919,-0.85404,-1.66930,0.00016,0.00004,0.07303,-0.32875,0.00180,0.25015,-0.01522,-0.00086,-0.01860,0.15823,-0.10820,-10.57927,-10.43471,0.58663,3.98818,-3.98348
2022,05,09,04,36,13,137,19.5364,-155.57557,3397,tr,0.000,0.000000,-0.123659,84.451582,-0.00059,-0.00652,-0.57452,-0.00057,-0.01174,-1.09539,-0.00056,-0.01158,-1.07527,-0.00053,-0.01195,-1.11557,-0.00055,-0.00932,-0.85172,-1.66945,-0.00000,-0.00015,0.07001,-0.32866,0.00157,0.24717,-0.01533,-0.00110,-0.02161,0.15797,-0.10820,-10.57817,-10.41612,0.58643,3.98799,-3.98366
2022,05,09,04,36,13,387,19.5364,-155.57557,3397,tr,0.000,0.000000,-0.473844,97.811227,-0.00062,-0.00653,-0.57884,-0.00054,-0.01162,-1.08581,-0.00050,-0.01142,-1.06695,-0.00055,-0.01193,-1.11399,-0.00051,-0.00938,-0.85861,-1.66944,-0.00004,-0.00012,0.07036,-0.32873,0.00154,0.24726,-0.01522,-0.00103,-0.02117,0.15811,-0.10820,-10.57869,-10.43423,0.58667,3.98833,-3.98325
2022,05,09,04,36,13,637,19.5364,-155.57557,3397,tr,0.000,0.000000,-0.027218,88.002688,-0.00053,-0.00644,-0.57395,-0.00049,-0.01147,-1.07778,-0.00051,-0.01147,-1.07139,-0.00041,-0.01185,-1.11142,-0.00035,-0.00926,-0.85883,-1.66944,0.00004,-0.00010,0.07141,-0.32872,0.00167,0.24805,-0.01525,-0.00109,-0.02093,0.15803,-0.10825,-10.57724,-10.41487,0.58644,3.98801,-3.98364
2022,05,09,04,36,13,887,19.5364,-155.57557,3397,tr,0.000,0.000000,0.626948,39.201954,-0.00034,-0.00625,-0.57065,-0.00027,-0.01118,-1.07067,-0.00023,-0.01115,-1.05963,-0.00020,-0.01154,-1.09908,-0.00022,-0.00913,-0.85656,-1.66915,0.00034,0.00009,0.07522,-0.32893,0.00180,0.25144,-0.01504,-0.00081,-0.01712,0.15824,-0.10800,-10.57965,-10.43847,0.58662,3.98819,-3.98350
2022,05,09,04,36,14,136,19.5364,-155.57557,3397,tr,0.000,0.000000,-0.603563,-0.354027,-0.00045,-0.00636,-0.57873,-0.00039,-0.01129,-1.07011,-0.00043,-0.01128,-1.06698,-0.00036,-0.01169,-1.10632,-0.00033,-0.00918,-0.85745,-1.66924,0.00017,0.00004,0.07359,-0.32861,0.00184,0.25095,-0.01481,-0.00086,-0.01762,0.15826,-0.10801,-10.56345,-10.38282,0.58662,3.98821,-3.98347
2022,05,09,04,36,14,386,19.5364,-155.57557,3397,tr,0.000,0.000000,0.120947,4.490640,-0.00040,-0.00631,-0.56555,-0.00035,-0.01126,-1.06374,-0.00039,-0.01115,-1.05319,-0.00039,-0.01172,-1.10608,-0.00037,-0.00916,-0.84934,-1.66932,0.00010,-0.00007,0.07226,-0.32861,0.00169,0.24937,-0.01508,-0.00097,-0.01917,0.15857,-0.10805,-10.57962,-10.43449,0.58656,3.98821,-3.98348
2022,05,09,04,36,14,637,19.5364,-155.57557,3397,tr,0.000,0.000000,-0.009067,15.045798,-0.00035,-0.00622,-0.56039,-0.00036,-0.01132,-1.06787,-0.00039,-0.01126,-1.05901,-0.00035,-0.01173,-1.11029,-0.00029,-0.00904,-0.84454,-1.66932,0.00015,-0.00003,0.07302,-0.32846,0.00178,0.25013,-0.01493,-0.00096,-0.01897,0.15854,-0.10797,-10.57526,-10.40377,0.58660,3.98815,-3.98348
2022,05,09,04,36,14,887,19.5364,-155.57557,3397,tr,0.000,0.000000,-0.193112,16.695882,-0.00041,-0.00615,-0.55177,-0.00044,-0.01139,-1.07425,-0.00039,-0.01119,-1.05495,-0.00035,-0.01179,-1.11409,-0.00033,-0.00927,-0.85600,-1.66931,0.00015,-0.00000,0.07272,-0.32871,0.00174,0.25006,-0.01502,-0.00083,-0.01824,0.15866,-0.10792,-10.57969,-10.44735,0.58663,3.98826,-3.98341
2022,05,09,04,36,15,137,19.5364,-155.57557,3397,tr,0.000,0.000000,0.179169,14.745520,-0.00043,-0.00636,-0.56856,-0.00044,-0.01137,-1.07382,-0.00044,-0.01115,-1.04489,-0.00038,-0.01170,-1.10891,-0.00031,-0.00918,-0.84994,-1.66927,0.00015,-0.00000,0.07256,-0.32857,0.00174,0.24959,-0.01504,-0.00094,-0.01937,0.15847,-0.10809,-10.57760,-10.41626,0.58655,3.98813,-3.98353
2022,05,09,04,36,15,386,19.5364,-155.57557,3397,tr,0.000,0.000000,-0.082320,11.893021,-0.00047,-0.00633,-0.56812,-0.00042,-0.01135,-1.07119,-0.00042,-0.01101,-1.03892,-0.00042,-0.01177,-1.11018,-0.00040,-0.00929,-0.85288,-1.66940,0.00003,-0.00008,0.07134,-0.32841,0.00160,0.24806,-0.01506,-0.00103,-0.02046,0.15833,-0.10809,-10.57969,-10.45009,0.58648,3.98805,-3.98359
2022,05,09,04,36,15,636,19.5364,-155.57557,3397,tr,0.000,0.000000,0.082693,21.911403,-0.00059,-0.00634,-0.56069,-0.00057,-0.01148,-1.07461,-0.00055,-0.01129,-1.05487,-0.00045,-0.01186,-1.11088,-0.00048,-0.00941,-0.86543,-1.66938,0.00001,-0.00008,0.07135,-0.32845,0.00161,0.24842,-0.01493,-0.00105,-0.02049,0.15853,-0.10802,-10.57545,-10.41231,0.58649,3.98805,-3.98363
2022,05,09,04,36,15,886,19.5364,-155.57557,3397,tr,0.000,0.000000,-0.061887,22.806557,-0.00056,-0.00647,-0.57671,-0.00052,-0.01151,-1.07722,-0.00048,-0.01130,-1.05476,-0.00051,-0.01190,-1.11120,-0.00050,-0.00936,-0.85862,-1.66948,-0.00003,-0.00014,0.07052,-0.32833,0.00159,0.24746,-0.01500,-0.00102,-0.02076,0.15840,-0.10798,-10.57967,-10.45867,0.58646,3.98808,-3.98361
2022,05,09,04,36,16,137,19.5364,-155.57557,3397,tr,0.000,0.000000,0.014362,-59.978886,-0.00058,-0.00638,-0.56400,-0.00050,-0.01143,-1.06991,-0.00053,-0.01130,-1.05302,-0.00045,-0.01185,-1.11447,-0.00043,-0.00932,-0.86297,-1.66934,0.00006,-0.00008,0.07197,-0.32847,0.00167,0.24892,-0.01471,-0.00102,-0.01977,0.15834,-0.10790,-10.57438,-10.41024,0.58650,3.98812,-3.98352
2022,05,09,04,36,16,387,19.5364,-155.57557,3397,tr,0.000,0.000000,0.004530,-29.117040,-0.00031,-0.00617,-0.55971,-0.00022,-0.01123,-1.06575,-0.00026,-0.01095,-1.03966,-0.00027,-0.01156,-1.09883,-0.00019,-0.00914,-0.85468,-1.66917,0.00024,0.00018,0.07523,-0.32836,0.00198,0.25258,-0.01452,-0.00074,-0.01588,0.15877,-0.10760,-10.57964,-10.45125,0.58673,3.98837,-3.98337
