YYYY,MM,DD,hh,mm,ss,msec,lat,lon,alt,state,elev_set,azi_set,elev_pid_out,azi_pid_out,CH1_0,CH1_2,CH1_4,CH2_0,CH2_2,CH2_4,CH3_0,CH3_2,CH3_4,CH4_0,CH4_2,CH4_4,CH5_0,CH5_2,CH5_4,Here,CH6_0,CH6_2,CH6_4,CH7_0,CH7_2,CH7_4,CH8_0,CH8_2,CH8_4,CH9_0,CH9_2,CH9_4,SPARE,5vRef_Temp,12POS_0_33,12NEG_0_33
2022,05,08,16,34,07,891,19.5364,-155.57557,3397,tr,0.000,0.000000,-0.000000,0.000000,-0.00126,-0.02218,-2.10761,-0.00132,-0.03261,-3.14683,-0.00136,-0.02908,-2.79232,-0.00154,-0.04906,-4.79077,-0.00131,-0.02977,-2.86570,-1.66823,-0.00058,0.00042,0.15559,-0.17731,0.00219,0.33749,0.09442,-0.00037,0.07855,0.27375,0.01675,1.79939,0.67992,0.62366,3.98305,-3.98206
2022,05,08,16,34,31,341,19.5364,-155.57557,3397,tr,0.000,0.000000,-0.000000,0.000000,-0.00183,-0.02496,-2.34628,-0.00179,-0.03525,-3.38013,-0.00197,-0.05305,-5.15365,-0.00843,-0.69192,-10.32770,-0.00573,-0.40371,-10.32540,-1.66887,-0.00094,-0.00038,0.11137,-0.18759,0.00179,0.33607,0.04934,-0.00094,0.05455,0.27112,-0.00848,-0.69070,-1.67611,0.62193,3.98258,-3.98129
2022,05,08,16,34,31,454,19.5364,-155.57557,3397,tr,0.000,0.000000,-0.000000,0.000000,-0.00172,-0.02472,-2.32689,-0.00184,-0.03525,-3.37810,-0.00199,-0.05317,-5.17164,-0.00842,-0.69778,-10.33470,-0.00574,-0.40991,-10.31944,-1.66877,-0.00088,-0.00036,0.11105,-0.18789,0.00190,0.33614,0.04854,-0.00098,0.05383,0.27098,-0.00902,-0.73954,-1.69952,0.62194,3.98253,-3.98129
2022,05,08,16,34,31,641,19.5364,-155.57557,3397,tr,0.000,0.000000,-0.000000,0.000000,-0.00178,-0.02490,-2.33738,-0.00179,-0.03520,-3.37712,-0.00206,-0.05326,-5.17551,-0.00846,-0.70018,-10.33544,-0.00584,-0.41134,-10.32914,-1.66874,-0.00093,-0.00039,0.11072,-0.18777,0.00189,0.33625,0.04839,-0.00097,0.05394,0.27110,-0.00925,-0.76376,-1.70789,0.62193,3.98250,-3.98125
2022,05,08,16,34,31,891,19.5364,-155.57557,3397,tr,0.000,0.000000,-0.000000,0.000000,-0.00168,-0.02480,-2.33290,-0.00174,-0.03529,-3.38543,-0.00192,-0.05369,-5.22413,-0.00853,-0.71350,-10.32900,-0.00593,-0.41943,-10.29503,-1.66884,-0.00097,-0.00050,0.10961,-0.18789,0.00179,0.33574,0.04770,-0.00098,0.05312,0.27123,-0.00944,-0.79068,-1.71135,0.62198,3.98262,-3.98124
2022,05,08,16,34,32,141,19.5364,-155.57557,3397,tr,0.000,0.000000,-0.000000,0.000000,-0.00172,-0.02495,-2.34421,-0.00178,-0.03537,-3.39184,-0.00198,-0.05395,-5.24246,-0.00865,-0.71758,-10.34223,-0.00581,-0.41929,-10.32031,-1.66877,-0.00094,-0.00037,0.10981,-0.18798,0.00187,0.33635,0.04751,-0.00098,0.05358,0.27102,-0.00961,-0.80849,-1.71736,0.62196,3.98261,-3.98126
2022,05,08,16,34,32,391,19.5364,-155.57557,3397,tr,0.000,0.000000,-0.000000,0.000000,-0.00167,-0.02503,-2.35545,-0.00177,-0.03530,-3.39204,-0.00196,-0.05386,-5.24179,-0.00866,-0.71938,-10.33071,-0.00589,-0.42065,-10.29421,-1.66881,-0.00103,-0.00042,0.10883,-0.18779,0.00175,0.33548,0.04676,-0.00106,0.05267,0.27106,-0.00995,-0.84407,-1.72176,0.62193,3.98271,-3.98120
2022,05,08,16,34,32,641,19.5364,-155.57557,3397,tr,0.000,0.000000,-0.000000,0.000000,-0.00175,-0.02513,-2.36261,-0.00181,-0.03539,-3.38895,-0.00200,-0.05411,-5.26515,-0.00878,-0.72659,-10.33801,-0.00596,-0.42668,-10.32165,-1.66880,-0.00096,-0.00041,0.10858,-0.18786,0.00189,0.33624,0.04617,-0.00095,0.05280,0.27104,-0.01038,-0.87713,-1.73803,0.62187,3.98255,-3.98125
2022,05,08,16,34,32,891,19.5364,-155.57557,3397,tr,0.000,0.000000,-0.000000,0.000000,-0.00171,-0.02509,-2.36143,-0.00174,-0.03549,-3.40300,-0.00199,-0.05465,-5.31740,-0.00888,-0.74130,-10.32638,-0.00609,-0.43582,-10.29129,-1.66880,-0.00101,-0.00041,0.10761,-0.18806,0.00180,0.33557,0.04563,-0.00105,0.05206,0.27106,-0.01061,-0.90252,-1.74533,0.62195,3.98258,-3.98126
2022,05,08,16,34,33,141,19.5364,-155.57557,3397,tr,0.000,0.000000,-0.000000,0.000000,-0.00173,-0.02510,-2.36092,-0.00184,-0.03551,-3.40200,-0.00200,-0.05499,-5.35287,-0.00900,-0.74991,-10.33299,-0.00607,-0.43972,-10.33116,-1.66881,-0.00088,-0.00041,0.10801,-0.18926,0.00183,0.33686,0.04531,-0.00094,0.05288,0.27115,-0.01088,-0.92777,-1.74930,0.62187,3.98265,-3.98121
2022,05,08,16,34,33,391,19.5364,-155.57557,3397,tr,0.000,0.000000,-0.000000,0.000000,-0.00180,-0.02524,-2.37393,-0.00179,-0.03554,-3.40727,-0.00201,-0.05496,-5.35018,-0.00898,-0.75003,-10.32804,-0.00609,-0.43811,-10.32794,-1.66878,-0.00093,-0.00041,0.10741,-0.18932,0.00188,0.33674,0.04451,-0.00093,0.05278,0.27119,-0.01105,-0.94703,-1.75627,0.62185,3.98260,-3.98123
2022,05,08,16,34,33,641,19.5364,-155.57557,3397,tr,0.000,0.000000,-0.000000,0.000000,-0.00168,-0.02522,-2.37404,-0.00174,-0.03553,-3.40933,-0.00197,-0.05521,-5.37680,-0.00903,-0.75776,-10.32087,-0.00610,-0.44439,-10.30979,-1.66882,-0.00105,-0.00051,0.10661,-0.18950,0.00180,0.33631,0.04396,-0.00102,0.05173,0.27112,-0.01169,-1.01024,-1.79598,0.62191,3.98264,-3.98118
2022,05,08,16,34,33,891,19.5364,-155.57557,3397,tr,0.000,0.000000,-0.000000,0.000000,-0.00176,-0.02539,-2.38692,-0.00177,-0.03558,-3.41497,-0.00204,-0.05560,-5.41706,-0.00917,-0.76924,-10.33190,-0.00621,-0.45316,-10.32762,-1.66879,-0.00096,-0.00041,0.10649,-0.18985,0.00185,0.33706,0.04338,-0.00099,0.05194,0.27112,-0.01191,-1.03496,-1.80761,0.62188,3.98264,-3.98120
2022,05,08,16,34,34,141,19.5364,-155.57557,3397,tr,0.000,0.000000,-0.000000,0.000000,-0.00170,-0.02527,-2.38311,-0.00172,-0.03560,-3.41884,-0.00192,-0.05606,-5.45514,-0.00924,-0.77940,-10.32846,-0.00629,-0.45774,-10.30757,-1.66879,-0.00097,-0.00049,0.10553,-0.18966,0.00182,0.33653,0.04273,-0.00106,0.05122,0.27121,-0.01210,-1.06010,-1.82126,0.62193,3.98264,-3.98119
2022,05,08,16,34,34,391,19.5364,-155.57557,3397,tr,0.000,0.000000,-0.000000,0.000000,-0.00172,-0.02545,-2.39133,-0.00179,-0.03569,-3.41941,-0.00202,-0.05612,-5.46402,-0.00932,-0.78338,-10.33598,-0.00623,-0.45915,-10.32082,-1.66875,-0.00088,-0.00044,0.10539,-0.18969,0.00191,0.33716,0.04225,-0.00097,0.05160,0.27114,-0.01242,-1.08394,-1.83295,0.62188,3.98260,-3.98116
2022,05,08,16,34,34,641,19.5364,-155.57557,3397,tr,0.000,0.000000,-0.000000,0.000000,-0.00165,-0.02533,-2.39155,-0.00177,-0.03558,-3.41486,-0.00194,-0.05609,-5.46813,-0.00930,-0.78714,-10.32164,-0.00632,-0.46176,-10.29636,-1.66881,-0.00095,-0.00047,0.10453,-0.18969,0.00180,0.33677,0.04168,-0.00104,0.05067,0.27121,-0.01295,-1.14529,-1.87275,0.62186,3.98267,-3.98115
2022,05,08,16,34,34,891,19.5364,-155.57557,3397,tr,0.000,0.000000,-0.000000,0.000000,-0.00175,-0.02543,-2.39445,-0.00178,-0.03572,-3.42055,-0.00203,-0.05655,-5.50928,-0.00943,-0.79782,-10.33288,-0.00633,-0.46994,-10.31093,-1.66875,-0.00091,-0.00039,0.10428,-0.18988,0.00191,0.33744,0.04109,-0.00095,0.05095,0.27135,-0.01315,-1.16166,-1.87988,0.62188,3.98265,-3.98123
2022,05,08,16,34,35,141,19.5364,-155.57557,3397,tr,0.000,0.000000,-0.000000,0.000000,-0.00167,-0.02535,-2.39562,-0.00177,-0.03576,-3.43011,-0.00194,-0.05690,-5.55036,-0.00955,-0.81058,-10.32303,-0.00648,-0.47703,-10.30240,-1.66882,-0.00102,-0.00049,0.10348,-0.19012,0.00181,0.33657,0.04058,-0.00108,0.05004,0.27127,-0.01339,-1.18497,-1.88548,0.62188,3.98264,-3.98119
2022,05,08,16,34,35,392,19.5364,-155.57557,3397,tr,0.000,0.000000,-0.000000,0.000000,-0.00174,-0.02556,-2.40489,-0.00177,-0.03578,-3.43163,-0.00205,-0.05718,-5.57031,-0.00961,-0.81205,-10.33824,-0.00642,-0.47728,-10.32428,-1.66881,-0.00094,-0.00048,0.10348,-0.19029,0.00181,0.33714,0.04021,-0.00098,0.05045,0.27118,-0.01374,-1.21447,-1.91082,0.62182,3.98263,-3.98117
2022,05,08,16,34,35,641,19.5364,-155.57557,3397,tr,0.000,0.000000,-0.000000,0.000000,-0.00168,-0.02552,-2.40520,-0.00175,-0.03576,-3.43470,-0.00199,-0.05721,-5.57842,-0.00961,-0.81603,-10.31772,-0.00648,-0.47866,-10.30979,-1.66882,-0.00103,-0.00050,0.10255,-0.19009,0.00179,0.33667,0.03979,-0.00105,0.04975,0.27136,-0.01367,-1.22002,-1.89808,0.62185,3.98264,-3.98115
2022,05,08,16,34,35,891,19.5364,-155.57557,3397,tr,0.000,0.000000,-0.000000,0.000000,-0.00174,-0.02570,-2.41446,-0.00177,-0.03584,-3.43896,-0.00212,-0.05760,-5.61383,-0.00982,-0.82585,-10.32589,-0.00657,-0.48676,-10.32656,-1.66881,-0.00098,-0.00050,0.10222,-0.19037,0.00188,0.33727,0.03891,-0.00103,0.04974,0.27140,-0.01439,-1.28340,-1.95262,0.62185,3.98270,-3.98115
2022,05,08,16,34,36,141,19.5364,-155.57557,3397,tr,0.000,0.000000,-0.000000,0.000000,-0.00170,-0.02573,-2.42641,-0.00172,-0.03590,-3.44590,-0.00201,-0.05801,-5.65169,-0.00977,-0.83756,-10.32864,-0.00668,-0.49455,-10.30744,-1.66885,-0.00103,-0.00059,0.10129,-0.19047,0.00182,0.33679,0.03827,-0.00103,0.04890,0.27114,-0.01473,-1.31999,-1.97949,0.62185,3.98268,-3.98113
2022,05,08,16,34,36,391,19.5364,-155.57557,3397,tr,0.000,0.000000,-0.000000,0.000000,-0.00172,-0.02574,-2.41891,-0.00175,-0.03601,-3.45346,-0.00203,-0.05832,-5.68134,-0.00996,-0.84481,-10.33400,-0.00666,-0.49633,-10.32276,-1.66877,-0.00089,-0.00049,0.10125,-0.19080,0.00183,0.33660,0.03788,-0.00102,0.04948,0.26986,-0.01478,-1.32253,-1.97685,0.62179,3.98265,-3.98120
2022,05,08,16,34,36,641,19.5364,-155.57557,3397,tr,0.000,0.000000,-0.000000,0.000000,-0.00166,-0.02575,-2.42508,-0.00177,-0.03596,-3.45343,-0.00201,-0.05836,-5.69496,-0.00995,-0.84913,-10.32012,-0.00671,-0.49959,-10.30956,-1.66879,-0.00094,-0.00054,0.10025,-0.19071,0.00181,0.33534,0.03730,-0.00108,0.04843,0.26970,-0.01538,-1.38327,-2.02949,0.62181,3.98267,-3.98112
2022,05,08,16,34,36,891,19.5364,-155.57557,3397,tr,0.000,0.000000,-0.000000,0.000000,-0.00171,-0.02570,-2.42046,-0.00184,-0.03606,-3.45991,-0.00205,-0.05878,-5.72967,-0.01002,-0.85672,-10.33694,-0.00672,-0.50643,-10.31468,-1.66875,-0.00095,-0.00047,0.10025,-0.19076,0.00184,0.33584,0.03668,-0.00101,0.04874,0.26958,-0.01559,-1.40171,-2.03926,0.62175,3.98263,-3.98113
2022,05,08,16,34,37,141,19.5364,-155.57557,3397,tr,0.000,0.000000,-0.000000,0.000000,-0.00172,-0.02571,-2.42605,-0.00171,-0.03604,-3.46001,-0.00196,-0.05896,-5.74840,-0.01011,-0.86561,-10.32648,-0.00674,-0.51119,-10.29277,-1.66879,-0.00097,-0.00052,0.09957,-0.19102,0.00182,0.33519,0.03637,-0.00104,0.04824,0.26948,-0.01543,-1.39104,-2.01968,0.62177,3.98269,-3.98110
2022,05,08,16,34,37,391,19.5364,-155.57557,3397,tr,0.000,0.000000,-0.000000,0.000000,-0.00178,-0.02577,-2.42693,-0.00182,-0.03618,-3.46790,-0.00204,-0.05932,-5.78170,-0.01022,-0.87240,-10.33216,-0.00682,-0.51390,-10.32354,-1.66881,-0.00088,-0.00048,0.09913,-0.19095,0.00187,0.33596,0.03579,-0.00102,0.04846,0.26985,-0.01581,-1.41871,-2.04373,0.62172,3.98260,-3.98118
2022,05,08,16,34,37,641,19.5364,-155.57557,3397,tr,0.000,0.000000,-0.000000,0.000000,-0.00172,-0.02573,-2.43046,-0.00178,-0.03612,-3.46871,-0.00201,-0.05935,-5.78845,-0.01022,-0.87733,-10.31847,-0.00692,-0.51632,-10.30382,-1.66889,-0.00104,-0.00059,0.09812,-0.19091,0.00173,0.33521,0.03530,-0.00112,0.04771,0.26978,-0.01592,-1.43981,-2.05713,0.62172,3.98264,-3.98117
2022,05,08,16,34,37,891,19.5364,-155.57557,3397,tr,0.000,0.000000,-0.000000,0.000000,-0.00179,-0.02600,-2.44547,-0.00185,-0.03624,-3.47506,-0.00209,-0.05952,-5.80712,-0.01031,-0.88147,-10.33385,-0.00691,-0.52055,-10.32350,-1.66882,-0.00096,-0.00052,0.09823,-0.19105,0.00186,0.33581,0.03476,-0.00102,0.04795,0.26945,-0.01643,-1.48310,-2.09468,0.62173,3.98260,-3.98118
2022,05,08,16,34,38,141,19.5364,-155.57557,3397,tr,0.000,0.000000,-0.000000,0.000000,-0.00169,-0.02601,-2.44800,-0.00179,-0.03617,-3.47729,-0.00206,-0.06001,-5.85824,-0.01034,-0.89447,-10.31268,-0.00703,-0.52943,-10.30883,-1.66886,-0.00102,-0.00057,0.09709,-0.19136,0.00180,0.33531,0.03385,-0.00107,0.04709,0.26963,-0.01672,-1.51827,-2.12553,0.62173,3.98268,-3.98112
2022,05,08,16,34,38,392,19.5364,-155.57557,3397,tr,0.000,0.000000,-0.000000,0.000000,-0.00181,-0.02605,-2.44696,-0.00181,-0.03637,-3.48962,-0.00214,-0.06051,-5.90150,-0.01056,-0.90523,-10.32970,-0.00702,-0.53448,-10.31905,-1.66881,-0.00099,-0.00059,0.09683,-0.19155,0.00181,0.33580,0.03326,-0.00102,0.04728,0.26955,-0.01704,-1.54875,-2.15456,0.62174,3.98265,-3.98113
2022,05,08,16,34,38,641,19.5364,-155.57557,3397,tr,0.000,0.000000,-0.000000,0.000000,-0.00172,-0.02599,-2.45191,-0.00177,-0.03632,-3.48717,-0.00205,-0.06048,-5.89752,-0.01054,-0.90595,-10.33185,-0.00710,-0.53440,-10.30769,-1.66888,-0.00105,-0.00062,0.09607,-0.19169,0.00178,0.33556,0.03296,-0.00109,0.04664,0.26981,-0.01707,-1.55705,-2.15730,0.62166,3.98265,-3.98109
2022,05,08,16,34,38,891,19.5364,-155.57557,3397,tr,0.000,0.000000,-0.000000,0.000000,-0.00178,-0.02610,-2.45551,-0.00182,-0.03636,-3.48581,-0.00212,-0.06077,-5.92408,-0.01062,-0.91354,-10.33569,-0.00709,-0.53970,-10.31918,-1.66882,-0.00097,-0.00059,0.09617,-0.19169,0.00183,0.33608,0.03258,-0.00114,0.04671,0.26969,-0.01775,-1.61193,-2.21195,0.62166,3.98261,-3.98110
2022,05,08,16,34,39,141,19.5364,-155.57557,3397,tr,0.000,0.000000,-0.000000,0.000000,-0.00171,-0.02602,-2.46419,-0.00179,-0.03635,-3.49280,-0.00204,-0.06086,-5.94070,-0.01061,-0.91983,-10.32783,-0.00717,-0.54424,-10.30190,-1.66886,-0.00100,-0.00058,0.09554,-0.19184,0.00178,0.33595,0.03222,-0.00111,0.04608,0.26994,-0.01789,-1.63669,-2.23071,0.62170,3.98268,-3.98110
2022,05,08,16,34,39,391,19.5364,-155.57557,3397,tr,0.000,0.000000,-0.000000,0.000000,-0.00181,-0.02616,-2.46106,-0.00190,-0.03648,-3.49888,-0.00211,-0.06153,-6.00294,-0.01093,-0.93554,-10.33521,-0.00722,-0.55348,-10.30959,-1.66882,-0.00099,-0.00056,0.09490,-0.19211,0.00184,0.33601,0.03122,-0.00107,0.04607,0.26947,-0.01839,-1.67705,-2.26834,0.62167,3.98261,-3.98113
2022,05,08,16,34,39,641,19.5364,-155.57557,3397,tr,0.000,0.000000,-0.000000,0.000000,-0.00172,-0.02616,-2.46211,-0.00178,-0.03654,-3.50333,-0.00203,-0.06162,-6.01713,-0.01089,-0.93836,-10.32675,-0.00731,-0.55478,-10.29934,-1.66885,-0.00097,-0.00062,0.09398,-0.19207,0.00179,0.33582,0.03067,-0.00108,0.04546,0.26996,-0.01839,-1.69082,-2.27820,0.62170,3.98263,-3.98111
2022,05,08,16,34,39,891,19.5364,-155.57557,3397,tr,0.000,0.000000,-0.000000,0.000000,-0.00177,-0.02637,-2.48280,-0.00186,-0.03668,-3.51871,-0.00212,-0.06206,-6.05491,-0.01098,-0.94671,-10.33808,-0.00724,-0.55876,-10.31873,-1.66883,-0.00094,-0.00054,0.09355,-0.19216,0.00180,0.33619,0.02997,-0.00107,0.04543,0.26988,-0.01916,-1.76146,-2.34362,0.62162,3.98264,-3.98101
2022,05,08,16,34,40,141,19.5364,-155.57557,3397,tr,0.000,0.000000,-0.000000,0.000000,-0.00176,-0.02638,-2.49104,-0.00177,-0.03658,-3.51368,-0.00205,-0.06216,-6.07326,-0.01103,-0.95455,-10.31655,-0.00736,-0.56540,-10.30402,-1.66890,-0.00098,-0.00061,0.09271,-0.19234,0.00180,0.33846,0.02922,-0.00111,0.04464,0.27252,-0.01951,-1.79255,-2.37383,0.62171,3.98260,-3.98108
2022,05,08,16,34,40,391,19.5364,-155.57557,3397,tr,0.000,0.000000,-0.000000,0.000000,-0.00175,-0.02651,-2.49481,-0.00187,-0.03668,-3.52199,-0.00215,-0.06271,-6.11991,-0.01117,-0.96724,-10.32072,-0.00740,-0.57259,-10.32012,-1.66879,-0.00100,-0.00060,0.09268,-0.19263,0.00186,0.33889,0.02872,-0.00105,0.04506,0.27224,-0.01981,-1.82153,-2.40044,0.62166,3.98259,-3.98107
2022,05,08,16,34,40,641,19.5364,-155.57557,3397,tr,0.000,0.000000,-0.000000,0.000000,-0.00172,-0.02637,-2.48485,-0.00177,-0.03667,-3.52631,-0.00206,-0.06289,-6.14392,-0.01118,-0.97485,-10.31882,-0.00752,-0.57743,-10.30630,-1.66883,-0.00103,-0.00067,0.09172,-0.19287,0.00182,0.33868,0.02804,-0.00110,0.04439,0.27237,-0.01997,-1.84258,-2.41584,0.62165,3.98262,-3.98102
2022,05,08,16,34,40,891,19.5364,-155.57557,3397,tr,0.000,0.000000,-0.000000,0.000000,-0.00181,-0.02643,-2.49116,-0.00183,-0.03683,-3.53381,-0.00212,-0.06316,-6.16364,-0.01138,-0.98152,-10.33633,-0.00752,-0.58019,-10.32171,-1.66877,-0.00089,-0.00064,0.09133,-0.19311,0.00183,0.33921,0.02721,-0.00110,0.04423,0.27234,-0.02069,-1.91098,-2.48547,0.62166,3.98260,-3.98108
2022,05,08,16,34,41,142,19.5364,-155.57557,3397,tr,0.000,0.000000,-0.000000,0.000000,-0.00174,-0.02657,-2.50639,-0.00176,-0.03677,-3.53109,-0.00207,-0.06353,-6.20422,-0.01135,-0.98890,-10.32324,-0.00760,-0.58525,-10.30099,-1.66885,-0.00101,-0.00070,0.09001,-0.19341,0.00183,0.33860,0.02623,-0.00116,0.04346,0.27231,-0.02100,-1.94943,-2.52622,0.62164,3.98267,-3.98103
2022,05,08,16,34,41,391,19.5364,-155.57557,3397,tr,0.000,0.000000,-0.000000,0.000000,-0.00178,-0.02666,-2.51451,-0.00185,-0.03693,-3.54441,-0.00213,-0.06405,-6.25300,-0.01162,-1.00512,-10.33895,-0.00772,-0.59664,-10.31666,-1.66879,-0.00097,-0.00056,0.08964,-0.19335,0.00185,0.33925,0.02559,-0.00109,0.04333,0.27242,-0.02166,-2.00629,-2.58908,0.62159,3.98262,-3.98104
2022,05,08,16,34,41,641,19.5364,-155.57557,3397,tr,0.000,0.000000,-0.000000,0.000000,-0.00165,-0.02645,-2.49678,-0.00186,-0.03697,-3.55079,-0.00205,-0.06428,-6.28156,-0.01156,-1.01374,-10.31674,-0.00769,-0.60082,-10.29184,-1.66883,-0.00094,-0.00066,0.08897,-0.19367,0.00180,0.33903,0.02486,-0.00116,0.04248,0.27236,-0.02201,-2.04497,-2.61029,0.62159,3.98264,-3.98097
2022,05,08,16,34,41,891,19.5364,-155.57557,3397,tr,0.000,0.000000,-0.000000,0.000000,-0.00182,-0.02681,-2.52762,-0.00184,-0.03705,-3.55190,-0.00215,-0.06464,-6.31266,-0.01177,-1.02039,-10.33808,-0.00771,-0.60450,-10.31639,-1.66880,-0.00092,-0.00061,0.08867,-0.19365,0.00187,0.33951,0.02442,-0.00112,0.04276,0.27232,-0.02249,-2.08657,-2.64810,0.62155,3.98259,-3.98105
2022,05,08,16,34,42,141,19.5364,-155.57557,3397,tr,0.000,0.000000,-0.000000,0.000000,-0.00175,-0.02668,-2.51337,-0.00176,-0.03703,-3.55571,-0.00206,-0.06477,-6.33390,-0.01180,-1.02872,-10.31323,-0.00784,-0.61155,-10.30509,-1.66893,-0.00097,-0.00066,0.08757,-0.19388,0.00179,0.33896,0.02348,-0.00117,0.04170,0.27217,-0.02303,-2.15072,-2.71135,0.62163,3.98264,-3.98099
2022,05,08,16,34,42,391,19.5364,-155.57557,3397,tr,0.000,0.000000,-0.000000,0.000000,-0.00183,-0.02672,-2.52188,-0.00185,-0.03720,-3.56738,-0.00211,-0.06536,-6.38843,-0.01199,-1.04371,-10.33025,-0.00787,-0.62008,-10.32444,-1.66879,-0.00092,-0.00060,0.08748,-0.19444,0.00185,0.33847,0.02275,-0.00115,0.04221,0.27084,-0.02340,-2.17701,-2.74031,0.62153,3.98255,-3.98097
2022,05,08,16,34,42,641,19.5364,-155.57557,3397,tr,0.000,0.000000,-0.000000,0.000000,-0.00172,-0.02684,-2.53101,-0.00172,-0.03718,-3.57499,-0.00212,-0.06556,-6.41005,-0.01198,-1.05285,-10.31516,-0.00805,-0.62613,-10.30674,-1.66886,-0.00101,-0.00072,0.08628,-0.19416,0.00172,0.33766,0.02202,-0.00116,0.04103,0.27092,-0.02372,-2.21700,-2.77414,0.62164,3.98260,-3.98093
2022,05,08,16,34,42,891,19.5364,-155.57557,3397,tr,0.000,0.000000,-0.000000,0.000000,-0.00178,-0.02698,-2.54394,-0.00186,-0.03730,-3.57748,-0.00218,-0.06599,-6.44495,-0.01213,-1.05797,-10.31224,-0.00796,-0.62691,-10.31264,-1.66883,-0.00098,-0.00067,0.08582,-0.19436,0.00182,0.33816,0.02127,-0.00116,0.04138,0.27081,-0.02409,-2.24750,-2.80312,0.62154,3.98265,-3.98100
