%Mission: 
%Operator: 
%Time: 2022,05,06,23:19:15.976
%File: C:\Users\pop\Documents\5STARG_Data\5STARG_20220506_231915_RADIOMETERS.dat
%Notes: 
YYYY,MM,DD,hh:mm:ss,CH1_0,CH1_2,CH1_4,CH2_0,CH2_2,CH2_4,CH3_0,CH3_2,CH3_4,CH4_0,CH4_2,CH4_4,CH5_0,CH5_2,CH5_4,Here,CH6_0,CH6_2,CH6_4,CH7_0,CH7_2,CH7_4,CH8_0,CH8_2,CH8_4,CH9_0,CH9_2,CH9_4,SPARE,5vRef_Temp,12POS_0_33,12NEG_0_33
2022,05,06,23:19:15.977,-0.00071,-0.00297,-0.21566,-0.00058,-0.00899,-0.81988,-0.00063,-0.01232,-1.15332,-0.00067,-0.01402,-1.31670,-0.00063,-0.01001,-0.91540,-1.67000,0.00005,-0.01150,-1.06267,-1.74302,-0.00956,-0.85957,-1.15596,-0.01310,-1.21948,-0.95592,-1.31458,-10.24210,-9.94221,0.57585,3.99302,-3.98661
2022,05,06,23:19:16.091,-0.00063,-0.00287,-0.20197,-0.00070,-0.00892,-0.81182,-0.00067,-0.01231,-1.14737,-0.00065,-0.01391,-1.31248,-0.00056,-0.01003,-0.92189,-1.66999,0.00001,-0.01154,-1.06261,-1.74296,-0.00957,-0.85947,-1.15602,-0.01312,-1.21945,-0.95587,-1.31435,-10.21571,-9.95229,0.57572,3.99301,-3.98666
2022,05,06,23:19:16.205,-0.00067,-0.00289,-0.20428,-0.00064,-0.00894,-0.81165,-0.00065,-0.01233,-1.14799,-0.00059,-0.01393,-1.31686,-0.00059,-0.01000,-0.91760,-1.67002,0.00001,-0.01151,-1.06238,-1.74312,-0.00956,-0.85976,-1.15591,-0.01312,-1.21963,-0.95590,-1.31447,-10.20551,-9.94537,0.57579,3.99301,-3.98665
2022,05,06,23:19:16.320,-0.00069,-0.00292,-0.20883,-0.00064,-0.00897,-0.81552,-0.00067,-0.01220,-1.14298,-0.00058,-0.01401,-1.31594,-0.00057,-0.01006,-0.92061,-1.67005,-0.00009,-0.01152,-1.06278,-1.74296,-0.00961,-0.85975,-1.15601,-0.01314,-1.21972,-0.95592,-1.31443,-10.21831,-9.95117,0.57572,3.99306,-3.98663
2022,05,06,23:19:16.434,-0.00064,-0.00287,-0.21079,-0.00055,-0.00894,-0.81211,-0.00067,-0.01233,-1.14791,-0.00061,-0.01395,-1.31884,-0.00058,-0.01005,-0.91712,-1.67001,0.00000,-0.01150,-1.06272,-1.74262,-0.00955,-0.85985,-1.15591,-0.01315,-1.21961,-0.95599,-1.31419,-10.24607,-9.97568,0.57582,3.99301,-3.98663
2022,05,06,23:19:16.549,-0.00059,-0.00295,-0.21642,-0.00062,-0.00887,-0.81278,-0.00068,-0.01233,-1.15074,-0.00064,-0.01405,-1.32191,-0.00065,-0.01002,-0.91954,-1.67003,-0.00005,-0.01160,-1.06296,-1.74270,-0.00954,-0.85995,-1.15591,-0.01315,-1.21957,-0.95570,-1.31449,-10.23085,-9.96173,0.57585,3.99303,-3.98665
2022,05,06,23:19:16.663,-0.00061,-0.00276,-0.20113,-0.00058,-0.00903,-0.81957,-0.00064,-0.01231,-1.14646,-0.00066,-0.01401,-1.32008,-0.00063,-0.01006,-0.91918,-1.67000,-0.00004,-0.01151,-1.06272,-1.74273,-0.00952,-0.85958,-1.15595,-0.01312,-1.21927,-0.95594,-1.31428,-10.24876,-9.96542,0.57581,3.99306,-3.98664
2022,05,06,23:19:16.779,-0.00063,-0.00287,-0.20628,-0.00063,-0.00905,-0.81960,-0.00069,-0.01230,-1.14607,-0.00066,-0.01405,-1.32203,-0.00064,-0.01007,-0.92153,-1.66995,0.00007,-0.01153,-1.06259,-1.74273,-0.00951,-0.85897,-1.15592,-0.01315,-1.21917,-0.95521,-1.31411,-10.23343,-9.93456,0.57577,3.99307,-3.98667
2022,05,06,23:19:16.893,-0.00070,-0.00277,-0.20149,-0.00064,-0.00897,-0.81789,-0.00070,-0.01247,-1.15956,-0.00062,-0.01408,-1.32235,-0.00055,-0.00998,-0.92271,-1.67001,0.00003,-0.01148,-1.06219,-1.74292,-0.00952,-0.85905,-1.15557,-0.01308,-1.21932,-0.95567,-1.31429,-10.21309,-9.92770,0.57577,3.99307,-3.98666
2022,05,06,23:19:17.009,-0.00066,-0.00284,-0.20254,-0.00068,-0.00897,-0.81529,-0.00062,-0.01246,-1.16554,-0.00064,-0.01401,-1.32129,-0.00056,-0.00999,-0.91458,-1.66998,0.00005,-0.01147,-1.06223,-1.74369,-0.00958,-0.85897,-1.15585,-0.01317,-1.21943,-0.95510,-1.31412,-10.21614,-9.92467,0.57578,3.99311,-3.98663
2022,05,06,23:19:17.123,-0.00062,-0.00283,-0.20417,-0.00062,-0.00891,-0.81686,-0.00065,-0.01236,-1.15636,-0.00059,-0.01398,-1.31631,-0.00059,-0.01003,-0.92092,-1.67001,-0.00002,-0.01152,-1.06249,-1.74399,-0.00951,-0.85969,-1.15567,-0.01317,-1.21943,-0.95569,-1.31414,-10.21039,-9.90390,0.57576,3.99306,-3.98661
2022,05,06,23:19:17.237,-0.00064,-0.00286,-0.21166,-0.00059,-0.00897,-0.81774,-0.00061,-0.01239,-1.16019,-0.00061,-0.01398,-1.31635,-0.00061,-0.01014,-0.92386,-1.67004,0.00001,-0.01153,-1.06397,-1.74432,-0.00957,-0.85957,-1.15731,-0.01317,-1.21954,-0.95555,-1.31426,-10.25228,-9.94479,0.57582,3.99307,-3.98665
2022,05,06,23:19:17.351,-0.00063,-0.00279,-0.20588,-0.00058,-0.00890,-0.81653,-0.00064,-0.01239,-1.15937,-0.00066,-0.01399,-1.32078,-0.00058,-0.01005,-0.91777,-1.66999,0.00002,-0.01153,-1.06426,-1.74400,-0.00958,-0.85969,-1.15725,-0.01308,-1.21940,-0.95563,-1.31437,-10.24743,-9.93676,0.57581,3.99307,-3.98658
2022,05,06,23:19:17.466,-0.00060,-0.00282,-0.20032,-0.00062,-0.00896,-0.81636,-0.00068,-0.01242,-1.15685,-0.00061,-0.01395,-1.31283,-0.00064,-0.01003,-0.91856,-1.66997,0.00001,-0.01154,-1.06404,-1.74419,-0.00951,-0.85917,-1.15723,-0.01313,-1.21891,-0.95558,-1.31383,-10.23337,-9.91765,0.57581,3.99304,-3.98658
2022,05,06,23:19:17.580,-0.00068,-0.00292,-0.21123,-0.00064,-0.00897,-0.82075,-0.00067,-0.01239,-1.15619,-0.00066,-0.01404,-1.31583,-0.00055,-0.01003,-0.92019,-1.67004,0.00000,-0.01149,-1.06383,-1.74337,-0.00957,-0.85907,-1.15716,-0.01312,-1.21863,-0.95542,-1.31378,-10.22975,-9.91619,0.57579,3.99302,-3.98665
2022,05,06,23:19:17.694,-0.00069,-0.00307,-0.22608,-0.00068,-0.00897,-0.81294,-0.00068,-0.01243,-1.15688,-0.00063,-0.01392,-1.31464,-0.00058,-0.01001,-0.91785,-1.66997,0.00004,-0.01152,-1.06383,-1.74395,-0.00950,-0.85890,-1.15712,-0.01315,-1.21865,-0.95525,-1.31358,-10.21499,-9.90131,0.57577,3.99309,-3.98664
2022,05,06,23:19:17.810,-0.00068,-0.00287,-0.20262,-0.00064,-0.00889,-0.81404,-0.00063,-0.01241,-1.16159,-0.00058,-0.01401,-1.31862,-0.00055,-0.00992,-0.91155,-1.66996,-0.00002,-0.01150,-1.06351,-1.74402,-0.00957,-0.85922,-1.15694,-0.01318,-1.21894,-0.95554,-1.31367,-10.20237,-9.90557,0.57580,3.99307,-3.98671
2022,05,06,23:19:17.924,-0.00057,-0.00286,-0.20833,-0.00057,-0.00896,-0.81527,-0.00064,-0.01241,-1.15659,-0.00068,-0.01395,-1.31572,-0.00057,-0.01002,-0.92321,-1.66999,-0.00002,-0.01158,-1.06374,-1.74332,-0.00956,-0.85910,-1.15691,-0.01314,-1.21903,-0.95490,-1.31365,-10.21839,-9.90402,0.57580,3.99311,-3.98666
2022,05,06,23:19:18.039,-0.00060,-0.00289,-0.21465,-0.00059,-0.00887,-0.81346,-0.00065,-0.01235,-1.15647,-0.00059,-0.01398,-1.31417,-0.00062,-0.01005,-0.92195,-1.67001,0.00002,-0.01159,-1.06404,-1.74264,-0.00954,-0.85884,-1.15716,-0.01314,-1.21880,-0.95482,-1.31343,-10.24956,-9.93286,0.57582,3.99307,-3.98664
2022,05,06,23:19:18.153,-0.00061,-0.00285,-0.20877,-0.00057,-0.00892,-0.81529,-0.00069,-0.01249,-1.16360,-0.00069,-0.01397,-1.31269,-0.00063,-0.01009,-0.92728,-1.67003,-0.00007,-0.01155,-1.06386,-1.74244,-0.00951,-0.85865,-1.15690,-0.01305,-1.21865,-0.95469,-1.31355,-10.24001,-9.93364,0.57578,3.99311,-3.98671
2022,05,06,23:19:18.268,-0.00063,-0.00278,-0.20308,-0.00060,-0.00890,-0.80830,-0.00066,-0.01247,-1.16572,-0.00066,-0.01395,-1.31199,-0.00058,-0.01004,-0.91984,-1.67002,0.00004,-0.01151,-1.06351,-1.74200,-0.00949,-0.85851,-1.15679,-0.01313,-1.21833,-0.95477,-1.31331,-10.24931,-9.93270,0.57578,3.99302,-3.98662
2022,05,06,23:19:18.382,-0.00066,-0.00279,-0.19537,-0.00064,-0.00891,-0.80749,-0.00065,-0.01240,-1.15069,-0.00070,-0.01400,-1.31490,-0.00062,-0.01006,-0.92316,-1.66993,0.00002,-0.01152,-1.06331,-1.74225,-0.00952,-0.85853,-1.15664,-0.01313,-1.21847,-0.95477,-1.31356,-10.21595,-9.89127,0.57577,3.99308,-3.98663
2022,05,06,23:19:18.496,-0.00072,-0.00289,-0.21276,-0.00064,-0.00895,-0.81364,-0.00067,-0.01240,-1.15884,-0.00063,-0.01395,-1.31124,-0.00061,-0.00993,-0.91425,-1.67001,0.00001,-0.01148,-1.06320,-1.74214,-0.00953,-0.85837,-1.15655,-0.01313,-1.21846,-0.95466,-1.31335,-10.21542,-9.90813,0.57580,3.99311,-3.98672
2022,05,06,23:19:18.610,-0.00067,-0.00297,-0.21020,-0.00066,-0.00898,-0.81703,-0.00066,-0.01241,-1.15892,-0.00060,-0.01390,-1.31159,-0.00055,-0.00996,-0.91588,-1.66993,0.00006,-0.01145,-1.06158,-1.74223,-0.00953,-0.85852,-1.15498,-0.01318,-1.21861,-0.95483,-1.31329,-10.21851,-9.90807,0.57573,3.99305,-3.98666
2022,05,06,23:19:18.725,-0.00062,-0.00298,-0.21601,-0.00063,-0.00889,-0.80997,-0.00067,-0.01234,-1.15357,-0.00068,-0.01396,-1.31654,-0.00058,-0.00998,-0.91812,-1.67002,0.00003,-0.01154,-1.06164,-1.74218,-0.00959,-0.85860,-1.15477,-0.01311,-1.21862,-0.95462,-1.31333,-10.20852,-9.89205,0.57577,3.99309,-3.98660
2022,05,06,23:19:18.840,-0.00062,-0.00284,-0.20482,-0.00062,-0.00893,-0.81662,-0.00061,-0.01226,-1.14564,-0.00066,-0.01406,-1.31574,-0.00063,-0.01000,-0.91688,-1.67008,0.00005,-0.01149,-1.06152,-1.74227,-0.00961,-0.85886,-1.15469,-0.01313,-1.21845,-0.95486,-1.31313,-10.24558,-9.93227,0.57581,3.99310,-3.98658
2022,05,06,23:19:18.954,-0.00061,-0.00287,-0.21000,-0.00057,-0.00888,-0.81279,-0.00065,-0.01236,-1.14960,-0.00070,-0.01400,-1.31819,-0.00060,-0.00998,-0.90943,-1.67000,-0.00004,-0.01156,-1.06186,-1.74207,-0.00946,-0.85854,-1.15488,-0.01316,-1.21804,-0.95461,-1.31299,-10.25086,-9.94337,0.57581,3.99302,-3.98658
2022,05,06,23:19:19.069,-0.00066,-0.00294,-0.21742,-0.00065,-0.00901,-0.82041,-0.00072,-0.01234,-1.14634,-0.00071,-0.01403,-1.31940,-0.00061,-0.01001,-0.91976,-1.67000,-0.00001,-0.01153,-1.06138,-1.74219,-0.00952,-0.85853,-1.15458,-0.01312,-1.21812,-0.95450,-1.31312,-10.23221,-9.92720,0.57577,3.99306,-3.98665
2022,05,06,23:19:19.184,-0.00064,-0.00286,-0.19923,-0.00065,-0.00895,-0.81564,-0.00072,-0.01227,-1.14819,-0.00072,-0.01399,-1.31682,-0.00057,-0.01000,-0.92009,-1.66999,0.00001,-0.01148,-1.06092,-1.74167,-0.00954,-0.85808,-1.15442,-0.01311,-1.21779,-0.95429,-1.31283,-10.21861,-9.90878,0.57573,3.99299,-3.98662
2022,05,06,23:19:19.298,-0.00068,-0.00290,-0.21011,-0.00062,-0.00892,-0.81537,-0.00065,-0.01228,-1.14341,-0.00064,-0.01398,-1.31333,-0.00062,-0.01000,-0.91986,-1.66998,0.00005,-0.01146,-1.06116,-1.74208,-0.00950,-0.85812,-1.15447,-0.01321,-1.21792,-0.95437,-1.31276,-10.21727,-9.91286,0.57578,3.99305,-3.98658
2022,05,06,23:19:19.413,-0.00072,-0.00288,-0.20738,-0.00062,-0.00890,-0.81580,-0.00066,-0.01227,-1.14790,-0.00060,-0.01392,-1.31515,-0.00058,-0.00998,-0.91696,-1.66996,0.00000,-0.01148,-1.06117,-1.74202,-0.00959,-0.85864,-1.15443,-0.01316,-1.21820,-0.95464,-1.31292,-10.24759,-9.94098,0.57571,3.99307,-3.98667
2022,05,06,23:19:19.526,-0.00066,-0.00273,-0.19375,-0.00062,-0.00881,-0.80793,-0.00066,-0.01228,-1.14868,-0.00066,-0.01393,-1.31360,-0.00060,-0.01009,-0.92552,-1.67000,0.00001,-0.01155,-1.06127,-1.74229,-0.00957,-0.85790,-1.15451,-0.01314,-1.21832,-0.95402,-1.31294,-10.21682,-9.90892,0.57577,3.99308,-3.98658
2022,05,06,23:19:19.640,-0.00063,-0.00278,-0.20148,-0.00059,-0.00883,-0.80597,-0.00064,-0.01229,-1.14570,-0.00064,-0.01396,-1.31301,-0.00063,-0.01006,-0.92007,-1.66999,-0.00000,-0.01155,-1.06138,-1.74188,-0.00954,-0.85845,-1.15442,-0.01314,-1.21833,-0.95436,-1.31310,-10.24670,-9.93471,0.57577,3.99310,-3.98660
2022,05,06,23:19:19.755,-0.00062,-0.00277,-0.19312,-0.00057,-0.00890,-0.80990,-0.00062,-0.01235,-1.15353,-0.00065,-0.01393,-1.31064,-0.00060,-0.01005,-0.92045,-1.67003,-0.00000,-0.01151,-1.06139,-1.74164,-0.00948,-0.85847,-1.15443,-0.01309,-1.21809,-0.95475,-1.31302,-10.24075,-9.93049,0.57582,3.99307,-3.98659
2022,05,06,23:19:19.870,-0.00059,-0.00284,-0.20518,-0.00068,-0.00895,-0.81315,-0.00070,-0.01229,-1.14633,-0.00070,-0.01397,-1.31167,-0.00061,-0.01005,-0.92114,-1.67000,0.00004,-0.01151,-1.06114,-1.74203,-0.00954,-0.85818,-1.15431,-0.01308,-1.21790,-0.95429,-1.31285,-10.24712,-9.93686,0.57572,3.99305,-3.98663
2022,05,06,23:19:19.984,-0.00067,-0.00277,-0.19523,-0.00066,-0.00895,-0.81451,-0.00068,-0.01244,-1.15600,-0.00065,-0.01397,-1.31496,-0.00057,-0.01007,-0.92401,-1.66996,0.00002,-0.01151,-1.06081,-1.74178,-0.00952,-0.85803,-1.15420,-0.01312,-1.21775,-0.95429,-1.31285,-10.21472,-9.88773,0.57576,3.99307,-3.98661
2022,05,06,23:19:20.099,-0.00068,-0.00295,-0.21018,-0.00066,-0.00893,-0.81515,-0.00071,-0.01239,-1.15581,-0.00066,-0.01399,-1.31490,-0.00057,-0.00988,-0.91052,-1.67001,0.00005,-0.01149,-1.06084,-1.74177,-0.00946,-0.85770,-1.15421,-0.01316,-1.21786,-0.95400,-1.31272,-10.21492,-9.91021,0.57573,3.99297,-3.98661
2022,05,06,23:19:20.213,-0.00066,-0.00301,-0.21845,-0.00066,-0.00894,-0.81536,-0.00060,-0.01229,-1.15107,-0.00061,-0.01392,-1.31390,-0.00054,-0.01005,-0.92473,-1.66996,0.00005,-0.01151,-1.06096,-1.74177,-0.00949,-0.85820,-1.15428,-0.01307,-1.21639,-0.95425,-1.31118,-10.21792,-9.90812,0.57578,3.99305,-3.98660
2022,05,06,23:19:20.328,-0.00060,-0.00285,-0.20734,-0.00059,-0.00887,-0.81077,-0.00065,-0.01223,-1.14745,-0.00061,-0.01395,-1.31403,-0.00058,-0.01003,-0.92327,-1.67002,0.00000,-0.01157,-1.06104,-1.74200,-0.00953,-0.85827,-1.15431,-0.01314,-1.21640,-0.95431,-1.31110,-10.21246,-9.91529,0.57575,3.99309,-3.98655
2022,05,06,23:19:20.442,-0.00058,-0.00265,-0.18929,-0.00057,-0.00893,-0.81355,-0.00062,-0.01233,-1.15258,-0.00066,-0.01398,-1.31383,-0.00063,-0.01005,-0.91623,-1.67002,-0.00002,-0.01146,-1.06107,-1.74189,-0.00960,-0.85819,-1.15415,-0.01309,-1.21643,-0.95395,-1.31125,-10.24376,-9.93293,0.57581,3.99302,-3.98658
2022,05,06,23:19:20.557,-0.00061,-0.00297,-0.21455,-0.00060,-0.00889,-0.81377,-0.00068,-0.01233,-1.14932,-0.00065,-0.01397,-1.31524,-0.00065,-0.01010,-0.92574,-1.66998,0.00003,-0.01156,-1.06091,-1.74189,-0.00954,-0.85769,-1.15393,-0.01314,-1.21618,-0.95383,-1.31101,-10.24510,-9.93337,0.57576,3.99306,-3.98659
2022,05,06,23:19:20.671,-0.00062,-0.00299,-0.21546,-0.00061,-0.00891,-0.81206,-0.00073,-0.01228,-1.14710,-0.00067,-0.01392,-1.30811,-0.00061,-0.00999,-0.91738,-1.67000,0.00001,-0.01146,-1.06060,-1.74167,-0.00950,-0.85768,-1.15378,-0.01308,-1.21572,-0.95407,-1.31079,-10.23087,-9.93025,0.57573,3.99303,-3.98669
2022,05,06,23:19:20.786,-0.00062,-0.00301,-0.22356,-0.00064,-0.00903,-0.82074,-0.00067,-0.01235,-1.15123,-0.00067,-0.01400,-1.31323,-0.00060,-0.00992,-0.91574,-1.66997,0.00005,-0.01148,-1.06023,-1.74178,-0.00948,-0.85736,-1.15367,-0.01309,-1.21568,-0.95373,-1.31071,-10.21900,-9.90816,0.57577,3.99299,-3.98657
2022,05,06,23:19:20.900,-0.00066,-0.00299,-0.21522,-0.00066,-0.00900,-0.81799,-0.00062,-0.01236,-1.15385,-0.00064,-0.01395,-1.31078,-0.00061,-0.00990,-0.91173,-1.67002,0.00002,-0.01147,-1.06049,-1.74164,-0.00952,-0.85742,-1.15384,-0.01314,-1.21597,-0.95381,-1.31074,-10.22151,-9.91513,0.57578,3.99305,-3.98660
2022,05,06,23:19:21.015,-0.00069,-0.00295,-0.21128,-0.00054,-0.00901,-0.81834,-0.00065,-0.01234,-1.15131,-0.00058,-0.01393,-1.31122,-0.00058,-0.00995,-0.91359,-1.66999,-0.00001,-0.01155,-1.06325,-1.74156,-0.00954,-0.85766,-1.15668,-0.01312,-1.21605,-0.95370,-1.31081,-10.22981,-9.92105,0.57576,3.99303,-3.98658
2022,05,06,23:19:21.129,-0.00058,-0.00304,-0.22799,-0.00057,-0.00901,-0.81861,-0.00065,-0.01217,-1.14299,-0.00064,-0.01387,-1.30868,-0.00061,-0.00993,-0.91089,-1.67003,0.00002,-0.01155,-1.06350,-1.74139,-0.00959,-0.85750,-1.15672,-0.01315,-1.21625,-0.95368,-1.31093,-10.23014,-9.92544,0.57575,3.99311,-3.98658
2022,05,06,23:19:21.243,-0.00062,-0.00290,-0.21257,-0.00062,-0.00890,-0.81028,-0.00065,-0.01226,-1.14365,-0.00070,-0.01393,-1.31215,-0.00061,-0.01000,-0.91762,-1.67001,-0.00003,-0.01158,-1.06342,-1.74150,-0.00952,-0.85773,-1.15658,-0.01310,-1.21601,-0.95361,-1.31075,-10.24560,-9.92586,0.57574,3.99307,-3.98660
2022,05,06,23:19:21.358,-0.00063,-0.00284,-0.21331,-0.00059,-0.00897,-0.81733,-0.00063,-0.01226,-1.14200,-0.00065,-0.01398,-1.31405,-0.00058,-0.01005,-0.91778,-1.66999,0.00000,-0.01152,-1.06346,-1.74146,-0.00949,-0.85760,-1.15643,-0.01310,-1.21572,-0.95367,-1.31069,-10.24219,-9.93282,0.57580,3.99306,-3.98663
2022,05,06,23:19:21.472,-0.00061,-0.00293,-0.21046,-0.00071,-0.00892,-0.81401,-0.00067,-0.01235,-1.15403,-0.00062,-0.01392,-1.31237,-0.00064,-0.00997,-0.91304,-1.66998,0.00007,-0.01145,-1.06315,-1.74150,-0.00947,-0.85727,-1.15635,-0.01305,-1.21549,-0.95365,-1.31047,-10.24845,-9.93247,0.57573,3.99303,-3.98663
2022,05,06,23:19:21.587,-0.00062,-0.00304,-0.22410,-0.00068,-0.00897,-0.81625,-0.00067,-0.01238,-1.15064,-0.00066,-0.01391,-1.30941,-0.00055,-0.01001,-0.92018,-1.67001,0.00003,-0.01151,-1.06301,-1.74166,-0.00951,-0.85747,-1.15637,-0.01314,-1.21528,-0.95386,-1.31026,-10.21311,-9.89766,0.57569,3.99304,-3.98661
2022,05,06,23:19:21.701,-0.00068,-0.00308,-0.22664,-0.00067,-0.00893,-0.81279,-0.00068,-0.01224,-1.14478,-0.00060,-0.01399,-1.31333,-0.00057,-0.01000,-0.91694,-1.66998,0.00004,-0.01150,-1.06279,-1.74156,-0.00950,-0.85736,-1.15619,-0.01311,-1.21537,-0.95361,-1.31022,-10.21549,-9.90597,0.57573,3.99302,-3.98659
2022,05,06,23:19:21.815,-0.00070,-0.00311,-0.23712,-0.00061,-0.00890,-0.81280,-0.00067,-0.01224,-1.14234,-0.00065,-0.01391,-1.30840,-0.00053,-0.00999,-0.92094,-1.67001,0.00001,-0.01155,-1.06280,-1.74163,-0.00957,-0.85778,-1.15615,-0.01320,-1.21553,-0.95354,-1.31033,-10.21791,-9.90758,0.57571,3.99304,-3.98658
2022,05,06,23:19:21.929,-0.00059,-0.00313,-0.22952,-0.00058,-0.00891,-0.81070,-0.00066,-0.01227,-1.15050,-0.00064,-0.01387,-1.30560,-0.00059,-0.01004,-0.91748,-1.67001,-0.00000,-0.01154,-1.06298,-1.74169,-0.00954,-0.85719,-1.15620,-0.01311,-1.21552,-0.95294,-1.31016,-10.22372,-9.91613,0.57578,3.99308,-3.98654
2022,05,06,23:19:22.044,-0.00064,-0.00294,-0.22108,-0.00065,-0.00887,-0.81324,-0.00067,-0.01225,-1.14651,-0.00067,-0.01396,-1.30977,-0.00062,-0.01005,-0.92162,-1.67005,0.00002,-0.01150,-1.06306,-1.74157,-0.00952,-0.85725,-1.15612,-0.01309,-1.21511,-0.95330,-1.30990,-10.25021,-9.93794,0.57577,3.99312,-3.98654
2022,05,06,23:19:22.159,-0.00063,-0.00305,-0.22831,-0.00056,-0.00886,-0.80778,-0.00068,-0.01229,-1.14688,-0.00067,-0.01393,-1.30980,-0.00062,-0.01009,-0.92242,-1.67002,0.00004,-0.01150,-1.06287,-1.74143,-0.00948,-0.85726,-1.15590,-0.01307,-1.21501,-0.95360,-1.31003,-10.24658,-9.94021,0.57577,3.99316,-3.98663
2022,05,06,23:19:22.273,-0.00067,-0.00293,-0.20971,-0.00064,-0.00896,-0.81610,-0.00071,-0.01242,-1.15658,-0.00061,-0.01392,-1.31016,-0.00057,-0.01001,-0.91738,-1.66996,0.00002,-0.01150,-1.06280,-1.74140,-0.00952,-0.85723,-1.15610,-0.01308,-1.21503,-0.95347,-1.31013,-10.23701,-9.93195,0.57573,3.99299,-3.98665
2022,05,06,23:19:22.389,-0.00060,-0.00301,-0.22586,-0.00063,-0.00903,-0.81561,-0.00066,-0.01244,-1.15615,-0.00067,-0.01385,-1.30636,-0.00059,-0.01003,-0.92407,-1.66996,0.00004,-0.01150,-1.06265,-1.74119,-0.00948,-0.85710,-1.15604,-0.01305,-1.21522,-0.95353,-1.31012,-10.21514,-9.90793,0.57567,3.99302,-3.98661
2022,05,06,23:19:22.503,-0.00063,-0.00299,-0.22139,-0.00060,-0.00883,-0.80809,-0.00058,-0.01234,-1.15312,-0.00064,-0.01379,-1.30569,-0.00059,-0.01003,-0.92516,-1.66994,0.00004,-0.01155,-1.06328,-1.74141,-0.00949,-0.85663,-1.15682,-0.01313,-1.21499,-0.95309,-1.30976,-10.21757,-9.90446,0.57573,3.99307,-3.98659
2022,05,06,23:19:22.617,-0.00070,-0.00302,-0.22542,-0.00060,-0.00896,-0.81730,-0.00063,-0.01234,-1.15227,-0.00062,-0.01389,-1.30738,-0.00058,-0.01003,-0.92234,-1.66997,-0.00003,-0.01152,-1.06346,-1.74115,-0.00952,-0.85707,-1.15664,-0.01310,-1.21550,-0.95332,-1.31057,-10.21177,-9.90832,0.57573,3.99309,-3.98659
2022,05,06,23:19:22.732,-0.00060,-0.00305,-0.22637,-0.00065,-0.00898,-0.81924,-0.00060,-0.01222,-1.14510,-0.00065,-0.01391,-1.31053,-0.00056,-0.01008,-0.92291,-1.67002,-0.00000,-0.01153,-1.06339,-1.74106,-0.00951,-0.85748,-1.15656,-0.01311,-1.21691,-0.95334,-1.31154,-10.24343,-9.93379,0.57577,3.99309,-3.98661
2022,05,06,23:19:22.846,-0.00065,-0.00305,-0.22405,-0.00058,-0.00887,-0.81255,-0.00060,-0.01238,-1.15156,-0.00067,-0.01411,-1.32569,-0.00062,-0.01000,-0.91834,-1.66993,0.00002,-0.01156,-1.06279,-1.74113,-0.00955,-0.85747,-1.15589,-0.01309,-1.21666,-0.95329,-1.31149,-10.24188,-9.91408,0.57578,3.99313,-3.98659
2022,05,06,23:19:22.960,-0.00063,-0.00300,-0.22555,-0.00061,-0.00899,-0.81743,-0.00066,-0.01229,-1.14829,-0.00067,-0.01412,-1.32689,-0.00062,-0.00995,-0.91437,-1.67001,0.00000,-0.01153,-1.06253,-1.74104,-0.00954,-0.85691,-1.15560,-0.01311,-1.21650,-0.95318,-1.31150,-10.24397,-9.93605,0.57577,3.99312,-3.98666
2022,05,06,23:19:23.075,-0.00067,-0.00301,-0.22401,-0.00066,-0.00904,-0.82175,-0.00069,-0.01234,-1.14886,-0.00059,-0.01402,-1.31750,-0.00063,-0.01003,-0.91853,-1.66999,0.00006,-0.01151,-1.06248,-1.74121,-0.00952,-0.85683,-1.15574,-0.01307,-1.21637,-0.95315,-1.31146,-10.24941,-9.93798,0.57572,3.99305,-3.98669
2022,05,06,23:19:23.189,-0.00066,-0.00315,-0.23254,-0.00067,-0.00894,-0.81350,-0.00068,-0.01227,-1.14239,-0.00068,-0.01387,-1.30997,-0.00056,-0.00993,-0.91598,-1.66999,0.00005,-0.01146,-1.06202,-1.74094,-0.00950,-0.85670,-1.15547,-0.01313,-1.21635,-0.95316,-1.31140,-10.20556,-9.90200,0.57573,3.99308,-3.98666
2022,05,06,23:19:23.304,-0.00064,-0.00306,-0.22223,-0.00060,-0.00900,-0.81879,-0.00064,-0.01223,-1.15047,-0.00062,-0.01391,-1.31133,-0.00055,-0.00997,-0.91663,-1.67000,0.00002,-0.01146,-1.06175,-1.74114,-0.00956,-0.85660,-1.15520,-0.01309,-1.21646,-0.95304,-1.31125,-10.22550,-9.91959,0.57569,3.99304,-3.98671
2022,05,06,23:19:23.419,-0.00065,-0.00282,-0.20286,-0.00063,-0.00894,-0.81021,-0.00062,-0.01228,-1.14896,-0.00062,-0.01394,-1.31390,-0.00056,-0.00999,-0.91636,-1.67001,0.00000,-0.01155,-1.06213,-1.74119,-0.00951,-0.85690,-1.15541,-0.01315,-1.21663,-0.95267,-1.31131,-10.21992,-9.91236,0.57576,3.99304,-3.98661
2022,05,06,23:19:23.533,-0.00060,-0.00309,-0.22797,-0.00061,-0.00881,-0.80872,-0.00066,-0.01219,-1.14207,-0.00064,-0.01425,-1.34344,-0.00060,-0.00994,-0.91506,-1.66999,0.00000,-0.01153,-1.06211,-1.74097,-0.00953,-0.85698,-1.15524,-0.01311,-1.21661,-0.95301,-1.31135,-10.23206,-9.93052,0.57574,3.99311,-3.98666
2022,05,06,23:19:23.648,-0.00064,-0.00297,-0.22893,-0.00059,-0.00890,-0.81173,-0.00058,-0.01228,-1.14645,-0.00064,-0.01428,-1.34652,-0.00060,-0.01006,-0.92421,-1.67000,-0.00000,-0.01150,-1.06222,-1.74042,-0.00954,-0.85697,-1.15522,-0.01308,-1.21655,-0.95305,-1.31136,-10.24920,-9.93528,0.57572,3.99312,-3.98662
2022,05,06,23:19:23.762,-0.00059,-0.00303,-0.22814,-0.00061,-0.00901,-0.82013,-0.00067,-0.01235,-1.15264,-0.00070,-0.01417,-1.33674,-0.00060,-0.01008,-0.92162,-1.66999,0.00001,-0.01150,-1.06220,-1.74088,-0.00954,-0.85664,-1.15517,-0.01310,-1.21618,-0.95286,-1.31105,-10.25052,-9.94613,0.57576,3.99309,-3.98664
2022,05,06,23:19:23.876,-0.00065,-0.00297,-0.21854,-0.00060,-0.00903,-0.81787,-0.00066,-0.01237,-1.15275,-0.00066,-0.01427,-1.34020,-0.00059,-0.01003,-0.92203,-1.66998,-0.00001,-0.01147,-1.06184,-1.74090,-0.00949,-0.85637,-1.15521,-0.01306,-1.21601,-0.95268,-1.31112,-10.23598,-9.92543,0.57571,3.99305,-3.98668
2022,05,06,23:19:23.990,-0.00065,-0.00308,-0.22796,-0.00063,-0.00900,-0.81865,-0.00067,-0.01225,-1.14227,-0.00070,-0.01419,-1.33941,-0.00059,-0.00999,-0.91976,-1.66994,0.00008,-0.01143,-1.06164,-1.74042,-0.00949,-0.85652,-1.15510,-0.01307,-1.21605,-0.95286,-1.31098,-10.21862,-9.90818,0.57571,3.99305,-3.98659
2022,05,06,23:19:24.105,-0.00065,-0.00306,-0.22657,-0.00060,-0.00898,-0.81765,-0.00059,-0.01229,-1.14989,-0.00061,-0.01418,-1.33720,-0.00061,-0.00992,-0.91376,-1.66997,0.00003,-0.01148,-1.06152,-1.74065,-0.00951,-0.85638,-1.15498,-0.01310,-1.21620,-0.95263,-1.31107,-10.21804,-9.90312,0.57571,3.99306,-3.98663
2022,05,06,23:19:24.219,-0.00067,-0.00297,-0.22247,-0.00061,-0.00891,-0.81187,-0.00063,-0.01231,-1.15065,-0.00059,-0.01421,-1.34079,-0.00053,-0.00991,-0.91314,-1.66998,-0.00002,-0.01151,-1.06163,-1.74063,-0.00956,-0.85682,-1.15489,-0.01313,-1.21627,-0.95272,-1.31103,-10.21248,-9.90690,0.57573,3.99315,-3.98663
2022,05,06,23:19:24.333,-0.00062,-0.00316,-0.24349,-0.00060,-0.00894,-0.81624,-0.00062,-0.01229,-1.14908,-0.00063,-0.01415,-1.33502,-0.00063,-0.00999,-0.91561,-1.67003,-0.00006,-0.01150,-1.06288,-1.74086,-0.00948,-0.85682,-1.15609,-0.01310,-1.21626,-0.95260,-1.31087,-10.24578,-9.93600,0.57573,3.99308,-3.98659
2022,05,06,23:19:24.448,-0.00062,-0.00310,-0.23289,-0.00056,-0.00895,-0.81833,-0.00057,-0.01227,-1.14844,-0.00067,-0.01423,-1.34077,-0.00063,-0.01002,-0.91673,-1.67001,0.00003,-0.01158,-1.06327,-1.74066,-0.00956,-0.85665,-1.15624,-0.01308,-1.21600,-0.95249,-1.31085,-10.24100,-9.91647,0.57576,3.99315,-3.98657
2022,05,06,23:19:24.563,-0.00065,-0.00287,-0.20998,-0.00065,-0.00901,-0.82038,-0.00066,-0.01233,-1.15008,-0.00065,-0.01429,-1.34289,-0.00060,-0.00998,-0.91534,-1.67000,0.00003,-0.01150,-1.06321,-1.74021,-0.00954,-0.85643,-1.15625,-0.01304,-1.21555,-0.95279,-1.31058,-10.24747,-9.93633,0.57576,3.99311,-3.98661
2022,05,06,23:19:24.677,-0.00059,-0.00313,-0.23212,-0.00062,-0.00896,-0.81511,-0.00065,-0.01221,-1.13873,-0.00065,-0.01428,-1.34571,-0.00061,-0.00995,-0.91336,-1.66997,0.00000,-0.01151,-1.06293,-1.74055,-0.00943,-0.85589,-1.15619,-0.01310,-1.21579,-0.95227,-1.31085,-10.24257,-9.92433,0.57575,3.99306,-3.98663
2022,05,06,23:19:24.791,-0.00069,-0.00309,-0.22599,-0.00067,-0.00896,-0.81528,-0.00073,-0.01219,-1.13720,-0.00063,-0.01419,-1.33963,-0.00056,-0.00996,-0.91324,-1.66999,0.00006,-0.01152,-1.06268,-1.74059,-0.00948,-0.85622,-1.15608,-0.01311,-1.21579,-0.95253,-1.31085,-10.20653,-9.89905,0.57575,3.99302,-3.98666
2022,05,06,23:19:24.906,-0.00063,-0.00316,-0.23318,-0.00062,-0.00895,-0.81146,-0.00064,-0.01218,-1.13826,-0.00061,-0.01428,-1.34501,-0.00059,-0.00997,-0.92010,-1.66998,0.00001,-0.01147,-1.06263,-1.74060,-0.00955,-0.85618,-1.15615,-0.01308,-1.21591,-0.95237,-1.31068,-10.21678,-9.91153,0.57573,3.99303,-3.98663
2022,05,06,23:19:25.021,-0.00067,-0.00302,-0.22499,-0.00061,-0.00886,-0.81351,-0.00063,-0.01217,-1.13577,-0.00064,-0.01424,-1.34131,-0.00057,-0.01004,-0.92081,-1.67002,0.00002,-0.01151,-1.06289,-1.74055,-0.00954,-0.85605,-1.15608,-0.01315,-1.21573,-0.95193,-1.31049,-10.22153,-9.91468,0.57575,3.99308,-3.98656
2022,05,06,23:19:25.135,-0.00062,-0.00307,-0.23027,-0.00056,-0.00886,-0.80968,-0.00068,-0.01212,-1.13302,-0.00058,-0.01422,-1.34276,-0.00061,-0.01007,-0.92421,-1.66999,-0.00001,-0.01153,-1.06290,-1.74024,-0.00957,-0.85652,-1.15596,-0.01313,-1.21594,-0.95243,-1.31042,-10.23253,-9.93017,0.57573,3.99311,-3.98659
2022,05,06,23:19:25.250,-0.00062,-0.00311,-0.23340,-0.00058,-0.00884,-0.80917,-0.00064,-0.01218,-1.13889,-0.00067,-0.01422,-1.33813,-0.00067,-0.00995,-0.91542,-1.67000,-0.00003,-0.01154,-1.06280,-1.74000,-0.00951,-0.85634,-1.15589,-0.01306,-1.21568,-0.95236,-1.31054,-10.26127,-9.94732,0.57576,3.99307,-3.98653
2022,05,06,23:19:25.364,-0.00064,-0.00314,-0.23632,-0.00067,-0.00891,-0.81591,-0.00069,-0.01221,-1.13939,-0.00065,-0.01420,-1.33706,-0.00061,-0.01001,-0.91642,-1.67003,0.00000,-0.01150,-1.06269,-1.74033,-0.00944,-0.85600,-1.15574,-0.01308,-1.21542,-0.95209,-1.31042,-10.25000,-9.93458,0.57579,3.99309,-3.98654
2022,05,06,23:19:25.478,-0.00067,-0.00308,-0.22292,-0.00058,-0.00894,-0.81312,-0.00067,-0.01224,-1.14107,-0.00066,-0.01427,-1.34284,-0.00057,-0.01004,-0.91746,-1.67001,0.00000,-0.01151,-1.06261,-1.74066,-0.00948,-0.85583,-1.15589,-0.01307,-1.21544,-0.95212,-1.31054,-10.22669,-9.91471,0.57578,3.99301,-3.98664
2022,05,06,23:19:25.593,-0.00065,-0.00312,-0.23401,-0.00067,-0.00891,-0.81006,-0.00069,-0.01227,-1.14422,-0.00070,-0.01418,-1.33952,-0.00057,-0.01005,-0.92680,-1.66996,0.00005,-0.01148,-1.06230,-1.74018,-0.00948,-0.85563,-1.15579,-0.01306,-1.21568,-0.95207,-1.31059,-10.21791,-9.90903,0.57569,3.99309,-3.98661
2022,05,06,23:19:25.707,-0.00064,-0.00306,-0.22759,-0.00065,-0.00888,-0.81196,-0.00062,-0.01222,-1.13990,-0.00063,-0.01420,-1.34012,-0.00062,-0.00993,-0.91465,-1.66994,0.00001,-0.01155,-1.06262,-1.74035,-0.00952,-0.85597,-1.15610,-0.01310,-1.21579,-0.95221,-1.31060,-10.21773,-9.89999,0.57575,3.99302,-3.98664
2022,05,06,23:19:25.823,-0.00071,-0.00291,-0.20993,-0.00052,-0.00885,-0.80937,-0.00060,-0.01221,-1.13922,-0.00063,-0.01426,-1.34323,-0.00054,-0.01002,-0.92003,-1.67001,0.00001,-0.01154,-1.06253,-1.74030,-0.00956,-0.85616,-1.15580,-0.01310,-1.21586,-0.95229,-1.31056,-10.22625,-9.92765,0.57575,3.99302,-3.98661
2022,05,06,23:19:25.937,-0.00061,-0.00301,-0.22354,-0.00059,-0.00899,-0.81664,-0.00060,-0.01217,-1.13653,-0.00060,-0.01418,-1.33919,-0.00061,-0.01004,-0.91686,-1.66996,-0.00003,-0.01151,-1.06311,-1.74058,-0.00955,-0.85636,-1.15611,-0.01315,-1.21574,-0.95220,-1.31040,-10.24737,-9.94127,0.57571,3.99306,-3.98655
2022,05,06,23:19:26.052,-0.00059,-0.00300,-0.21824,-0.00061,-0.00897,-0.81590,-0.00072,-0.01224,-1.14140,-0.00068,-0.01423,-1.33819,-0.00058,-0.01020,-0.93683,-1.66999,-0.00006,-0.01151,-1.06320,-1.74028,-0.00956,-0.85644,-1.15607,-0.01308,-1.21574,-0.95232,-1.31043,-10.23149,-9.92798,0.57576,3.99306,-3.98655
2022,05,06,23:19:26.167,-0.00062,-0.00295,-0.21874,-0.00062,-0.00895,-0.81472,-0.00063,-0.01220,-1.13555,-0.00065,-0.01420,-1.33847,-0.00063,-0.01025,-0.93756,-1.67003,0.00003,-0.01148,-1.06303,-1.74057,-0.00945,-0.85614,-1.15624,-0.01303,-1.21552,-0.95250,-1.31052,-10.24516,-9.93609,0.57578,3.99299,-3.98658
2022,05,06,23:19:26.281,-0.00067,-0.00322,-0.23890,-0.00067,-0.00892,-0.81035,-0.00067,-0.01221,-1.13707,-0.00064,-0.01428,-1.34278,-0.00060,-0.01020,-0.93431,-1.66998,0.00005,-0.01149,-1.06279,-1.73996,-0.00948,-0.85581,-1.15611,-0.01310,-1.21559,-0.95199,-1.31065,-10.22327,-9.91703,0.57570,3.99305,-3.98663
2022,05,06,23:19:26.396,-0.00070,-0.00291,-0.21536,-0.00065,-0.00900,-0.81685,-0.00067,-0.01221,-1.13333,-0.00060,-0.01415,-1.33883,-0.00058,-0.00990,-0.91093,-1.67000,0.00002,-0.01145,-1.06256,-1.74042,-0.00951,-0.85608,-1.15596,-0.01310,-1.21563,-0.95241,-1.31050,-10.20926,-9.90305,0.57572,3.99307,-3.98672
2022,05,06,23:19:26.510,-0.00067,-0.00318,-0.23852,-0.00064,-0.00893,-0.81618,-0.00068,-0.01211,-1.13592,-0.00068,-0.01416,-1.33419,-0.00053,-0.00992,-0.91219,-1.66997,0.00005,-0.01152,-1.06243,-1.74026,-0.00950,-0.85631,-1.15604,-0.01311,-1.21575,-0.95225,-1.31044,-10.22780,-9.91916,0.57570,3.99310,-3.98661
2022,05,06,23:19:26.625,-0.00064,-0.00293,-0.21338,-0.00058,-0.00892,-0.81476,-0.00059,-0.01214,-1.13361,-0.00064,-0.01415,-1.33801,-0.00060,-0.01005,-0.92428,-1.66999,-0.00004,-0.01161,-1.06293,-1.73998,-0.00958,-0.85645,-1.15607,-0.01311,-1.21572,-0.95264,-1.31045,-10.21744,-9.89463,0.57578,3.99310,-3.98661
