%Mission: 
%Operator: 
%Time: 2022,05,06,19:25:14.104
%File: C:\Users\pop\Documents\5STARG_Data\5STARG_20220506_192514_RADIOMETERS.dat
%Notes: 
YYYY,MM,DD,hh:mm:ss,CH1_0,CH1_2,CH1_4,CH2_0,CH2_2,CH2_4,CH3_0,CH3_2,CH3_4,CH4_0,CH4_2,CH4_4,CH5_0,CH5_2,CH5_4,Here,CH6_0,CH6_2,CH6_4,CH7_0,CH7_2,CH7_4,CH8_0,CH8_2,CH8_4,CH9_0,CH9_2,CH9_4,SPARE,5vRef_Temp,12POS_0_33,12NEG_0_33
2022,05,06,19:25:14.104,-0.0024084980,-0.0298212022,-2.8728284836,-0.0183512252,-0.0022369912,-0.1095755547,-0.0023122567,-0.0146656800,-1.3604941368,-0.0024084980,-0.0377796106,-3.6689469814,-0.0022752408,-0.0152110467,-1.4074190855,-1.6689668894,-0.0024788282,0.0894305930,9.0304489136,3.5763700008,0.1326496899,10.1216945648,9.1777143478,0.0645386502,6.5322799683,10.1216945648,6.6790809631,10.1216945648,9.7199115753,0.5960320234,3.9685957432,-3.9981424809
2022,05,06,19:25:14.603,-0.0023998609,-0.0296928808,-2.8672106266,-0.0184462313,-0.0022456283,-0.1103096977,-0.0022505636,-0.0148618640,-1.3689140081,-0.0024911668,-0.0376759656,-3.6513607502,-0.0022616684,-0.0151567571,-1.3997679949,-1.6690162420,-0.0024961021,0.0894009769,9.0335769653,3.5755467415,0.1326805353,10.1216945648,9.1802377701,0.0644251257,6.5302252769,10.1216945648,6.6779618263,10.1216945648,9.7317724228,0.5957087278,3.9684934616,-3.9983496666
2022,05,06,19:25:15.103,-0.0025614968,-0.0298273712,-2.8690490723,-0.0188595764,-0.0025763032,-0.1169404760,-0.0025392873,-0.0150420079,-1.3558449745,-0.0026787138,-0.0374390632,-3.6190001965,-0.0023468048,-0.0150444750,-1.3959553242,-1.6689484119,-0.0024701911,0.0892269909,9.0305948257,3.5793943405,0.1319228709,10.1216945648,9.1803245544,0.0641400740,6.5282568932,10.1216945648,6.6781539917,10.1216945648,9.7406034470,0.5955693126,3.9683156013,-3.9985213280
2022,05,06,19:25:15.603,-0.0028872362,-0.0301802568,-2.8734121323,-0.0189866628,-0.0028465188,-0.1229999661,-0.0028958733,-0.0152048776,-1.3673211336,-0.0030254289,-0.0377314910,-3.6174418926,-0.0028428172,-0.0157255661,-1.4137253761,-1.6694703102,-0.0029723728,0.0889579803,9.0276727676,3.5792834759,0.1318229139,10.1216945648,9.1808662415,0.0638932735,6.5254807472,10.1216945648,6.6797175407,10.1216945648,9.7464704514,0.5952064991,3.9680428505,-3.9987199306
2022,05,06,19:25:16.104,-0.0029353569,-0.0303813759,-2.8813607693,-0.0188028179,-0.0026700767,-0.1188171804,-0.0027330036,-0.0152307888,-1.3733115196,-0.0029600342,-0.0376204439,-3.6076757908,-0.0027243665,-0.0155293830,-1.4050328732,-1.6693469286,-0.0028317126,0.0890998915,9.0312051773,3.5824325085,0.1320549101,10.1216945648,9.1832914352,0.0641758591,6.5303139687,10.1216945648,6.6806206703,10.1216945648,9.7476806641,0.5954829454,3.9683625698,-3.9984805584
2022,05,06,19:25:16.603,-0.0028193740,-0.0302814338,-2.8881962299,-0.0189027600,-0.0026589718,-0.1179522425,-0.0026663751,-0.0151394829,-1.3601424694,-0.0028711960,-0.0372231379,-3.5715286732,-0.0027107941,-0.0154368430,-1.3975001574,-1.6693259478,-0.0028255433,0.0891418457,9.0324583054,3.5853557587,0.1320252866,10.1216945648,9.1847610474,0.0642165840,6.5324525833,10.1216945648,6.6824522018,10.1216945648,9.7493715286,0.5953841805,3.9683909416,-3.9984941483
2022,05,06,19:25:17.104,-0.0027934627,-0.0302801989,-2.8842034340,-0.0188299622,-0.0026367623,-0.1177832037,-0.0026885846,-0.0149519360,-1.3485157490,-0.0028810671,-0.0371663794,-3.5683920383,-0.0026848831,-0.0154010616,-1.3977603912,-1.6693334579,-0.0028045676,0.0891295001,9.0340414047,3.5878977776,0.1320647746,10.1216945648,9.1854867935,0.0641931370,6.5322241783,10.1216945648,6.6816945076,10.1216945648,9.7520589828,0.5953903794,3.9684131145,-3.9984743595
2022,05,06,19:25:17.605,-0.0028045676,-0.0302086361,-2.8755788803,-0.0188126881,-0.0026515687,-0.1180090010,-0.0026762460,-0.0152579332,-1.3782370090,-0.0028810671,-0.0370874144,-3.5593578815,-0.0026873506,-0.0154504161,-1.3983070850,-1.6693185568,-0.0028452850,0.0891529471,9.0362911224,3.5833258629,0.1310726553,10.1216945648,9.1870565414,0.0642153472,6.5309991837,10.1216945648,6.6808304787,10.1216945648,9.7553100586,0.5953187943,3.9684007168,-3.9984841347
2022,05,06,19:25:18.104,-0.0028045676,-0.0303924810,-2.9034283161,-0.0188756157,-0.0026367623,-0.1190244630,-0.0026787138,-0.0153455371,-1.3786047697,-0.0028736638,-0.0368690193,-3.5346546173,-0.0026959877,-0.0154096987,-1.3914085627,-1.6693778038,-0.0028193740,0.0891788602,9.0373573303,3.5894932747,0.1308579445,10.1216945648,9.1872501373,0.0642153472,6.5325045586,10.1216945648,6.6823239326,10.1216945648,9.7617683411,0.5952546000,3.9684464931,-3.9984631538
2022,05,06,19:25:18.605,-0.0027749548,-0.0302925371,-2.8907775879,-0.0189533494,-0.0026268915,-0.1185778081,-0.0026688427,-0.0150074596,-1.3542803526,-0.0028995748,-0.0366666690,-3.5223555565,-0.0026811813,-0.0155392541,-1.4106185436,-1.6693630219,-0.0028107369,0.0889098570,9.0109052658,3.5867612362,0.1308579445,10.1216945648,9.1596412659,0.0642560646,6.5319428444,10.1216945648,6.6817054749,10.1216945648,9.7564802170,0.5952200890,3.9684131145,-3.9985299110
2022,05,06,19:25:19.105,-0.0028267771,-0.0300408304,-2.8609032631,-0.0188904218,-0.0026256577,-0.1180028319,-0.0025985127,-0.0153319649,-1.3875008821,-0.0028995748,-0.0364198945,-3.4929797649,-0.0026836491,-0.0151160397,-1.3605804443,-1.6693655252,-0.0028082691,0.0889024511,9.0109558105,3.5830087662,0.1308900267,10.1216945648,9.1623601913,0.0642486662,6.5350489616,10.1216945648,6.6839933395,10.1216945648,9.7599630356,0.5951534510,3.9684169292,-3.9985260963
2022,05,06,19:25:19.605,-0.0028020998,-0.0299655646,-2.8502748013,-0.0185412392,-0.0025676661,-0.1159176007,-0.0025886418,-0.0131110139,-1.1680549383,-0.0028563899,-0.0354389735,-3.3988804817,-0.0026811813,-0.0149124525,-1.3483097553,-1.6693642139,-0.0028045676,0.0889579803,9.0133152008,3.5879175663,0.1309282780,10.1216945648,9.1642093658,0.0642671734,6.5346665382,10.1216945648,6.6842551231,10.1216945648,9.7612361908,0.5951102376,3.9684636593,-3.9985644817
2022,05,06,19:25:20.105,-0.0028169062,-0.0298952349,-2.8481376171,-0.0185511094,-0.0025701339,-0.1158225983,-0.0026207222,-0.0131147159,-1.1637893915,-0.0028563899,-0.0352748707,-3.3782060146,-0.0026762460,-0.0147828963,-1.3345496655,-1.6693667173,-0.0028329464,0.0889715552,9.0155239105,3.5893688202,0.1309085339,10.1216945648,9.1643018723,0.0642906204,6.5360126495,10.1216945648,6.6859440804,10.1216945648,9.7640409470,0.5950448513,3.9684476852,-3.9985384941
2022,05,06,19:25:20.604,-0.0028119707,-0.0300383624,-2.8603281975,-0.0184425302,-0.0025590290,-0.1159620211,-0.0025898756,-0.0137711298,-1.2869942188,-0.0028897040,-0.0358375125,-3.4367043972,-0.0026577380,-0.0151345469,-1.3672679663,-1.6693581343,-0.0027983983,0.0889456421,9.0153961182,3.5909309387,0.1309430897,10.1216945648,9.1657285690,0.0642486662,6.5353374481,10.1216945648,6.6847968102,10.1216945648,9.7685575485,0.5949819088,3.9685785770,-3.9984779358
2022,05,06,19:25:21.106,-0.0027909952,-0.0301802568,-2.8796467781,-0.0188139230,-0.0026416979,-0.1184778661,-0.0026750120,-0.0151012326,-1.3562434912,-0.0028662607,-0.0353982560,-3.3870687485,-0.0026787138,-0.0145546319,-1.3084300756,-1.6693655252,-0.0028144384,0.0889851302,9.0161724091,3.5725088120,0.1309393793,10.1216945648,9.1664543152,0.0642671734,6.5370345116,10.1216945648,6.6865353584,10.1216945648,9.7635965347,0.5949658751,3.9685144424,-3.9985361099
2022,05,06,19:25:21.606,-0.0028477528,-0.0301037561,-2.8631796837,-0.0188521724,-0.0025972789,-0.1178559959,-0.0026034482,-0.0150962975,-1.3659589291,-0.0028687285,-0.0352896787,-3.3866369724,-0.0026848831,-0.0149284927,-1.3482936621,-1.6693618298,-0.0028132047,0.0890098065,9.0190658569,3.5788638592,0.1309739351,10.1216945648,9.1694183350,0.0642523691,6.5366702080,10.1216945648,6.6866564751,10.1216945648,9.7669363022,0.5949066281,3.9685204029,-3.9985322952
2022,05,06,19:25:22.105,-0.0028206077,-0.0300692096,-2.8609771729,-0.0186411813,-0.0025763032,-0.1157448590,-0.0025898756,-0.0131541993,-1.1689506769,-0.0028477528,-0.0346924886,-3.3220751286,-0.0026910524,-0.0150333708,-1.3541262150,-1.6693865061,-0.0028181400,0.0890233815,9.0194091797,3.5780987740,0.1309776306,10.1216945648,9.1683454514,0.0642807484,6.5377402306,10.1216945648,6.6869301796,10.1216945648,9.7680740356,0.5948671699,3.9685487747,-3.9985334873
2022,05,06,19:25:22.606,-0.0028206077,-0.0299495235,-2.8545548916,-0.0185807236,-0.0025392873,-0.1155980304,-0.0026108513,-0.0131591344,-1.1702573299,-0.0028132047,-0.0344765633,-3.2990005016,-0.0026725444,-0.0150222657,-1.3572404385,-1.6693975925,-0.0028070353,0.0890258476,9.0200281143,3.5808196068,0.1309912056,10.1216945648,9.1674051285,0.0642721131,6.5373554230,10.1216945648,6.6853842735,10.1216945648,9.7709426880,0.5948178172,3.9685673714,-3.9985692501
2022,05,06,19:25:23.105,-0.0027996320,-0.0300099831,-2.8546216488,-0.0186448842,-0.0025380536,-0.1155819893,-0.0025837063,-0.0132023199,-1.1771076918,-0.0028280111,-0.0342705064,-3.2793414593,-0.0026540365,-0.0151123377,-1.3657528162,-1.6693778038,-0.0027823581,0.0890147462,9.0206098557,3.5826606750,0.1310504377,10.1216945648,9.1698846817,0.0643029585,6.5374007225,10.1216945648,6.6861295700,10.1216945648,9.7675342560,0.5947980285,3.9685847759,-3.9985249043
2022,05,06,19:25:23.605,-0.0028132047,-0.0299840719,-2.8586552143,-0.0185375381,-0.0025726017,-0.1154808179,-0.0025997465,-0.0132072549,-1.1761626005,-0.0028329464,-0.0339385979,-3.2479138374,-0.0026688427,-0.0150518781,-1.3549430370,-1.6694074869,-0.0027823581,0.0890209153,9.0232944489,3.5829298496,0.1310257614,10.1216945648,9.1718540192,0.0642869174,6.5377116203,10.1216945648,6.6859960556,10.1216945648,9.7670297623,0.5946919322,3.9686427116,-3.9985508919
2022,05,06,19:25:24.106,-0.0027909952,-0.0298964679,-2.8414909840,-0.0186140370,-0.0025985127,-0.1161236539,-0.0025750692,-0.0136008570,-1.2673671246,-0.0028452850,-0.0341384858,-3.2665846348,-0.0026565043,-0.0147693241,-1.3233870268,-1.6693999767,-0.0028070353,0.0890715048,9.0247421265,3.5821449757,0.1310825199,10.1216945648,9.1721687317,0.0641832650,6.5276303291,10.1216945648,6.6753726006,10.1216945648,9.7670860291,0.5946857333,3.9686427116,-3.9985361099
2022,05,06,19:25:24.605,-0.0028341801,-0.0299606286,-2.8537111282,-0.0187793747,-0.0026059158,-0.1167702004,-0.0026108513,-0.0145163825,-1.3039561510,-0.0028169062,-0.0336708501,-3.2221002579,-0.0026589718,-0.0144509878,-1.3018486500,-1.6694098711,-0.0028033338,0.0890826136,9.0245227814,3.5848622322,0.1310973316,10.1216945648,9.1741685867,0.0641598180,6.5253534317,10.1216945648,6.6734318733,10.1216945648,9.7693223953,0.5946252942,3.9686536789,-3.9985089302
2022,05,06,19:25:25.105,-0.0028008660,-0.0299482904,-2.8489952087,-0.0185930617,-0.0025627306,-0.1166048646,-0.0025812385,-0.0146484058,-1.3248133659,-0.0028317126,-0.0336140916,-3.2181665897,-0.0026503350,-0.0144670280,-1.2953054905,-1.6694333553,-0.0027613824,0.0890739709,9.0265254974,3.5851213932,0.1311170757,10.1216945648,9.1759052277,0.0641474798,6.5240368843,10.1216945648,6.6728639603,10.1216945648,9.7773437500,0.5945562124,3.9686920643,-3.9985125065
2022,05,06,19:25:25.606,-0.0028020998,-0.0301123932,-2.8659558296,-0.0186288431,-0.0025676661,-0.1168664396,-0.0026034482,-0.0147717921,-1.3330900669,-0.0028391157,-0.0333969332,-3.1925220490,-0.0026491010,-0.0144300126,-1.2968946695,-1.6694185734,-0.0027946967,0.0891196355,9.0286140442,3.5828261375,0.1311047375,10.1216945648,9.1766452789,0.0641672239,6.5244898796,10.1216945648,6.6720089912,10.1216945648,9.7679920197,0.5945586562,3.9686536789,-3.9984853268
2022,05,06,19:25:26.106,-0.0027860596,-0.0300951190,-2.8646960258,-0.0187139791,-0.0025614968,-0.1166838333,-0.0025911096,-0.0143917622,-1.2910931110,-0.0028292448,-0.0330477506,-3.1638977528,-0.0026676089,-0.0144843021,-1.3026432991,-1.6694432497,-0.0028033338,0.0890826136,9.0276136398,3.5837602615,0.1310689598,10.1216945648,9.1774473190,0.0641721562,6.5268959999,10.1216945648,6.6743054390,10.1216945648,9.7707509995,0.5944858789,3.9686760902,-3.9985125065
2022,05,06,19:25:26.605,-0.0027971645,-0.0301173292,-2.8604898453,-0.0185856577,-0.0025812385,-0.1161150187,-0.0025787710,-0.0146841872,-1.3289529085,-0.0028206077,-0.0331279524,-3.1656126976,-0.0026577380,-0.0145188505,-1.3019053936,-1.6694234610,-0.0028008660,0.0891406089,9.0310134888,3.5836110115,0.1310886890,10.1216945648,9.1781644821,0.0642647073,6.5368714333,10.1216945648,6.6858811378,10.1216945648,9.7695035934,0.5944574475,3.9686400890,-3.9984953403
2022,05,06,19:25:27.105,-0.0027835919,-0.0301148612,-2.8622074127,-0.0186535213,-0.0025726017,-0.1163543910,-0.0025935771,-0.0147964694,-1.3396887779,-0.0028107369,-0.0329539776,-3.1417622566,-0.0026676089,-0.0143535128,-1.2918370962,-1.6694308519,-0.0028033338,0.0891221017,9.0295467377,3.5903854370,0.1311331242,10.1216945648,9.1807422638,0.0642696396,6.5411720276,10.1216945648,6.6902322769,10.1216945648,9.7732486725,0.5944007039,3.9686944485,-3.9985458851
2022,05,06,19:25:27.606,-0.0028255433,-0.0300766118,-2.8730382919,-0.0184733775,-0.0025133763,-0.1141864955,-0.0026268915,-0.0132023199,-1.1791460514,-0.0026873506,-0.0320976786,-3.0768451691,-0.0025800047,-0.0143485777,-1.2878555059,-1.6693876982,-0.0027687857,0.0891529471,9.0337104797,3.5917601585,0.1312811971,10.1216945648,9.1813268661,0.0644855872,6.5428624153,10.1216945648,6.6884355545,10.1216945648,9.7735052109,0.5944870710,3.9687561989,-3.9984076023
2022,05,06,19:25:28.106,-0.0026429316,-0.0297730826,-2.8428554535,-0.0183179099,-0.0024245381,-0.1117545515,-0.0024701911,-0.0130789336,-1.1735368967,-0.0026836491,-0.0318706483,-3.0509722233,-0.0025466904,-0.0144250765,-1.3107818365,-1.6693148613,-0.0026589718,0.0892812833,9.0341606140,3.5950622559,0.1312972456,10.1216945648,9.1820182800,0.0644177198,6.5428195000,10.1216945648,6.6893796921,10.1216945648,9.7722778320,0.5944451094,3.9688351154,-3.9983422756
2022,05,06,19:25:28.607,-0.0026676089,-0.0296299532,-2.8310265541,-0.0183438212,-0.0023887563,-0.1113066599,-0.0024257721,-0.0129370391,-1.1666495800,-0.0026602058,-0.0315424390,-3.0183944702,-0.0024936344,-0.0142930532,-1.2942259312,-1.6693247557,-0.0026639074,0.0892529041,9.0356550217,3.5957262516,0.1312491149,10.1216945648,9.1829509735,0.0644584447,6.5430364609,10.1216945648,6.6905641556,10.1216945648,9.7724409103,0.5943834186,3.9688301086,-3.9983904362
2022,05,06,19:25:29.107,-0.0026676089,-0.0295682605,-2.8241267204,-0.0183413532,-0.0024233044,-0.1106983647,-0.0024097317,-0.0129629504,-1.1657179594,-0.0026108513,-0.0311142895,-2.9791035652,-0.0025109085,-0.0142412316,-1.2914175987,-1.6693124771,-0.0026602058,0.0893281773,9.0394783020,3.5937814713,0.1312626898,10.1216945648,9.1869668961,0.0644547418,6.5452232361,10.1216945648,6.6906247139,10.1216945648,9.7712020874,0.5943377614,3.9688129425,-3.9983732700
2022,05,06,19:25:29.606,-0.0026787138,-0.0297989938,-2.8465929031,-0.0186140370,-0.0024233044,-0.1136559322,-0.0024652556,-0.0150617491,-1.3756422997,-0.0026713104,-0.0317373909,-3.0380043983,-0.0024924006,-0.0151826674,-1.3879019022,-1.6693828106,-0.0026737782,0.0893084332,9.0404262543,3.5947241783,0.1312392354,10.1216945648,9.1865129471,0.0644140169,6.5425233841,10.1216945648,6.6898250580,10.1216945648,9.7752933502,0.5943242311,3.9688327312,-3.9983632565
2022,05,06,19:25:30.107,-0.0026639074,-0.0299445894,-2.8594989777,-0.0187361892,-0.0024566185,-0.1139360219,-0.0024590862,-0.0152270868,-1.3817757368,-0.0026491010,-0.0313339159,-2.9907166958,-0.0025059730,-0.0154454801,-1.4059433937,-1.6693568230,-0.0026922862,0.0893108994,9.0400199890,3.5976130962,0.1312886029,10.1216945648,9.1869173050,0.0644547418,6.5436868668,10.1216945648,6.6903781891,10.1216945648,9.7783813477,0.5942637324,3.9688425064,-3.9983940125
2022,05,06,19:25:30.607,-0.0026898184,-0.0302493535,-2.8847699165,-0.0187707376,-0.0024134335,-0.1130155623,-0.0024701911,-0.0149223227,-1.3544074297,-0.0026503350,-0.0309144035,-2.9458384514,-0.0025318842,-0.0154812625,-1.4141880274,-1.6693851948,-0.0026922862,0.0893380493,9.0417509079,3.6001427174,0.1312799603,10.1216945648,9.1882648468,0.0644535050,6.5444755554,10.1216945648,6.6897978783,10.1216945648,9.7733449936,0.5941810608,3.9688622952,-3.9984090328
2022,05,06,19:25:31.108,-0.0026824153,-0.0301234983,-2.8691775799,-0.0187004078,-0.0024331752,-0.1130303666,-0.0024516832,-0.0152764414,-1.3991682529,-0.0026959877,-0.0306355506,-2.9295146465,-0.0025392873,-0.0155589953,-1.4181044102,-1.6693814993,-0.0026602058,0.0892936215,9.0423364639,3.5981004238,0.1312775016,10.1216945648,9.1881675720,0.0644029155,6.5423712730,10.1216945648,6.6890587807,10.1216945648,9.7732133865,0.5942032933,3.9688735008,-3.9983954430
2022,05,06,19:25:31.607,-0.0026996892,-0.0300975870,-2.8676018715,-0.0187756736,-0.0024689571,-0.1132685021,-0.0024541509,-0.0153048197,-1.3882646561,-0.0026478672,-0.0304085203,-2.8962249756,-0.0025540937,-0.0154393110,-1.4070403576,-1.6693556309,-0.0026663751,0.0893540904,9.0437688828,3.5815675259,0.1313034147,10.1216945648,9.1914262772,0.0644559711,6.5440063477,10.1216945648,6.6904039383,10.1216945648,9.7761669159,0.5941427946,3.9688746929,-3.9983744621
2022,05,06,19:25:32.108,-0.0026762460,-0.0303110462,-2.8974094391,-0.0187929478,-0.0024455138,-0.1136361882,-0.0024886990,-0.0149346618,-1.3626003265,-0.0026663751,-0.0302357804,-2.8870770931,-0.0025109085,-0.0156046487,-1.4241958857,-1.6693962812,-0.0026688427,0.0893676654,9.0458164215,3.5664339066,0.1312651634,10.1216945648,9.1923828125,0.0644115508,6.5439581871,10.1216945648,6.6901583672,10.1216945648,9.7784481049,0.5940996408,3.9688956738,-3.9984126091
2022,05,06,19:25:32.608,-0.0026565043,-0.0300704427,-2.8698375225,-0.0187398903,-0.0024319415,-0.1138878986,-0.0024714249,-0.0153035866,-1.3987919092,-0.0026750120,-0.0302209742,-2.8864650726,-0.0025232472,-0.0155293830,-1.4170876741,-1.6693913937,-0.0026713104,0.0893664286,9.0471725464,3.5661203861,0.1313157529,10.1216945648,9.1935815811,0.0644448698,6.5429501534,10.1216945648,6.6887345314,10.1216945648,9.7739772797,0.5940675139,3.9688944817,-3.9983608723
2022,05,06,19:25:33.107,-0.0027046248,-0.0301037561,-2.8797912598,-0.0188336652,-0.0024319415,-0.1140149906,-0.0024751264,-0.0152961835,-1.3892369270,-0.0026811813,-0.0304270294,-2.9056651592,-0.0025454566,-0.0154393110,-1.4109504223,-1.6694061756,-0.0026774798,0.0894108489,9.0487995148,3.5670657158,0.1313194484,10.1216945648,9.1957206726,0.0644387007,6.5436930656,10.1216945648,6.6891217232,10.1216945648,9.7749767303,0.5940330029,3.9689202309,-3.9983706474
2022,05,06,19:25:33.607,-0.0026885846,-0.0300507005,-2.8717427254,-0.0187596325,-0.0024455138,-0.1135165095,-0.0024726589,-0.0150543461,-1.3741418123,-0.0026528025,-0.0303110462,-2.8992381096,-0.0025331180,-0.0154861975,-1.4157760143,-1.6693999767,-0.0026614396,0.0893935785,9.0490674973,3.5685453415,0.1313219219,10.1216945648,9.1942071915,0.0644263551,6.5431833267,10.1216945648,6.6881332397,10.1216945648,9.7739658356,0.5939996839,3.9688956738,-3.9983842373
2022,05,06,19:25:34.108,-0.0026799475,-0.0299877748,-2.8688726425,-0.0187263191,-0.0024381108,-0.1138582900,-0.0024738926,-0.0153899565,-1.4055140018,-0.0026614396,-0.0302111022,-2.8850016594,-0.0025096745,-0.0155812055,-1.4221254587,-1.6693716049,-0.0026626736,0.0894268975,9.0496072769,3.5683355331,0.1313651055,10.1216945648,9.1957702637,0.0643584877,6.5346455574,10.1216945648,6.6809921265,10.1216945648,9.7776765823,0.5939601660,3.9689116478,-3.9983928204
2022,05,06,19:25:34.608,-0.0026787138,-0.0301531106,-2.8795962334,-0.0188200921,-0.0024356430,-0.1138792634,-0.0024566185,-0.0152369579,-1.3786516190,-0.0026824153,-0.0298779607,-2.8487014771,-0.0025183116,-0.0155022377,-1.4211618900,-1.6693962812,-0.0026540365,0.0894170254,9.0502290726,3.5686945915,0.1313441247,10.1216945648,9.1976089478,0.0643486157,6.5367493629,10.1216945648,6.6812105179,10.1216945648,9.7819881439,0.5938762426,3.9689166546,-3.9983670712
2022,05,06,19:25:35.107,-0.0026737782,-0.0301111601,-2.8763685226,-0.0187250841,-0.0024381108,-0.1134560481,-0.0024467476,-0.0151024666,-1.3905287981,-0.0026577380,-0.0298643876,-2.8512175083,-0.0025417551,-0.0155577613,-1.4225536585,-1.6694061756,-0.0026774798,0.0894429386,9.0535497665,3.5665843487,0.1313342601,10.1216945648,9.1986169815,0.0643547848,6.5341296196,10.1216945648,6.6804137230,10.1216945648,9.7756204605,0.5938491225,3.9689486027,-3.9984016418
2022,05,06,19:25:35.608,-0.0026984555,-0.0301457085,-2.8798787594,-0.0187633336,-0.0024455138,-0.1138903648,-0.0024529169,-0.0154405450,-1.4075486660,-0.0026688427,-0.0298138000,-2.8426012993,-0.0025318842,-0.0155540602,-1.4208410978,-1.6693913937,-0.0026540365,0.0894528106,9.0537824631,3.5727112293,0.1314070672,10.1216945648,9.1995325089,0.0643449128,6.5353016853,10.1216945648,6.6806516647,10.1216945648,9.7754421234,0.5938577652,3.9690153599,-3.9983880520
2022,05,06,19:25:36.107,-0.0027181972,-0.0300667416,-2.8791112900,-0.0187756736,-0.0024270059,-0.1137089878,-0.0024516832,-0.0151604582,-1.3785628080,-0.0026429316,-0.0295127369,-2.8197908401,-0.0025429889,-0.0155725684,-1.4251570702,-1.6693999767,-0.0026639074,0.0894700810,9.0545415878,3.5705232620,0.1313860863,10.1216945648,9.1995553970,0.0641931370,6.5182805061,10.1216945648,6.6626033783,10.1216945648,9.7761621475,0.5938108563,3.9689574242,-3.9984090328
2022,05,06,19:25:36.607,-0.0026700767,-0.0302629247,-2.8848896027,-0.0187102780,-0.0024393445,-0.1134646833,-0.0024837635,-0.0153406020,-1.4073265791,-0.0026231899,-0.0294522773,-2.8091292381,-0.0025158438,-0.0156540032,-1.4285687208,-1.6694234610,-0.0026602058,0.0894046798,9.0473880768,3.5717091560,0.1314490139,10.1216945648,9.1932830811,0.0641696900,6.5181307793,10.1216945648,6.6627664566,10.1216945648,9.7792806625,0.5937417746,3.9689979553,-3.9983522892
2022,05,06,19:25:37.107,-0.0026626736,-0.0300013460,-2.8690812588,-0.0186843667,-0.0024307074,-0.1136534661,-0.0024652556,-0.0154442461,-1.4066886902,-0.0026540365,-0.0292980447,-2.7886519432,-0.0025294165,-0.0155688664,-1.4233902693,-1.6694012880,-0.0026602058,0.0893923417,9.0489368439,3.5779666901,0.1314342171,10.1216945648,9.1934242249,0.0641844943,6.5178642273,10.1216945648,6.6610708237,10.1216945648,9.7755651474,0.5937232375,3.9689831734,-3.9983718395
2022,05,06,19:25:37.607,-0.0026947539,-0.0300963540,-2.8756220341,-0.0187818427,-0.0024812957,-0.1135029346,-0.0024590862,-0.0150605151,-1.3699911833,-0.0026688427,-0.0289908145,-2.7664005756,-0.0025503922,-0.0155910756,-1.4235826731,-1.6694172621,-0.0026824153,0.0893874094,9.0488138199,3.5579490662,0.1314329803,10.1216945648,9.1955060959,0.0641302019,6.5158739090,10.1216945648,6.6610546112,10.1216945648,9.7775812149,0.5936701894,3.9690387249,-3.9984052181
2022,05,06,19:25:38.108,-0.0026737782,-0.0299162101,-2.8599593639,-0.0187053420,-0.0024196028,-0.1132870093,-0.0024492154,-0.0152665703,-1.3935320377,-0.0026367623,-0.0288711283,-2.7506170273,-0.0025269487,-0.0155886086,-1.4222871065,-1.6694419384,-0.0026614396,0.0894268975,9.0519819260,3.5604701042,0.1312589794,10.1216945648,9.1968374252,0.0641524121,6.5176868439,10.1216945648,6.6618409157,10.1216945648,9.7778463364,0.5936565995,3.9690313339,-3.9983916283
2022,05,06,19:25:38.607,-0.0026725444,-0.0300210882,-2.8613090515,-0.0187485274,-0.0024331752,-0.1136176810,-0.0024775942,-0.0153480051,-1.3932322264,-0.0026441657,-0.0286366958,-2.7212707996,-0.0025207794,-0.0154898996,-1.4128123522,-1.6694382429,-0.0026836491,0.0894059166,9.0521936417,3.5593483448,0.1313046366,10.1216945648,9.1980762482,0.0642498955,6.5261383057,10.1216945648,6.6709599495,10.1216945648,9.7807655334,0.5936319232,3.9689967632,-3.9983880520
2022,05,06,19:25:39.108,-0.0026713104,-0.0300618056,-2.8667800426,-0.0187041089,-0.0024467476,-0.1133573428,-0.0024430461,-0.0152184498,-1.3888050318,-0.0026429316,-0.0284294058,-2.7048099041,-0.0025281825,-0.0156503022,-1.4309525490,-1.6694333553,-0.0026626736,0.0894466415,9.0546426773,3.5602109432,0.1313194484,10.1216945648,9.2007751465,0.0642449632,6.5245933533,10.1216945648,6.6701765060,10.1216945648,9.7829341888,0.5935406089,3.9690337181,-3.9983744621
2022,05,06,19:25:39.608,-0.0026528025,-0.0301555786,-2.8765881062,-0.0186695606,-0.0024455138,-0.1133894175,-0.0024701911,-0.0153665133,-1.4070131779,-0.0026219559,-0.0282369237,-2.6912090778,-0.0025343518,-0.0156589393,-1.4244834185,-1.6694209576,-0.0026478672,0.0894700810,9.0532150269,3.5621409416,0.1313317865,10.1216945648,9.1980772018,0.0642659366,6.5251994133,10.1216945648,6.6701331139,10.1216945648,9.7765407562,0.5935332179,3.9690425396,-3.9983916283
2022,05,06,19:25:40.107,-0.0026947539,-0.0300321933,-2.8662471771,-0.0187386572,-0.0024233044,-0.1133894175,-0.0024590862,-0.0153245619,-1.3907792568,-0.0026207222,-0.0280419737,-2.6626696587,-0.0024714249,-0.0155515922,-1.4223142862,-1.6694506407,-0.0026676089,0.0894639120,9.0562963486,3.5647346973,0.1313601732,10.1216945648,9.2008666992,0.0642264485,6.5260777473,10.1216945648,6.6701354980,10.1216945648,9.7771110535,0.5934986472,3.9690806866,-3.9983978271
2022,05,06,19:25:40.607,-0.0026466332,-0.0301901270,-2.8844676018,-0.0187201500,-0.0024344090,-0.1131340116,-0.0024504492,-0.0150938295,-1.3814030886,-0.0026404639,-0.0279198214,-2.6603970528,-0.0025331180,-0.0156823825,-1.4321962595,-1.6694555283,-0.0026676089,0.0894910619,9.0577669144,3.5651652813,0.1312848926,10.1216945648,9.2040338516,0.0642967895,6.5274424553,10.1216945648,6.6727542877,10.1216945648,9.7783308029,0.5934974551,3.9690437317,-3.9983954430
2022,05,06,19:25:41.108,-0.0026774798,-0.0299421214,-2.8640556335,-0.0186732616,-0.0024331752,-0.1133129224,-0.0024418123,-0.0154257389,-1.4065122604,-0.0026256577,-0.0278815720,-2.6513910294,-0.0025096745,-0.0156194549,-1.4236974716,-1.6694753170,-0.0026342946,0.0895145088,9.0577983856,3.5671126842,0.1313367337,10.1216945648,9.2037973404,0.0642400235,6.5276784897,10.1216945648,6.6721692085,10.1216945648,9.7816915512,0.5934369564,3.9690670967,-3.9983656406
2022,05,06,19:25:41.607,-0.0026552703,-0.0299951769,-2.8580431938,-0.0186769646,-0.0024381108,-0.1132117435,-0.0024553847,-0.0152209178,-1.3813402653,-0.0026096173,-0.0275496636,-2.6190133095,-0.0025343518,-0.0156231560,-1.4309266806,-1.6694407463,-0.0026429316,0.0895243809,9.0602884293,3.5673642159,0.1313058734,10.1216945648,9.2053480148,0.0643004924,6.5294933319,10.1216945648,6.6725492477,10.1216945648,9.7781095505,0.5934110284,3.9690783024,-3.9983496666
2022,05,06,19:25:42.108,-0.0026984555,-0.0299223792,-2.8615658283,-0.0186942387,-0.0024418123,-0.1128921732,-0.0024467476,-0.0150740882,-1.3850948811,-0.0026330608,-0.0275175832,-2.6191318035,-0.0025331180,-0.0155034717,-1.4167459011,-1.6694493294,-0.0026799475,0.0894663781,9.0595998764,3.5639808178,0.1313651055,10.1216945648,9.2050495148,0.0642758086,6.5291604996,10.1216945648,6.6732997894,10.1216945648,9.7791376114,0.5933542848,3.9691040516,-3.9983522892
2022,05,06,19:25:42.608,-0.0026552703,-0.0300852489,-2.8694081306,-0.0187337212,-0.0024307074,-0.1131747290,-0.0024541509,-0.0152036436,-1.3843643665,-0.0026416979,-0.0275360905,-2.6127848625,-0.0025158438,-0.0154565852,-1.4101743698,-1.6694864035,-0.0026602058,0.0895120427,9.0611190796,3.5682713985,0.1313823909,10.1216945648,9.2074708939,0.0642622411,6.5288939476,10.1216945648,6.6726741791,10.1216945648,9.7784118652,0.5933234692,3.9691190720,-3.9983274937
2022,05,06,19:25:43.108,-0.0026885846,-0.0299519915,-2.8702101707,-0.0188052859,-0.0024393445,-0.1130834222,-0.0024751264,-0.0150272008,-1.3648854494,-0.0026207222,-0.0271758027,-2.5821232796,-0.0025417551,-0.0154343760,-1.4066541195,-1.6694407463,-0.0026663751,0.0895305499,9.0631361008,3.5678269863,0.1313836128,10.1216945648,9.2063274384,0.0642819852,6.5278215408,10.1216945648,6.6724472046,10.1216945648,9.7811622620,0.5933234692,3.9690930843,-3.9983313084
2022,05,06,19:25:43.609,-0.0026602058,-0.0300630387,-2.8695328236,-0.0186140370,-0.0024381108,-0.1126737818,-0.0024529169,-0.0151259098,-1.3826271296,-0.0026268915,-0.0272708107,-2.5898683071,-0.0025072070,-0.0154590532,-1.4130467176,-1.6694962978,-0.0026515687,0.0898698941,9.0968761444,3.5680243969,0.1313959658,10.1216945648,9.2404870987,0.0642671734,6.5290999413,10.1216945648,6.6729197502,10.1216945648,9.7844858170,0.5932530761,3.9691202641,-3.9983398914
2022,05,06,19:25:44.109,-0.0026589718,-0.0300938860,-2.8708159924,-0.0186633915,-0.0024430461,-0.1130513400,-0.0024541509,-0.0153492391,-1.3936787844,-0.0026342946,-0.0270758606,-2.5627393723,-0.0025022714,-0.0152221518,-1.3794845343,-1.6694185734,-0.0026565043,0.0899056792,9.0974903107,3.5699913502,0.1314268112,10.1216945648,9.2409410477,0.0643066615,6.5297427177,10.1216945648,6.6736340523,10.1216945648,9.7778453827,0.5932469368,3.9691128731,-3.9983103275
2022,05,06,19:25:44.609,-0.0026688427,-0.0298224371,-2.8499255180,-0.0183376521,-0.0024257721,-0.1111672372,-0.0024171351,-0.0132072549,-1.1863284111,-0.0026083835,-0.0260616262,-2.4730448723,-0.0024936344,-0.0147902993,-1.3424303532,-1.6694493294,-0.0026602058,0.0899056792,9.0997323990,3.5687587261,0.1314095259,10.1216945648,9.2437028885,0.0642708763,6.5309815407,10.1216945648,6.6763882637,10.1216945648,9.7841119766,0.5931753516,3.9691374302,-3.9983608723
2022,05,06,19:25:45.108,-0.0026552703,-0.0297915898,-2.8407628536,-0.0182919987,-0.0024208366,-0.1115867496,-0.0025072070,-0.0131418603,-1.1714147329,-0.0026947539,-0.0259296037,-2.4521162510,-0.0026034482,-0.0149470000,-1.3512648344,-1.6695579290,-0.0027218987,0.0898402780,9.0969905853,3.5706677437,0.1313071102,10.1216945648,9.2441186905,0.0642350912,6.5338444710,10.1216945648,6.6783061028,10.1216945648,9.7788982391,0.5931321979,3.9691326618,-3.9983706474
2022,05,06,19:25:45.608,-0.0026984555,-0.0296583325,-2.8249399662,-0.0183179099,-0.0024615540,-0.1120321751,-0.0025047392,-0.0131381592,-1.1786056757,-0.0026466332,-0.0256433468,-2.4233314991,-0.0025627306,-0.0148877753,-1.3517645597,-1.6695443392,-0.0026885846,0.0898785293,9.1001262665,3.5721731186,0.1313749850,10.1216945648,9.2452173233,0.0642696396,6.5339741707,10.1216945648,6.6785502434,10.1216945648,9.7821435928,0.5930865407,3.9691028595,-3.9984238148
2022,05,06,19:25:46.110,-0.0027046248,-0.0296398252,-2.8251409531,-0.0184079818,-0.0024603202,-0.1116570756,-0.0024862313,-0.0132109569,-1.1774224043,-0.0026663751,-0.0253817681,-2.4021496773,-0.0025577953,-0.0148939444,-1.3498680592,-1.6695196629,-0.0027317698,0.0898773000,9.1000795364,3.5738625526,0.1313996613,10.1216945648,9.2470645905,0.0643103644,6.5349664688,10.1216945648,6.6796646118,10.1216945648,9.7869014740,0.5930655599,3.9691264629,-3.9984188080
2022,05,06,19:25:46.610,-0.0027194312,-0.0298150331,-2.8421916962,-0.0183709655,-0.0024899328,-0.1123677790,-0.0025405211,-0.0132023199,-1.1803873777,-0.0026602058,-0.0252830591,-2.3856196404,-0.0025960449,-0.0149087505,-1.3513265848,-1.6695122719,-0.0026787138,0.0899007469,9.1015920639,3.5678505898,0.1313762218,10.1216945648,9.2463665009,0.0642622411,6.5327844620,10.1216945648,6.6781554222,10.1216945648,9.7785587311,0.5930383801,3.9691164494,-3.9983916283
2022,05,06,19:25:47.110,-0.0027675517,-0.0297743157,-2.8359940052,-0.0183438212,-0.0024812957,-0.1122369915,-0.0024936344,-0.0131492633,-1.1735209227,-0.0026429316,-0.0250757709,-2.3689908981,-0.0025466904,-0.0147631550,-1.3379675150,-1.6695135832,-0.0026947539,0.0895922482,9.0717830658,3.5732233524,0.1314144731,10.1216945648,9.2175636292,0.0642955527,6.5341172218,10.1216945648,6.6799359322,10.1216945648,9.7793798447,0.5930162072,3.9691669941,-3.9984114170
2022,05,06,19:25:47.610,-0.0027367051,-0.0298409443,-2.8410158157,-0.0183771364,-0.0024849975,-0.1117471531,-0.0024899328,-0.0131554333,-1.1754654646,-0.0026503350,-0.0250745360,-2.3692080975,-0.0025454566,-0.0147767272,-1.3538596630,-1.6694999933,-0.0027058586,0.0895799100,9.0729427338,3.5759539604,0.1314810961,10.1216945648,9.2189159393,0.0643325746,6.5357794762,10.1216945648,6.6793313026,10.1216945648,9.7792205811,0.5930112600,3.9691646099,-3.9983313084
2022,05,06,19:25:48.109,-0.0026836491,-0.0299125090,-2.8601765633,-0.0186893027,-0.0024763604,-0.1137867197,-0.0025059730,-0.0153529411,-1.3909680843,-0.0026256577,-0.0254311226,-2.3976659775,-0.0025207794,-0.0144941732,-1.3128670454,-1.6695308685,-0.0026602058,0.0896206275,9.0751819611,3.5767881870,0.1315119565,10.1216945648,9.2198038101,0.0642918497,6.5348048210,10.1216945648,6.6789083481,10.1216945648,9.7818965912,0.5929840803,3.9691190720,-3.9983940125
2022,05,06,19:25:48.610,-0.0027095603,-0.0298545174,-2.8522217274,-0.0187621005,-0.0024492154,-0.1133227944,-0.0024825297,-0.0149149196,-1.3476188183,-0.0026342946,-0.0251670759,-2.3815627098,-0.0025294165,-0.0146373007,-1.3244098425,-1.6695196629,-0.0026922862,0.0896243304,9.0751600266,3.5786070824,0.1314774007,10.1216945648,9.2190637589,0.0642992556,6.5353302956,10.1216945648,6.6796140671,10.1216945648,9.7832450867,0.5929113030,3.9691412449,-3.9983706474
2022,05,06,19:25:49.111,-0.0026922862,-0.0299507584,-2.8568389416,-0.0184894167,-0.0024442801,-0.1134042293,-0.0024899328,-0.0153541742,-1.3987833261,-0.0026392301,-0.0252435766,-2.3862378597,-0.0025763032,-0.0150234997,-1.3666164875,-1.6695159674,-0.0026787138,0.0896366686,9.0740079880,3.5769190788,0.1315662414,10.1216945648,9.2199630737,0.0643227026,6.5365791321,10.1216945648,6.6808032990,10.1216945648,9.7730302811,0.5928804278,3.9691584110,-3.9983966351
2022,05,06,19:25:49.610,-0.0027256005,-0.0297224931,-2.8328204155,-0.0183055717,-0.0024455138,-0.1112832204,-0.0024751264,-0.0132381022,-1.1815360785,-0.0026565043,-0.0245711207,-2.3153216839,-0.0025800047,-0.0152381919,-1.3820558786,-1.6696221828,-0.0027453422,0.0895799100,9.0774888992,3.5771954060,0.1314601302,10.1216945648,9.2225599289,0.0643091276,6.5367689133,10.1216945648,6.6794991493,10.1216945648,9.7778043747,0.5928273797,3.9691436291,-3.9984016418
2022,05,06,19:25:50.112,-0.0027416407,-0.0298495814,-2.8506941795,-0.0184252560,-0.0024455138,-0.1117607206,-0.0024886990,-0.0132936258,-1.1904445887,-0.0026416979,-0.0243959129,-2.2988965511,-0.0025812385,-0.0149408309,-1.3537042141,-1.6695308685,-0.0027021570,0.0896502435,9.0783176422,3.5799102783,0.1315057874,10.1216945648,9.2225561142,0.0643066615,6.5351819992,10.1216945648,6.6789946556,10.1216945648,9.7802467346,0.5928224325,3.9691474438,-3.9984090328
2022,05,06,19:25:50.612,-0.0027181972,-0.0298372433,-2.8560047150,-0.0185449403,-0.0024640218,-0.1135621592,-0.0024998037,-0.0153282639,-1.3984291553,-0.0026342946,-0.0250239484,-2.3558158875,-0.0025602630,-0.0151913045,-1.3781396151,-1.6695530415,-0.0026799475,0.0896391422,9.0767049789,3.5778000355,0.1314885020,10.1216945648,9.2238636017,0.0642573014,6.5355720520,10.1216945648,6.6798200607,10.1216945648,9.7827835083,0.5927767754,3.9691412449,-3.9983954430
2022,05,06,19:25:51.112,-0.0027231327,-0.0302888360,-2.8884589672,-0.0187065769,-0.0024924006,-0.1134868935,-0.0025195456,-0.0150876604,-1.3645868301,-0.0026799475,-0.0246846359,-2.3281316757,-0.0025701339,-0.0153233279,-1.3903486729,-1.6695493460,-0.0026984555,0.0894787237,9.0659742355,3.5765588284,0.1315292269,10.1216945648,9.2082462311,0.0643041953,6.5350623131,10.1216945648,6.6793289185,10.1216945648,9.7804975510,0.5927471519,3.9691374302,-3.9983570576
2022,05,06,19:25:51.612,-0.0027416407,-0.0305701569,-2.9183912277,-0.0185844246,-0.0024899328,-0.1130081564,-0.0025109085,-0.0153554082,-1.4012374878,-0.0026639074,-0.0248117242,-2.3406603336,-0.0025923434,-0.0155219799,-1.4139018059,-1.6695419550,-0.0027083263,0.0895145088,9.0651664734,3.5830037594,0.1315489709,10.1216945648,9.2116956711,0.0643177703,6.5359153748,10.1216945648,6.6788301468,10.1216945648,9.7792558670,0.5927089453,3.9691832066,-3.9984016418
2022,05,06,19:25:52.111,-0.0027293020,-0.0305294394,-2.9173967838,-0.0187115129,-0.0024911668,-0.1140359640,-0.0025133763,-0.0154861975,-1.4003922939,-0.0026799475,-0.0246883389,-2.3223497868,-0.0025676661,-0.0155219799,-1.4157563448,-1.6695888042,-0.0027033910,0.0895169750,9.0663232803,3.5831518173,0.1315428019,10.1216945648,9.2102813721,0.0642930865,6.5370230675,10.1216945648,6.6803393364,10.1216945648,9.7775440216,0.5926904082,3.9691820145,-3.9984335899
2022,05,06,19:25:52.611,-0.0027478100,-0.0303098112,-2.8888711929,-0.0186424162,-0.0025084408,-0.1135448888,-0.0025257149,-0.0149901854,-1.3604176044,-0.0026404639,-0.0244082510,-2.3024401665,-0.0025874078,-0.0153381340,-1.3972151279,-1.6695419550,-0.0027194312,0.0894996971,9.0657348633,3.5861258507,0.1315465122,10.1216945648,9.2094068527,0.0642955527,6.5362868309,10.1216945648,6.6801776886,10.1216945648,9.7810831070,0.5926718712,3.9691424370,-3.9984028339
2022,05,06,19:25:53.112,-0.0027342374,-0.0300519355,-2.8565475941,-0.0186436493,-0.0024763604,-0.1131290719,-0.0024973361,-0.0153689813,-1.3935689926,-0.0026565043,-0.0244896859,-2.3087513447,-0.0025898756,-0.0154022956,-1.3968164921,-1.6696072817,-0.0027095603,0.0895108059,9.0650129318,3.5855410099,0.1315674782,10.1216945648,9.2100934982,0.0643029585,6.5358138084,10.1216945648,6.6799545288,10.1216945648,9.7842988968,0.5926052332,3.9691720009,-3.9983978271
2022,05,06,19:25:53.611,-0.0027601486,-0.0302987080,-2.8876891136,-0.0186350122,-0.0024874650,-0.1135140359,-0.0025281825,-0.0151802003,-1.3669508696,-0.0026244237,-0.0241947938,-2.2734591961,-0.0025738354,-0.0153776184,-1.3977444172,-1.6695752144,-0.0027157296,0.0895527601,9.0687942505,3.5804383755,0.1315477341,10.1216945648,9.2142448425,0.0643041953,6.5376896858,10.1216945648,6.6811800003,10.1216945648,9.7799701691,0.5926101804,3.9692201614,-3.9984138012
2022,05,06,19:25:54.111,-0.0027354714,-0.0297521055,-2.8361234665,-0.0185708515,-0.0025220132,-0.1134239659,-0.0025503922,-0.0151370149,-1.3767626286,-0.0026688427,-0.0241405033,-2.2787413597,-0.0025491582,-0.0152875464,-1.3870542049,-1.6695579290,-0.0026898184,0.0895515233,9.0686817169,3.5854520798,0.1317032278,10.1216945648,9.2141885757,0.0643473864,6.5382413864,10.1216945648,6.6805615425,10.1216945648,9.7801284790,0.5926126838,3.9692461491,-3.9983928204
2022,05,06,19:25:54.612,-0.0027157296,-0.0292055048,-2.7881758213,-0.0184795465,-0.0024837635,-0.1126713157,-0.0025022714,-0.0152974166,-1.3832687140,-0.0026268915,-0.0240109488,-2.2587971687,-0.0025442229,-0.0151259098,-1.3735285997,-1.6695913076,-0.0026910524,0.0895589292,9.0692052841,3.5816390514,0.1316859424,10.1216945648,9.2163887024,0.0643375143,6.5391669273,10.1216945648,6.6825547218,10.1216945648,9.7814168930,0.5925682187,3.9692769051,-3.9983806610
2022,05,06,19:25:55.112,-0.0027206650,-0.0302419495,-2.8855926991,-0.0187226161,-0.0024911668,-0.1126700789,-0.0025059730,-0.0150185646,-1.3624188900,-0.0026342946,-0.0238159988,-2.2433171272,-0.0025614968,-0.0151419500,-1.3769427538,-1.6695752144,-0.0027033910,0.0895984173,9.0727653503,3.5832617283,0.1317501068,10.1216945648,9.2170228958,0.0643584877,6.5393347740,10.1216945648,6.6829862595,10.1216945648,9.7830562592,0.5925164223,3.9692151546,-3.9984509945
2022,05,06,19:25:55.612,-0.0027083263,-0.0303184483,-2.8851706982,-0.0186893027,-0.0024775942,-0.1126256585,-0.0024998037,-0.0153146908,-1.3946770430,-0.0026367623,-0.0238024257,-2.2408556938,-0.0025442229,-0.0150851924,-1.3639612198,-1.6695703268,-0.0026910524,0.0895749703,9.0726900101,3.5982768536,0.1317821890,10.1216945648,9.2176160812,0.0643844008,6.5421481133,10.1216945648,6.6863441467,10.1216945648,9.7832889557,0.5925164223,3.9692361355,-3.9983940125
2022,05,06,19:25:56.112,-0.0027058586,-0.0302752629,-2.8956167698,-0.0187176820,-0.0024985699,-0.1128773689,-0.0024961021,-0.0152678043,-1.3786442280,-0.0026256577,-0.0235235728,-2.2089540958,-0.0025454566,-0.0146508738,-1.3248614073,-1.6695345640,-0.0026947539,0.0897119418,9.0830478668,3.6023995876,0.1317303628,10.1216945648,9.2266092300,0.0643967390,6.5423836708,10.1216945648,6.6857037544,10.1216945648,9.7818994522,0.5924880505,3.9692718983,-3.9984016418
2022,05,06,19:25:56.612,-0.0027268343,-0.0300531685,-2.8705766201,-0.0184758455,-0.0024689571,-0.1118841097,-0.0024862313,-0.0145879462,-1.3212733269,-0.0026305930,-0.0232323818,-2.1866137981,-0.0025553275,-0.0146619780,-1.3263778687,-1.6695826054,-0.0026639074,0.0896823257,9.0830135345,3.6015839577,0.1318105757,10.1216945648,9.2277488708,0.0643708259,6.5433855057,10.1216945648,6.6867055893,10.1216945648,9.7803945541,0.5924497843,3.9692831039,-3.9984607697
2022,05,06,19:25:57.112,-0.0027243665,-0.0301888939,-2.8782377243,-0.0759515911,-0.0024344090,-0.1107674614,-0.0028428172,-0.0142103853,-1.2793960571,-0.0026453994,-0.0233927835,-2.1852381229,-0.0026614396,-0.0147656230,-1.3304373026,-1.6695851088,-0.0026552703,0.0898168311,9.0855150223,3.6017887592,0.1318870783,10.1216945648,9.2293443680,0.0644535050,6.5421404839,10.1216945648,6.6862268448,10.1216945648,9.7808036804,0.5925472379,3.9693892002,-3.9983263016
2022,05,06,19:25:57.611,-0.0025824725,-0.0300235562,-2.8714058399,-0.2418948710,-0.0023307647,-0.1089129671,-0.0040211552,-0.0143362386,-1.2951253653,-0.0024134335,-0.0227462407,-2.1530492306,-0.0022826442,-0.0143350046,-1.3141280413,-1.6693753004,-0.0024529169,0.0899377614,9.0888805389,3.6022663116,0.1320475042,10.1216945648,9.2305555344,0.0645509884,6.5436658859,10.1216945648,6.6843895912,10.1216945648,9.7859649658,0.5924522281,3.9692151546,-3.9984040260
2022,05,06,19:25:58.112,-0.0024961021,-0.0395156555,-3.8282408714,-0.0193580557,-0.0021691287,-0.1051003337,-0.0022147817,-0.0142955212,-1.3214954138,-0.0024541509,-0.0228943024,-2.1570036411,-0.0028785993,-0.0151037006,-1.3227736950,-1.6697961092,-0.0029217845,0.0895330161,9.0842657089,3.6042506695,0.1317044497,10.1216945648,9.2312965393,0.0643745288,6.5423245430,10.1216945648,6.6867561340,10.1216945648,9.7794284821,0.5922893882,3.9691832066,-3.9984657764
2022,05,06,19:25:58.611,-0.0029748406,-0.0384409614,-3.6847107410,-0.0195801500,-0.0028144384,-0.1184939072,-0.0028329464,-0.0149383629,-1.3205552101,-0.0029637357,-0.0230867863,-2.1409869194,-0.0028563899,-0.0148680331,-1.3190104961,-1.6698046923,-0.0029217845,0.0895046368,9.0863323212,3.6039285660,0.1315810531,10.1216945648,9.2331895828,0.0641733930,6.5403523445,10.1216945648,6.6862072945,10.1216945648,9.7800731659,0.5922548175,3.9691669941,-3.9985003471
2022,05,06,19:25:59.111,-0.0028600914,-0.0379918329,-3.6555459499,-0.0193469506,-0.0025726017,-0.1138780266,-0.0026022142,-0.0144682620,-1.3019214869,-0.0027280680,-0.0228498839,-2.1378085613,-0.0026885846,-0.0148038724,-1.3314675093,-1.6696789265,-0.0027959305,0.0896675214,9.0890254974,3.6046404839,0.1317562759,10.1216945648,9.2344093323,0.0644090846,6.5425972939,10.1216945648,6.6858692169,10.1216945648,9.7808885574,0.5924177170,3.9693670273,-3.9983212948
2022,05,06,19:25:59.612,-0.0026281253,-0.0299618635,-2.8632178307,-0.0183573943,-0.0024220704,-0.1116286963,-0.0024726589,-0.0147890663,-1.3417739868,-0.0025429889,-0.0226796120,-2.1298253536,-0.0024479816,-0.0145422937,-1.3228045702,-1.6695024967,-0.0025898756,0.0898773000,9.0923919678,3.6018986702,0.1319315135,10.1216945648,9.2340555191,0.0644979253,6.5459957123,10.1216945648,6.6871957779,10.1216945648,9.7836418152,0.5923634171,3.9693572521,-3.9983460903
2022,05,06,19:26:00.113,-0.0025775370,-0.0297496393,-2.8450961113,-0.0183462892,-0.0023344662,-0.1103442460,-0.0023640790,-0.0144682620,-1.3091297150,-0.0024627878,-0.0222773720,-2.1055443287,-0.0023690143,-0.0144978743,-1.3232463598,-1.6694666147,-0.0025269487,0.0899476334,9.0954904556,3.6043863297,0.1320265234,10.1216945648,9.2367048264,0.0645596310,6.5477390289,10.1216945648,6.6885581017,10.1216945648,9.7879838943,0.5923745036,3.9694681168,-3.9982509613
2022,05,06,19:26:00.612,-0.0025355858,-0.0297261961,-2.8394649029,-0.0181957576,-0.0023270631,-0.1087254211,-0.0023566757,-0.0145768421,-1.3385968208,-0.0024837635,-0.0224007592,-2.1160850525,-0.0024134335,-0.0145928822,-1.3297252655,-1.6694802046,-0.0025590290,0.0899007469,9.0944166183,3.6061372757,0.1320154220,10.1216945648,9.2372951508,0.0645645633,6.5476231575,10.1216945648,6.6880002022,10.1216945648,9.7806835175,0.5923227072,3.9693892002,-3.9983003139
2022,05,06,19:26:01.113,-0.0027144956,-0.0362878703,-3.5176002979,-0.0187041089,-0.0023788854,-0.1108427271,-0.0024010949,-0.0146052204,-1.3193942308,-0.0025133763,-0.0222934131,-2.0936892033,-0.0024233044,-0.0145645030,-1.3214942217,-1.6694937944,-0.0026096173,0.0898748338,9.0949125290,3.6081745625,0.1320006102,10.1216945648,9.2382316589,0.0644942299,6.5481142998,10.1216945648,6.6902375221,10.1216945648,9.7810516357,0.5922856331,3.9693756104,-3.9982893467
2022,05,06,19:26:01.613,-0.0027107941,-0.0376438871,-3.6282098293,-0.0188756157,-0.0024047964,-0.1104651690,-0.0024109657,-0.0143498108,-1.3030825853,-0.0024874650,-0.0221897680,-2.0888710022,-0.0024442801,-0.0145151485,-1.3218311071,-1.6694999933,-0.0026120851,0.0899204910,9.0957775116,3.6096937656,0.1319722235,10.1216945648,9.2391700745,0.0645090342,6.5476908684,10.1216945648,6.6889305115,10.1216945648,9.7823553085,0.5923227072,3.9694151878,-3.9982521534
2022,05,06,19:26:02.113,-0.0026959877,-0.0375106297,-3.6119251251,-0.0187497623,-0.0023801192,-0.1105873212,-0.0024196028,-0.0146187926,-1.3306026459,-0.0024924006,-0.0222169124,-2.0849597454,-0.0024183688,-0.0145373577,-1.3224751949,-1.6694949865,-0.0025775370,0.0899525732,9.0989379883,3.6100823879,0.1320968568,10.1216945648,9.2429971695,0.0645213723,6.5490756035,10.1216945648,6.6901164055,10.1216945648,9.7858562469,0.5922807455,3.9694213867,-3.9982559681
2022,05,06,19:26:02.613,-0.0026676089,-0.0376364812,-3.6306614876,-0.0187818427,-0.0023468048,-0.1099999994,-0.0023616112,-0.0144115044,-1.3102216721,-0.0025133763,-0.0219639707,-2.0636076927,-0.0024159010,-0.0144152055,-1.3114222288,-1.6695048809,-0.0025503922,0.0899204910,9.0992250443,3.6087989807,0.1321091950,10.1216945648,9.2418756485,0.0645707324,6.5494756699,10.1216945648,6.6903214455,10.1216945648,9.7848691940,0.5922684073,3.9694139957,-3.9981732368
2022,05,06,19:26:03.113,-0.0025886418,-0.0377006419,-3.6452543736,-0.0188139230,-0.0022653700,-0.1078123674,-0.0022678378,-0.0144065684,-1.3259706497,-0.0023764176,-0.0218664967,-2.0659902096,-0.0023233616,-0.0143300695,-1.3114469051,-1.6694036722,-0.0024714249,0.0901253298,9.1031780243,3.6098566055,0.1321869493,10.1216945648,9.2439985275,0.0646793246,6.5505504608,10.1216945648,6.6909284592,10.1216945648,9.7830219269,0.5922868848,3.9695053101,-3.9981634617
2022,05,06,19:26:03.613,-0.0025133763,-0.0377623364,-3.6616165638,-0.0188497044,-0.0022024431,-0.1066500694,-0.0022394590,-0.0144546898,-1.3246504068,-0.0022851117,-0.0216888208,-2.0514318943,-0.0021975075,-0.0142511027,-1.3097848892,-1.6693296432,-0.0023702483,0.0901808590,9.1054830551,3.6112818718,0.1323596984,10.1216945648,9.2446279526,0.0647558346,6.5534663200,10.1216945648,6.6927003860,10.1216945648,9.7836799622,0.5923461318,3.9696114063,-3.9981412888
2022,05,06,19:26:04.113,-0.0024714249,-0.0375821926,-3.6435737610,-0.0186843667,-0.0021617257,-0.1051768363,-0.0021752981,-0.0141474577,-1.3002643585,-0.0022542654,-0.0215469263,-2.0392599106,-0.0022221848,-0.0143411737,-1.3245689869,-1.6694135666,-0.0024812957,0.0901166946,9.1060266495,3.6130883694,0.1322375387,10.1216945648,9.2461395264,0.0647866800,6.5530624390,10.1216945648,6.6910700798,10.1216945648,9.7840375900,0.5923140645,3.9695730209,-3.9981226921
2022,05,06,19:26:04.614,-0.0024060302,-0.0309242755,-2.9690067768,-0.0193124022,-0.0021752981,-0.1067413762,-0.0022135479,-0.0146669140,-1.3472955227,-0.0022801764,-0.0215259511,-2.0323786736,-0.0022234188,-0.0144041013,-1.3249218464,-1.6693420410,-0.0023887563,0.0901648179,9.1062383652,3.6147851944,0.1323424280,10.1216945648,9.2493543625,0.0647323877,6.5536613464,10.1216945648,6.6933717728,10.1216945648,9.7874202728,0.5922955275,3.9696075916,-3.9981067181
2022,05,06,19:26:05.114,-0.0024121995,-0.0309378468,-2.9690511227,-0.0191421304,-0.0021456855,-0.1057900637,-0.0021543226,-0.0143744880,-1.3194311857,-0.0022517976,-0.0211298820,-2.0015223026,-0.0022974503,-0.0144559229,-1.3241852522,-1.6694296598,-0.0025059730,0.0900895447,9.1077432632,3.6129193306,0.1322227269,10.1216945648,9.2496404648,0.0646731555,6.5539646149,10.1216945648,6.6938304901,10.1216945648,9.7811183929,0.5921968222,3.9695546627,-3.9981052876
2022,05,06,19:26:05.613,-0.0027724872,-0.0391553678,-3.7920370102,-0.0192075241,-0.0023751836,-0.1100777313,-0.0024023287,-0.0135490354,-1.2338690758,-0.0023603775,-0.0213791206,-2.0192542076,-0.0023085552,-0.0144522218,-1.3240433931,-1.6694185734,-0.0024961021,0.0901500061,9.1091709137,3.6115484238,0.1323325485,10.1216945648,9.2504148483,0.0647533610,6.5551223755,10.1216945648,6.6941208839,10.1216945648,9.7847175598,0.5922165513,3.9696433544,-3.9981102943
2022,05,06,19:26:06.114,-0.0024603202,-0.0385520086,-3.7515318394,-0.0188743826,-0.0021580241,-0.1050805971,-0.0021901045,-0.0138883470,-1.2659444809,-0.0022715393,-0.0211335830,-1.9961723089,-0.0022332896,-0.0143769560,-1.3234597445,-1.6693975925,-0.0023924578,0.0902289823,9.1107597351,3.5996379852,0.1325373948,10.1216945648,9.2499237061,0.0647348538,6.5548195839,10.1216945648,6.6932926178,10.1216945648,9.7835235596,0.5922437310,3.9696125984,-3.9981141090
2022,05,06,19:26:06.613,-0.0024763604,-0.0388481356,-3.7678124905,-0.0190323163,-0.0021321129,-0.1046327055,-0.0022012093,-0.0137884039,-1.2642430067,-0.0022505636,-0.0211064368,-2.0001378059,-0.0021913382,-0.0144670280,-1.3369964361,-1.6693334579,-0.0023887563,0.0902462602,9.1128044128,3.6018369198,0.1325719506,10.1216945648,9.2536582947,0.0647644699,6.5556836128,10.1216945648,6.6937665939,10.1216945648,9.7852602005,0.5922054648,3.9696433544,-3.9980893135
2022,05,06,19:26:07.113,-0.0024948684,-0.0391208194,-3.7912151814,-0.0190409534,-0.0021555563,-0.1048338190,-0.0022271203,-0.0140524507,-1.2745409012,-0.0023566757,-0.0211792346,-1.9979563951,-0.0023036196,-0.0146459378,-1.3424736261,-1.6693888903,-0.0024183688,0.0901931971,9.1122350693,3.6023390293,0.1324843317,10.1216945648,9.2531070709,0.0646398365,6.5540266037,10.1216945648,6.6940145493,10.1216945648,9.7818078995,0.5923621655,3.9698815346,-3.9978868961
2022,05,06,19:26:07.614,-0.0020543798,-0.0297348332,-2.8876903057,-0.0178897604,-0.0018730020,-0.0987459496,-0.0017890994,-0.0139056211,-1.3050580025,-0.0018187121,-0.0204154756,-1.9641585350,-0.0016262297,-0.0139352335,-1.3248478174,-1.6689175367,-0.0018717682,0.0907497257,9.1221122742,3.6007769108,0.1330828220,10.1216945648,9.2549781799,0.0652383193,6.5616216660,10.1216945648,6.6945972443,10.1216945648,9.7849321365,0.5926373601,3.9701530933,-3.9976069927
2022,05,06,19:26:08.113,-0.0018113089,-0.0294769555,-2.8835210800,-0.0175640211,-0.0015818106,-0.0929048508,-0.0016015525,-0.0139734838,-1.3308494091,-0.0016669472,-0.0202970244,-1.9620387554,-0.0016003186,-0.0138352904,-1.3148609400,-1.6689077616,-0.0018779375,0.0908027887,9.1235914230,3.6031510830,0.1331408173,10.1216945648,9.2565450668,0.0652839765,6.5641560555,10.1216945648,6.6965184212,10.1216945648,9.7845239639,0.5926015377,3.9701592922,-3.9976365566
2022,05,06,19:26:08.614,-0.0018359862,-0.0293757785,-2.8660163879,-0.0176676661,-0.0016064879,-0.0933848172,-0.0016398021,-0.0140586197,-1.3261101246,-0.0016891566,-0.0201255176,-1.9424684048,-0.0016718826,-0.0138155492,-1.3111211061,-1.6689558029,-0.0018865744,0.0907818079,9.1248178482,3.6041173935,0.1331506819,10.1216945648,9.2584514618,0.0653185323,6.5650372505,10.1216945648,6.6971931458,10.1216945648,9.7848587036,0.5924843550,3.9700629711,-3.9976820946
2022,05,06,19:26:09.114,-0.0017890994,-0.0308342036,-3.0027110577,-0.0175319407,-0.0016521408,-0.0944780186,-0.0017348095,-0.0139414025,-1.3203554153,-0.0018989131,-0.0203895643,-1.9508672953,-0.0018865744,-0.0140499827,-1.3166859150,-1.6690200567,-0.0021419839,0.0904696137,9.1204557419,3.6063570976,0.1328002363,10.1216945648,9.2591857910,0.0648804680,6.5595622063,10.1216945648,6.6968331337,10.1216945648,9.7864971161,0.5922251940,3.9698779583,-3.9979586601
2022,05,06,19:26:09.613,-0.0021876367,-0.0321457982,-3.1194305420,-0.0177774783,-0.0020445087,-0.1038652435,-0.0021555563,-0.0144978743,-1.3355910778,-0.0023258294,-0.0206992626,-1.9473977089,-0.0021987415,-0.0143794240,-1.3194756508,-1.6694012880,-0.0023776514,0.0903363377,9.1214494705,3.6060793400,0.1327237338,10.1216945648,9.2586898804,0.0649384633,6.5601863861,10.1216945648,6.6980385780,10.1216945648,9.7839832306,0.5922017694,3.9698026180,-3.9979586601
2022,05,06,19:26:10.113,-0.0022604347,-0.0337485857,-3.2763864994,-0.0178169627,-0.0019902189,-0.1016196162,-0.0020173639,-0.0136514455,-1.2645441294,-0.0021308791,-0.0203278717,-1.9339929819,-0.0020938632,-0.0142967552,-1.3278918266,-1.6692827940,-0.0022777086,0.0904350579,9.1241569519,3.6071467400,0.1328273863,10.1216945648,9.2621259689,0.0650260746,6.5631284714,10.1216945648,6.6991567612,10.1216945648,9.7845544815,0.5922585130,3.9699246883,-3.9978401661
2022,05,06,19:26:10.614,-0.0022345234,-0.0344876684,-3.3551425934,-0.0178330019,-0.0020025575,-0.1014271304,-0.0020099606,-0.0135650756,-1.2565264702,-0.0020099606,-0.0202427339,-1.9307454824,-0.0019420983,-0.0141783040,-1.3251229525,-1.6691865921,-0.0021469193,0.0906213894,9.1289653778,3.6072478294,0.1327693909,10.1216945648,9.2641878128,0.0650112703,6.5630183220,10.1216945648,6.6988258362,10.1216945648,9.7831544876,0.5920536518,3.9697494507,-3.9980337620
2022,05,06,19:26:11.113,-0.0022925150,-0.0352292173,-3.4237587452,-0.0177379958,-0.0019791140,-0.1011334732,-0.0020482105,-0.0135033820,-1.2520623207,-0.0020889279,-0.0200601239,-1.9029380083,-0.0020111946,-0.0142116183,-1.3225084543,-1.6692124605,-0.0022209510,0.0905399472,9.1269960403,3.6079635620,0.1327484101,10.1216945648,9.2637367249,0.0649705455,6.5622091293,10.1216945648,6.6978745461,10.1216945648,9.7870683670,0.5921449661,3.9698531628,-3.9979610443
2022,05,06,19:26:11.613,-0.0021851689,-0.0324012078,-3.1209988594,-0.0178132616,-0.0019322274,-0.1005992070,-0.0019457998,-0.0142264254,-1.3375812769,-0.0020148961,-0.0200724620,-1.9145004749,-0.0019346951,-0.0142387636,-1.3342708349,-1.6691852808,-0.0021469193,0.0905708000,9.1274375916,3.6078217030,0.1327891350,10.1216945648,9.2647113800,0.0650421157,6.5628380775,10.1216945648,6.6976523399,10.1216945648,9.7903823853,0.5920795798,3.9698026180,-3.9979376793
2022,05,06,19:26:12.114,-0.0022061446,-0.0347591154,-3.4806866646,-0.0182907656,-0.0019038486,-0.1001932696,-0.0019396305,-0.0144361816,-1.3457285166,-0.0019914526,-0.0199897923,-1.8993746042,-0.0019445660,-0.0142301265,-1.3280509710,-1.6692013741,-0.0021604919,0.0906275585,9.1306991577,3.6115927696,0.1327891350,10.1216945648,9.2672948837,0.0650433525,6.5634565353,10.1216945648,6.6993689537,10.1216945648,9.7822494507,0.5921363235,3.9698901176,-3.9978389740
2022,05,06,19:26:12.613,-0.0022160155,-0.0380954780,-3.7147428989,-0.0189656876,-0.0019692432,-0.1002006754,-0.0019902189,-0.0128445001,-1.1802737713,-0.0020876939,-0.0199700519,-1.9031810760,-0.0020284685,-0.0143596819,-1.3344485760,-1.6692408323,-0.0022049109,0.0905584618,9.1310358047,3.6107611656,0.1327533424,10.1216945648,9.2686166763,0.0649878234,6.5635318756,10.1216945648,6.7000637054,10.1216945648,9.7832565308,0.5920845270,3.9698803425,-3.9979004860
2022,05,06,19:26:13.113,-0.0022875795,-0.0389542468,-3.7989416122,-0.0186572224,-0.0019544368,-0.1004844606,-0.0019741787,-0.0137896379,-1.2766593695,-0.0020753553,-0.0200070664,-1.9008033276,-0.0020173639,-0.0142313605,-1.3265591860,-1.6692309380,-0.0021962738,0.0905695632,9.1310520172,3.6129441261,0.1327570379,10.1216945648,9.2688255310,0.0650260746,6.5654764175,10.1216945648,6.7012224197,10.1216945648,9.7844533920,0.5920302272,3.9698581696,-3.9978919029
2022,05,06,19:26:13.614,-0.0022517976,-0.0388567708,-3.7920851707,-0.0185461752,-0.0019470337,-0.0999896824,-0.0019556708,-0.0133096660,-1.2313865423,-0.0020432749,-0.0197726339,-1.8816612959,-0.0019951544,-0.0142313605,-1.3286715746,-1.6692309380,-0.0021876367,0.0906041190,9.1322612762,3.6119568348,0.1328088641,10.1216945648,9.2700109482,0.0650063306,6.5638847351,10.1216945648,6.6999177933,10.1216945648,9.7878437042,0.5920141935,3.9698915482,-3.9978771210
2022,05,06,19:26:14.113,-0.0022061446,-0.0330304764,-3.0664126873,-0.0185091589,-0.0019408644,-0.1007522047,-0.0019852833,-0.0143016903,-1.3344645500,-0.0020839924,-0.0198688749,-1.8877824545,-0.0020025575,-0.0142585058,-1.3256399632,-1.6692099571,-0.0022049109,0.0906189233,9.1348123550,3.6125233173,0.1327693909,10.1216945648,9.2716932297,0.0650248379,6.5646843910,10.1216945648,6.7000770569,10.1216945648,9.7846031189,0.5920055509,3.9698729515,-3.9978930950
2022,05,06,19:26:14.613,-0.0021851689,-0.0292758364,-2.8307352066,-0.0179304779,-0.0019519691,-0.1009730697,-0.0019741787,-0.0144065684,-1.3385523558,-0.0020556136,-0.0196541827,-1.8626165390,-0.0020037913,-0.0141203133,-1.3146425486,-1.6692334414,-0.0022049109,0.0906053483,9.1342678070,3.6117753983,0.1327891350,10.1216945648,9.2719917297,0.0650149658,6.5654468536,10.1216945648,6.7019352913,10.1216945648,9.7847375870,0.5919734836,3.9698901176,-3.9979004860
2022,05,06,19:26:15.114,-0.0021814674,-0.0291351750,-2.8212628365,-0.0179206077,-0.0019297596,-0.1007818207,-0.0019495015,-0.0141659658,-1.3260878325,-0.0020531458,-0.0195826180,-1.8639664650,-0.0019840496,-0.0142424656,-1.3299177885,-1.6692396402,-0.0021962738,0.0906300321,9.1356115341,3.6150677204,0.1328520626,10.1216945648,9.2719154358,0.0650174394,6.5650939941,10.1216945648,6.7020812035,10.1216945648,9.7839918137,0.5919598937,3.9699184895,-3.9979202747
2022,05,06,19:26:15.613,-0.0021827014,-0.0292585623,-2.8243315220,-0.0179095026,-0.0019322274,-0.1008854657,-0.0019532030,-0.0145373577,-1.3543840647,-0.0020445087,-0.0196270384,-1.8624684811,-0.0019914526,-0.0142436987,-1.3233289719,-1.6692137718,-0.0021925722,0.0906547084,9.1378326416,3.6147789955,0.1328397244,10.1216945648,9.2748155594,0.0650495216,6.5665130615,10.1216945648,6.7025551796,10.1216945648,9.7856969833,0.5919401646,3.9699246883,-3.9979078770
2022,05,06,19:26:16.114,-0.0021629594,-0.0290537402,-2.8130145073,-0.0179637913,-0.0019309935,-0.1009508595,-0.0019741787,-0.0142325945,-1.3172214031,-0.0020654844,-0.0193309113,-1.8383367062,-0.0020087268,-0.0142622069,-1.3275512457,-1.6692384481,-0.0021864029,0.0906571746,9.1388978958,3.6151800156,0.1328964829,10.1216945648,9.2759599686,0.0650137365,6.5658726692,10.1216945648,6.7025241852,10.1216945648,9.7898778915,0.5918747187,3.9699075222,-3.9979066849
2022,05,06,19:26:16.613,-0.0022443943,-0.0334697329,-3.2635319233,-0.0182315409,-0.0019556708,-0.1012963429,-0.0019889851,-0.0144645600,-1.3475040197,-0.0020617829,-0.0195419006,-1.8531565666,-0.0020260008,-0.0143189644,-1.3294909000,-1.6692827940,-0.0022394590,0.0906312615,9.1392154694,3.6120419502,0.1328619272,10.1216945648,9.2759065628,0.0650001615,6.5665426254,10.1216945648,6.7035827637,10.1216945648,9.7819395065,0.5918439031,3.9699099064,-3.9979438782
2022,05,06,19:26:17.114,-0.0022567329,-0.0346382000,-3.3457467556,-0.0179934055,-0.0019556708,-0.1009829417,-0.0019828158,-0.0139858220,-1.2932239771,-0.0020716537,-0.0192803219,-1.8250257969,-0.0019766465,-0.0141585628,-1.3178346157,-1.6692408323,-0.0022197173,0.0906571746,9.1402235031,3.6160461903,0.1329396665,10.1216945648,9.2774019241,0.0650421157,6.5669040680,10.1216945648,6.7045073509,10.1216945648,9.7858037949,0.5918623805,3.9699199200,-3.9979155064
2022,05,06,19:26:17.613,-0.0022530314,-0.0353254601,-3.4332547188,-0.0179366469,-0.0019618401,-0.1008250043,-0.0019766465,-0.0138982181,-1.2900307178,-0.0020469765,-0.0192408394,-1.8288420439,-0.0020297025,-0.0143350046,-1.3309308290,-1.6692593098,-0.0022234188,0.0906806216,9.1425008774,3.6159758568,0.1328816712,10.1216945648,9.2794303894,0.0650458187,6.5680346489,10.1216945648,6.7037630081,10.1216945648,9.7865066528,0.5918290615,3.9699394703,-3.9979019165
2022,05,06,19:26:18.113,-0.0022567329,-0.0351342112,-3.4094016552,-0.0179403480,-0.0019544368,-0.1008953378,-0.0020099606,-0.0140462816,-1.3047223091,-0.0020605489,-0.0192938950,-1.8252959251,-0.0020185977,-0.0142387636,-1.3220421076,-1.6692728996,-0.0022258863,0.0906732157,9.1420755386,3.6197519302,0.1329470724,10.1216945648,9.2792167664,0.0650248379,6.5686120987,10.1216945648,6.7036790848,10.1216945648,9.7889204025,0.5918167233,3.9699234962,-3.9978895187
2022,05,06,19:26:18.613,-0.0022320556,-0.0325714797,-3.0688028336,-0.0180847105,-0.0019569045,-0.1014271304,-0.0019766465,-0.0145361247,-1.3496929407,-0.0020297025,-0.0188928898,-1.7946801186,-0.0019778803,-0.0142412316,-1.3286136389,-1.6691939831,-0.0021888707,0.0907361507,9.1458387375,3.6212956905,0.1329483092,10.1216945648,9.2827177048,0.0650803670,6.5685663223,10.1216945648,6.7051415443,10.1216945648,9.7868947983,0.5918155313,3.9699110985,-3.9978585243
2022,05,06,19:26:19.114,-0.0021358146,-0.0293276571,-2.8344244957,-0.0177379958,-0.0019309935,-0.1004486755,-0.0019532030,-0.0148729682,-1.3929755688,-0.0020136621,-0.0190841388,-1.8119529486,-0.0019791140,-0.0142436987,-1.3287628889,-1.6692112684,-0.0021752981,0.0907188728,9.1452999115,3.6180589199,0.1330309957,10.1216945648,9.2834033966,0.0650741979,6.5703258514,10.1216945648,6.7062902451,10.1216945648,9.7839841843,0.5917735696,3.9699308872,-3.9978845119
2022,05,06,19:26:19.614,-0.0021407499,-0.0292289499,-2.8218243122,-0.0179230738,-0.0019371628,-0.1006732434,-0.0019272920,-0.0148273157,-1.3781087399,-0.0020136621,-0.0188941229,-1.7890019417,-0.0019852833,-0.0142350616,-1.3252785206,-1.6692408323,-0.0021876367,0.0907583609,9.1478643417,3.6203861237,0.1330050677,10.1216945648,9.2854375839,0.0650803670,6.5722165108,10.1216945648,6.7061510086,10.1216945648,9.7837820053,0.5917797089,3.9699678421,-3.9979202747
2022,05,06,19:26:20.113,-0.0021493870,-0.0293770116,-2.8436007500,-0.0178058576,-0.0019137195,-0.0998613611,-0.0019322274,-0.0143362386,-1.3429276943,-0.0020062590,-0.0189101640,-1.7962237597,-0.0019569045,-0.0142227234,-1.3266875744,-1.6691988707,-0.0021814674,0.0907731727,9.1501064301,3.6214561462,0.1330334544,10.1216945648,9.2876100540,0.0651284978,6.5718202591,10.1216945648,6.7063999176,10.1216945648,9.7879934311,0.5917538404,3.9699518681,-3.9978857040
2022,05,06,19:26:20.613,-0.0020963310,-0.0290599093,-2.8206226826,-0.0178983975,-0.0019112517,-0.1003968567,-0.0019359289,-0.0145398257,-1.3543038368,-0.0020284685,-0.0187978819,-1.7855014801,-0.0019606061,-0.0142683759,-1.3278300762,-1.6692248583,-0.0022012093,0.0907657668,9.1506185532,3.6237044334,0.1330260485,10.1216945648,9.2881259918,0.0650828406,6.5709218979,10.1216945648,6.7068963051,10.1216945648,9.7932863235,0.5917019844,3.9699530602,-3.9978895187
2022,05,06,19:26:21.113,-0.0021715965,-0.0290327650,-2.8102853298,-0.0179588571,-0.0019272920,-0.1008139029,-0.0019865173,-0.0142622069,-1.3220248222,-0.0020371056,-0.0186633915,-1.7719290257,-0.0019828158,-0.0143300695,-1.3359872103,-1.6692556143,-0.0022012093,0.0907867476,9.1515769958,3.6261575222,0.1330704689,10.1216945648,9.2887706757,0.0650630966,6.5705418587,10.1216945648,6.7072749138,10.1216945648,9.7838935852,0.5916970372,3.9699754715,-3.9978919029
2022,05,06,19:26:21.613,-0.0021827014,-0.0320680663,-3.1201388836,-0.0177145526,-0.0019507353,-0.1005079001,-0.0019840496,-0.0144892372,-1.3577907085,-0.0020420412,-0.0188114550,-1.7849203348,-0.0019914526,-0.0143214324,-1.3314613104,-1.6692482233,-0.0022197173,0.0908237621,9.1546163559,3.6250271797,0.1330606043,10.1216945648,9.2912960052,0.0650927126,6.5730295181,10.1216945648,6.7081079483,10.1216945648,9.7855777740,0.5916699171,3.9698989391,-3.9979326725
2022,05,06,19:26:22.113,-0.0022209510,-0.0334993452,-3.2597947121,-0.0177984554,-0.0019383967,-0.1008089632,-0.0019618401,-0.0145657370,-1.3597921133,-0.0020309363,-0.0186313111,-1.7646245956,-0.0020124284,-0.0141709009,-1.3197346926,-1.6692519188,-0.0021851689,0.0908459798,9.1557445526,3.6233329773,0.1331037879,10.1216945648,9.2934427261,0.0651013479,6.5731854439,10.1216945648,6.7082509995,10.1216945648,9.7864780426,0.5916550756,3.9699394703,-3.9979116917
2022,05,06,19:26:22.614,-0.0021938060,-0.0331489258,-3.2112298012,-0.0178231318,-0.0019186549,-0.1007892266,-0.0019815818,-0.0145570999,-1.3685833216,-0.0020334041,-0.0186646245,-1.7686592340,-0.0019704772,-0.0141795380,-1.3276203871,-1.6692470312,-0.0021999753,0.0908694193,9.1571636200,3.6234576702,0.1331358701,10.1216945648,9.2937183380,0.0650964081,6.5730924606,10.1216945648,6.7085633278,10.1216945648,9.7882690430,0.5916180611,3.9699852467,-3.9979412556
2022,05,06,19:26:23.114,-0.0022110802,-0.0329724848,-3.1924443245,-0.0178144947,-0.0019482676,-0.1015036330,-0.0019433321,-0.0150506450,-1.4049563408,-0.0020580813,-0.0188077539,-1.7778613567,-0.0021395162,-0.0144090364,-1.3396911621,-1.6694148779,-0.0023677805,0.0904066786,9.1539773941,3.6259489059,0.1328520626,10.1216945648,9.2942371368,0.0648767650,6.5698585510,10.1216945648,6.7084755898,10.1216945648,9.7881011963,0.5913601518,3.9697248936,-3.9981658459
2022,05,06,19:26:23.614,-0.0024541509,-0.0298693236,-2.8669097424,-0.2616021037,-0.0022666040,-0.1080159545,-0.0049490193,-0.0147323087,-1.3375849724,-0.0023690143,-0.0188139230,-1.7573595047,-0.0023850547,-0.0146434698,-1.3416604996,-1.6695431471,-0.0025454566,0.0905559883,9.1532373428,3.6267092228,0.1326064914,10.1216945648,9.2944421768,0.0647175759,6.5694994926,10.1216945648,6.7107176781,10.1216945648,9.7849779129,0.5913367271,3.9697606564,-3.9980919361
2022,05,06,19:26:24.113,-0.0022493298,-0.0293733105,-2.8335547447,-0.0871402472,-0.0019556708,-0.1010952219,-0.0027280680,-0.0149124525,-1.4015829563,-0.0020358718,-0.0185128599,-1.7579345703,-0.0019815818,-0.0142683759,-1.3297845125,-1.6692717075,-0.0022295881,0.0908768252,9.1599721909,3.6280269623,0.1330606043,10.1216945648,9.2975444794,0.0650816038,6.5749955177,10.1216945648,6.7104797363,10.1216945648,9.7848014832,0.5915563703,3.9699864388,-3.9979155064
2022,05,06,19:26:24.613,-0.0021851689,-0.0293646734,-2.8355658054,-0.8018608093,-0.0019754125,-0.1011828259,-0.0098030306,-0.0148717351,-1.3862115145,-0.0020050253,-0.0184351280,-1.7418030500,-0.0020334041,-0.0142350616,-1.3254685402,-1.6692433357,-0.0021925722,0.0908792913,9.1606569290,3.6276149750,0.1331173629,10.1216945648,9.2986850739,0.0651223287,6.5760269165,10.1216945648,6.7110433578,10.1216945648,9.7871809006,0.5915082693,3.9699506760,-3.9979338646
2022,05,06,19:26:25.113,-0.0021752981,-0.0292030387,-2.8180389404,-0.5727684498,-0.0019519691,-0.1005498543,-0.0074796695,-0.0143448757,-1.3397985697,-0.0020346378,-0.0184203200,-1.7479007244,-0.0019914526,-0.0142424656,-1.3304544687,-1.6692371368,-0.0021876367,0.0908755958,9.1620502472,3.6275432110,0.1330569088,10.1216945648,9.2995138168,0.0649063811,6.5737342834,10.1216945648,6.7119812965,10.1216945648,9.7928819656,0.5913737416,3.9698963165,-3.9980154037
2022,05,06,19:26:25.613,-0.0022653700,-0.0293054488,-2.8269474506,-0.4988601506,-0.0020568473,-0.1029558852,-0.0068701417,-0.0147063974,-1.3681354523,-0.0021136052,-0.0185634494,-1.7501304150,-0.0020876939,-0.0143053923,-1.3218249083,-1.6692765951,-0.0022641362,0.0908361077,9.1599559784,3.6306405067,0.1330470294,10.1216945648,9.2978763580,0.0650630966,6.5753111839,10.1216945648,6.7116866112,10.1216945648,9.7849521637,0.5914193988,3.9699125290,-3.9979918003
2022,05,06,19:26:26.113,-0.0022715393,-0.0290636122,-2.8054115772,-0.5000360012,-0.0020395734,-0.1026375517,-0.0068861819,-0.0143374726,-1.3245048523,-0.0021419839,-0.0183376521,-1.7291657925,-0.0020852261,-0.0142757799,-1.3251353502,-1.6693235636,-0.0022752408,0.0908435062,9.1632404327,3.6260983944,0.1330618411,10.1216945648,9.3012123108,0.0650532246,6.5756421089,10.1216945648,6.7120342255,10.1216945648,9.7842235565,0.5913614035,3.9699211121,-3.9980559349
2022,05,06,19:26:26.613,-0.0022456283,-0.0291783605,-2.8153107166,-0.5008392334,-0.0020297025,-0.1023463607,-0.0068923514,-0.0143744880,-1.3350814581,-0.0021222420,-0.0183870066,-1.7361754179,-0.0020987988,-0.0143177304,-1.3241642714,-1.6693432331,-0.0022801764,0.0908743590,9.1656703949,3.6332726479,0.1330717057,10.1216945648,9.3017454147,0.0650717318,6.5773921013,10.1216945648,6.7149119377,10.1216945648,9.7851400375,0.5913515091,3.9699099064,-3.9980313778
2022,05,06,19:26:27.113,-0.0022764748,-0.0291894656,-2.8125050068,-0.5209659934,-0.0020482105,-0.1024499983,-0.0070984061,-0.0144472867,-1.3381118774,-0.0021012665,-0.0183672644,-1.7291646004,-0.0020839924,-0.0142535698,-1.3180850744,-1.6693679094,-0.0022826442,0.0908916369,9.1671762466,3.6337897778,0.1330963969,10.1216945648,9.3038778305,0.0650692657,6.5776386261,10.1216945648,6.7129006386,10.1216945648,9.7866954803,0.5913453698,3.9698717594,-3.9980165958
2022,05,06,19:26:27.613,-0.0022394590,-0.0293387622,-2.8277297020,-0.5450164676,-0.0020087268,-0.1019737348,-0.0073106303,-0.0141018052,-1.3063116074,-0.0021222420,-0.0181550402,-1.7148382664,-0.0020704200,-0.0143189644,-1.3290615082,-1.6693185568,-0.0022764748,0.0909175500,9.1700115204,3.6387009621,0.1331543922,10.1216945648,9.3070850372,0.0650803670,6.5780963898,10.1216945648,6.7139296532,10.1216945648,9.7873363495,0.5913601518,3.9699051380,-3.9979944229
2022,05,06,19:26:28.113,-0.0021975075,-0.0291339420,-2.8115537167,-0.5556424856,-0.0019889851,-0.1010939851,-0.0073994682,-0.0144016333,-1.3388336897,-0.0020839924,-0.0181883555,-1.7216552496,-0.0020334041,-0.0142745459,-1.3277523518,-1.6692754030,-0.0022332896,0.0909644365,9.1710319519,3.6374917030,0.1332728565,10.1216945648,9.3071193695,0.0651420727,6.5794835091,10.1216945648,6.7155156136,10.1216945648,9.7871913910,0.5913774371,3.9699642658,-3.9980289936
2022,05,06,19:26:28.613,-0.0021876367,-0.0293153189,-2.8314497471,-0.0198701080,-0.0019680094,-0.1016159132,-0.0020272348,-0.0149790803,-1.3862189054,-0.0020519120,-0.0180415250,-1.6999158859,-0.0020111946,-0.0142893521,-1.3313206434,-1.6692841053,-0.0022394590,0.0909632072,9.1730155945,3.6392931938,0.1332679093,10.1216945648,9.3100137711,0.0651284978,6.5804915428,10.1216945648,6.7165446281,10.1216945648,9.7838439941,0.5913490653,3.9700000286,-3.9979820251
2022,05,06,19:26:29.114,-0.0022172495,-0.0293042138,-2.8324282169,-0.0181488711,-0.0019766465,-0.1011470407,-0.0020025575,-0.0146323657,-1.3728821278,-0.0020654844,-0.0180193149,-1.7044527531,-0.0020124284,-0.0142560378,-1.3271305561,-1.6692889929,-0.0022542654,0.0909829512,9.1731376648,3.6404964924,0.1333073974,10.1216945648,9.3107128143,0.0651334301,6.5795512199,10.1216945648,6.7158856392,10.1216945648,9.7878866196,0.5913293362,3.9699704647,-3.9979782104
2022,05,06,19:26:29.614,-0.0021938060,-0.0291253049,-2.8112637997,-0.0181278959,-0.0019643079,-0.1015653238,-0.0020074928,-0.0150827253,-1.4074167013,-0.0020654844,-0.0180217829,-1.6968646049,-0.0020074928,-0.0143485777,-1.3332418203,-1.6693025827,-0.0022283541,0.0909891203,9.1728315353,3.6398794651,0.1333333105,10.1216945648,9.3113794327,0.0651247948,6.5795006752,10.1216945648,6.7160215378,10.1216945648,9.7899599075,0.5913021564,3.9699938297,-3.9979856014
2022,05,06,19:26:30.113,-0.0021802336,-0.0291438121,-2.8117165565,-0.0247932170,-0.0019667754,-0.1015653238,-0.0020889279,-0.0147940014,-1.3723773956,-0.0020778230,-0.0178120267,-1.6792240143,-0.0020222992,-0.0142436987,-1.3271712065,-1.6693284512,-0.0022900472,0.0909656733,9.1756172180,3.6428151131,0.1333259046,10.1216945648,9.3125505447,0.0650890097,6.5805015564,10.1216945648,6.7166519165,10.1216945648,9.7808589935,0.5912096500,3.9699470997,-3.9980092049
2022,05,06,19:26:30.614,-0.0022443943,-0.0291783605,-2.8157956600,-0.1180743948,-0.0020420412,-0.1024635732,-0.0032166773,-0.0149050485,-1.3913159370,-0.0021592579,-0.0179045666,-1.6852748394,-0.0021284113,-0.0143399406,-1.3260273933,-1.6693716049,-0.0023171923,0.0909520984,9.1767787933,3.6401853561,0.1332740784,10.1216945648,9.3158321381,0.0650729686,6.5794453621,10.1216945648,6.7167630196,10.1216945648,9.7870187759,0.5911861658,3.9699273109,-3.9980745316
2022,05,06,19:26:31.113,-0.0022789426,-0.0291758925,-2.8120818138,-0.2350185663,-0.0020765893,-0.1032322720,-0.0043876120,-0.0150037576,-1.3824876547,-0.0021567901,-0.0178724863,-1.6752016544,-0.0021308791,-0.0143090934,-1.3247714043,-1.6693938971,-0.0023073214,0.0909780115,9.1776838303,3.6324656010,0.1332271993,10.1216945648,9.3172931671,0.0650593936,6.5794119835,10.1216945648,6.7163696289,10.1216945648,9.7856168747,0.5911614895,3.9699261189,-3.9980609417
2022,05,06,19:26:31.613,-0.0022789426,-0.0293116178,-2.8269102573,-0.2840152085,-0.0020432749,-0.1031878516,-0.0047516013,-0.0147187356,-1.3675518036,-0.0021284113,-0.0178404059,-1.6747401953,-0.0021049681,-0.0143004563,-1.3262199163,-1.6693556309,-0.0023085552,0.0909952894,9.1811084747,3.6338748932,0.1333197355,10.1216945648,9.3191003799,0.0650692657,6.5824079514,10.1216945648,6.7188262939,10.1216945648,9.7896308899,0.5912034512,3.9699716568,-3.9980142117
2022,05,06,19:26:32.113,-0.0022703055,-0.0293264240,-2.8194615841,-0.2944796085,-0.0020556136,-0.1031298563,-0.0048342701,-0.0149951205,-1.3920328617,-0.0021419839,-0.0178564452,-1.6786984205,-0.0020691860,-0.0142918201,-1.3208736181,-1.6693457365,-0.0022789426,0.0910199657,9.1825771332,3.6447770596,0.1333049387,10.1216945648,9.3189373016,0.0651013479,6.5819711685,10.1216945648,6.7193160057,10.1216945648,9.7922239304,0.5911269784,3.9699087143,-3.9980647564
2022,05,06,19:26:32.614,-0.0022666040,-0.0291351750,-2.8031201363,-0.3265599906,-0.0020408072,-0.1030632332,-0.0052081300,-0.0147878323,-1.3654677868,-0.0021210082,-0.0176627301,-1.6627717018,-0.0021037341,-0.0142659089,-1.3220469952,-1.6693445444,-0.0022777086,0.0910335407,9.1831884384,3.6441674232,0.1332864165,10.1216945648,9.3208827972,0.0651322007,6.5829930305,10.1216945648,6.7187991142,10.1216945648,9.7846136093,0.5911257267,3.9699716568,-3.9980807304
2022,05,06,19:26:33.115,-0.0022777086,-0.0291672554,-2.8129096031,-0.3370799124,-0.0020605489,-0.1020872444,-0.0052328072,-0.0147557519,-1.3772746325,-0.0021111374,-0.0177231897,-1.6701415777,-0.0020691860,-0.0142646749,-1.3199555874,-1.6693556309,-0.0022863457,0.0910113305,9.1834154129,3.6447548866,0.1333555281,10.1216945648,9.3209676743,0.0651395991,6.5830359459,10.1216945648,6.7192916870,10.1216945648,9.7869510651,0.5911158323,3.9699790478,-3.9980659485
2022,05,06,19:26:33.614,-0.0022073786,-0.0291104987,-2.8124051094,-0.2641574442,-0.0019754125,-0.1016788408,-0.0040162196,-0.0150469430,-1.4029982090,-0.0020432749,-0.0177478660,-1.6709991693,-0.0020358718,-0.0141721349,-1.3153730631,-1.6693222523,-0.0022246526,0.0911199227,9.1860980988,3.6344892979,0.1334443688,10.1216945648,9.3225746155,0.0651840270,6.5851855278,10.1216945648,6.7219123840,10.1216945648,9.7882785797,0.5911430120,3.9699976444,-3.9979782104
2022,05,06,19:26:34.115,-0.0021839351,-0.0290648453,-2.8205633163,-0.0179465171,-0.0019482676,-0.1003475040,-0.0019778803,-0.0146743171,-1.3645300865,-0.0020111946,-0.0174801182,-1.6518323421,-0.0019889851,-0.0141820060,-1.3230612278,-1.6692631245,-0.0021777658,0.0911606401,9.1873149872,3.6424164772,0.1334961951,10.1216945648,9.3234357834,0.0652506575,6.5866665840,10.1216945648,6.7207560539,10.1216945648,9.7847852707,0.5911676884,3.9700591564,-3.9979560375
2022,05,06,19:26:34.614,-0.0021543226,-0.0291709583,-2.8186929226,-0.0178181957,-0.0018989131,-0.1000291631,-0.0019581385,-0.0148408879,-1.3973150253,-0.0020025575,-0.0175344087,-1.6632047892,-0.0019606061,-0.0142177884,-1.3273093700,-1.6692544222,-0.0021975075,0.0911680460,9.1900329590,3.6431593895,0.1335159391,10.1216945648,9.3261022568,0.0652531311,6.5869340897,10.1216945648,6.7212595940,10.1216945648,9.7864971161,0.5911664367,3.9700505733,-3.9979498386
2022,05,06,19:26:35.115,-0.0021370484,-0.0290784184,-2.8113329411,-0.0179724284,-0.0019556708,-0.1010705456,-0.0019988560,-0.0149247907,-1.3897144794,-0.0020087268,-0.0174912233,-1.6455816031,-0.0020247670,-0.0141647318,-1.3209315538,-1.6692556143,-0.0022086124,0.0911372006,9.1894159317,3.6406161785,0.1334900260,10.1216945648,9.3273954391,0.0652222782,6.5869231224,10.1216945648,6.7230615616,10.1216945648,9.7864227295,0.5910467505,3.9700210094,-3.9979622364
2022,05,06,19:26:35.614,-0.0021851689,-0.0290734824,-2.8081853390,-0.2750413418,-0.0020062590,-0.1012334153,-0.0054252897,-0.0146903573,-1.3658738136,-0.0020704200,-0.0174505059,-1.6512166262,-0.0020148961,-0.0142523358,-1.3226318359,-1.6693074703,-0.0022258863,0.0911594108,9.1924114227,3.6497130394,0.1335085481,10.1216945648,9.3277664185,0.0651976019,6.5867948532,10.1216945648,6.7226505280,10.1216945648,9.7867460251,0.5910270214,3.9700396061,-3.9979991913
2022,05,06,19:26:36.114,-0.0022221848,-0.0290377010,-2.8057336807,-0.7251972556,-0.0020260008,-0.1012161374,-0.0090577789,-0.0146891233,-1.3725872040,-0.0020531458,-0.0175516829,-1.6509118080,-0.0020161299,-0.0142079173,-1.3199470043,-1.6693259478,-0.0022443943,0.0911520049,9.1917114258,3.6434640884,0.1335085481,10.1216945648,9.3289356232,0.0652173385,6.5876832008,10.1216945648,6.7235970497,10.1216945648,9.7891120911,0.5910307169,3.9700260162,-3.9980239868
2022,05,06,19:26:36.615,-0.0021493870,-0.0291129667,-2.8045279980,-0.6927886605,-0.0019741787,-0.1014616787,-0.0088369176,-0.0147421788,-1.3670508862,-0.0020531458,-0.0173295867,-1.6283581257,-0.0020099606,-0.0141585628,-1.3175581694,-1.6693371534,-0.0021789996,0.0911840871,9.1928482056,3.6424758434,0.1335406303,10.1216945648,9.3295497894,0.0652432591,6.5892343521,10.1216945648,6.7250676155,10.1216945648,9.7894601822,0.5910270214,3.9700407982,-3.9979870319
2022,05,06,19:26:37.115,-0.0021839351,-0.0289204828,-2.7978725433,-0.7006384730,-0.0019803480,-0.1012321785,-0.0088270465,-0.0146187926,-1.3626644611,-0.0020543798,-0.0173986834,-1.6413197517,-0.0020222992,-0.0142276585,-1.3199975491,-1.6692951918,-0.0022184832,0.0911779180,9.1943283081,3.6421980858,0.1335986257,10.1216945648,9.3340425491,0.0652716383,6.5890479088,10.1216945648,6.7240386009,10.1216945648,9.7855739594,0.5909985900,3.9700396061,-3.9979894161
2022,05,06,19:26:37.614,-0.0021839351,-0.0290771835,-2.8076708317,-0.7199730873,-0.0019741787,-0.1013592705,-0.0090318676,-0.0148322508,-1.3816746473,-0.0020568473,-0.0174961593,-1.6462861300,-0.0020124284,-0.0141351195,-1.3121860027,-1.6692963839,-0.0022234188,0.0912198722,9.1967325211,3.6464035511,0.1336097270,10.1216945648,9.3329343796,0.0652111694,6.5879807472,10.1216945648,6.7236585617,10.1216945648,9.7881774902,0.5910220742,3.9700889587,-3.9980177879
2022,05,06,19:26:38.115,-0.0021641934,-0.0290882885,-2.8118646145,-0.7029137015,-0.0019495015,-0.1011260673,-0.0088122403,-0.0146410028,-1.3570553064,-0.0020284685,-0.0173197165,-1.6314008236,-0.0020185977,-0.0141141433,-1.3138406277,-1.6693000793,-0.0022098462,0.0912531912,9.1982536316,3.6410579681,0.1336097270,10.1216945648,9.3350086212,0.0651679859,6.5816688538,10.1216945648,6.7162499428,10.1216945648,9.7863702774,0.5909776092,3.9700543880,-3.9979512691
2022,05,06,19:26:38.614,-0.0021715965,-0.0288945735,-2.7990841866,-0.6691589355,-0.0019729447,-0.1007978618,-0.0084827989,-0.0146570429,-1.3699764013,-0.0020173639,-0.0173629019,-1.6373097897,-0.0019951544,-0.0141758369,-1.3155248165,-1.6692926884,-0.0022086124,0.0912334472,9.1985721588,3.6491332054,0.1336097270,10.1216945648,9.3349599838,0.0651371330,6.5813050270,10.1216945648,6.7171926498,10.1216945648,9.7892818451,0.5909887552,3.9700419903,-3.9979844093
2022,05,06,19:26:39.114,-0.0021654272,-0.0288378149,-2.7791907787,-0.6544439197,-0.0019914526,-0.1008509174,-0.0083507756,-0.0148014044,-1.3810193539,-0.0020371056,-0.0173073784,-1.6301656961,-0.0019791140,-0.0140981032,-1.3098872900,-1.6693074703,-0.0022049109,0.0912729353,9.2019643784,3.6422634125,0.1336171329,10.1216945648,9.3386440277,0.0651827902,6.5801992416,10.1216945648,6.7162313461,10.1216945648,9.7911148071,0.5909541845,3.9701061249,-3.9980189800
2022,05,06,19:26:39.614,-0.0021740643,-0.0289451610,-2.8008029461,-0.6227818131,-0.0019926867,-0.1005202457,-0.0079719806,-0.0146533409,-1.3627804518,-0.0020222992,-0.0170235895,-1.6050627232,-0.0020247670,-0.0141030392,-1.3089495897,-1.6692975760,-0.0022246526,0.0912556574,9.2018804550,3.6568775177,0.1336294711,10.1216945648,9.3402471542,0.0651766211,6.5827240944,10.1216945648,6.7186841965,10.1216945648,9.7870445251,0.5909208655,3.9702012539,-3.9981980324
2022,05,06,19:26:40.115,-0.0019433321,-0.0290784184,-2.8255307674,-0.0178218987,-0.0015164160,-0.0906086341,-0.0015127144,-0.0143276015,-1.3820188046,-0.0015694720,-0.0166842770,-1.6074972153,-0.0015596012,-0.0137205422,-1.3092999458,-1.6689841747,-0.0018162443,0.0916715115,9.2097377777,3.6559348106,0.1340700090,10.1216945648,9.3411293030,0.0655912384,6.5890359879,10.1216945648,6.7193002701,10.1216945648,9.7880086899,0.5912774801,3.9704010487,-3.9976279736
2022,05,06,19:26:40.615,-0.0017286402,-0.0288563222,-2.8213739395,-0.0174517389,-0.0015238192,-0.0905000493,-0.0015373917,-0.0144620929,-1.3852268457,-0.0015744074,-0.0166966170,-1.6036043167,-0.0015472625,-0.0135909859,-1.2977190018,-1.6689620018,-0.0018125428,0.0916789174,9.2101764679,3.6560719013,0.1340835840,10.1216945648,9.3412380219,0.0655875355,6.5898661613,10.1216945648,6.7196063995,10.1216945648,9.7892646790,0.5912713408,3.9704480171,-3.9976167679
2022,05,06,19:26:41.115,-0.0017187693,-0.0287588481,-2.8175835609,-0.0173789412,-0.0015053112,-0.0907998830,-0.0015349239,-0.0141301835,-1.3472881317,-0.0015571334,-0.0164720528,-1.5820093155,-0.0015349239,-0.0134145441,-1.2860095501,-1.6689682007,-0.0018063735,0.0917134658,9.2126512527,3.6549921036,0.1340996176,10.1216945648,9.3437471390,0.0656035766,6.5909509659,10.1216945648,6.7210264206,10.1216945648,9.7915220261,0.5912540555,3.9704813957,-3.9975922108
2022,05,06,19:26:41.614,-0.0017150678,-0.0286996216,-2.8008759022,-0.0173517969,-0.0015102467,-0.0904062763,-0.0015534319,-0.0141610308,-1.3602017164,-0.0015916815,-0.0166053101,-1.5987083912,-0.0015620688,-0.0135453334,-1.2908488512,-1.6689718962,-0.0018113089,0.0917258114,9.2141895294,3.6591975689,0.1341539174,10.1216945648,9.3445339203,0.0656072795,6.5913715363,10.1216945648,6.7208375931,10.1216945648,9.7884922028,0.5912466645,3.9704542160,-3.9975907803
2022,05,06,19:26:42.115,-0.0017520835,-0.0287082586,-2.7984821796,-0.0175492149,-0.0015546657,-0.0915031806,-0.0015373917,-0.0149716772,-1.4346566200,-0.0015756413,-0.0167743489,-1.6059018373,-0.0015262868,-0.0141326515,-1.3423823118,-1.6689299345,-0.0018076074,0.0917492509,9.2165737152,3.6582732201,0.1341810673,10.1216945648,9.3492240906,0.0656122193,6.5927882195,10.1216945648,6.7228465080,10.1216945648,9.7900409698,0.5912231803,3.9704577923,-3.9976229668
2022,05,06,19:26:42.616,-0.0016817534,-0.0258740783,-2.6208209991,-0.0172148384,-0.0015373917,-0.0912193954,-0.0015460287,-0.0148174446,-1.4126543999,-0.0015793429,-0.0166028421,-1.5979397297,-0.0015620688,-0.0144559229,-1.3842176199,-1.6689841747,-0.0018409216,0.0917529538,9.2178869247,3.6436975002,0.1342353523,10.1216945648,9.3484802246,0.0656307265,6.5913581848,10.1216945648,6.7205405235,10.1216945648,9.7861394882,0.5912293792,3.9703664780,-3.9979586601
2022,05,06,19:26:43.116,-0.0019371628,-0.0288822334,-2.8154773712,-0.0176146086,-0.0016657133,-0.0945471153,-0.0018002042,-0.0152085787,-1.4389257431,-0.0018791714,-0.0170038473,-1.6159318686,-0.0018655988,-0.0146632120,-1.3847444057,-1.6691852808,-0.0020420412,0.0915826634,9.2148637772,3.6475980282,0.1338960081,10.1216945648,9.3489160538,0.0652420223,6.5866036415,10.1216945648,6.7212510109,10.1216945648,9.7888994217,0.5909566879,3.9702048302,-3.9979288578
2022,05,06,19:26:43.616,-0.0020457427,-0.0291339420,-2.8181288242,-0.0178330019,-0.0018359862,-0.0983387753,-0.0018730020,-0.0154849635,-1.4541380405,-0.0019309935,-0.0171099603,-1.6177555323,-0.0019050824,-0.0148618640,-1.3949521780,-1.6692705154,-0.0021247098,0.0914802477,9.2142639160,3.6488578320,0.1339305639,10.1216945648,9.3505373001,0.0652728751,6.5869307518,10.1216945648,6.7200875282,10.1216945648,9.7933454514,0.5909072757,3.9702148438,-3.9979128838
2022,05,06,19:26:44.116,-0.0020753553,-0.0290228948,-2.8210828304,-0.0179144368,-0.0018470909,-0.0990136936,-0.0018804052,-0.0153344329,-1.4391725063,-0.0019050824,-0.0168878641,-1.5946613550,-0.0019001469,-0.0148890084,-1.3979566097,-1.6692705154,-0.0021444515,0.0914938226,9.2183418274,3.6485247612,0.1339478344,10.1216945648,9.3536300659,0.0652950853,6.5868501663,10.1216945648,6.7210254669,10.1216945648,9.7858667374,0.5908838511,3.9701504707,-3.9978919029
2022,05,06,19:26:44.616,-0.0020556136,-0.0290228948,-2.8177549839,-0.0177811813,-0.0018347523,-0.0981339514,-0.0018717682,-0.0151579902,-1.4319729805,-0.0019026147,-0.0169655979,-1.6087754965,-0.0019063163,-0.0149494680,-1.4046009779,-1.6692841053,-0.0021382822,0.0914925858,9.2198438644,3.6513457298,0.1339638829,10.1216945648,9.3548402786,0.0653160587,6.5892429352,10.1216945648,6.7230997086,10.1216945648,9.7870187759,0.5908887982,3.9701764584,-3.9979214668
2022,05,06,19:26:45.115,-0.0020716537,-0.0290451031,-2.8192913532,-0.0177811813,-0.0018581956,-0.0979476422,-0.0018841068,-0.0150123946,-1.4137463570,-0.0019063163,-0.0170198884,-1.6113616228,-0.0019075501,-0.0147434128,-1.3829072714,-1.6692581177,-0.0021271775,0.0915530473,9.2198352814,3.6498622894,0.1340194046,10.1216945648,9.3548221588,0.0653407425,6.5910744667,10.1216945648,6.7259206772,10.1216945648,9.7889213562,0.5908838511,3.9701728821,-3.9979066849
2022,05,06,19:26:45.615,-0.0020358718,-0.0291524492,-2.8195354939,-0.0179206077,-0.0018298168,-0.0980920047,-0.0019026147,-0.0149827823,-1.3974692822,-0.0019149533,-0.0167792849,-1.5864092112,-0.0018865744,-0.0146360667,-1.3748439550,-1.6692346334,-0.0020938632,0.0915419459,9.2216024399,3.6538038254,0.1345290393,10.1216945648,9.3565120697,0.0653370395,6.5921850204,10.1216945648,6.7262263298,10.1216945648,9.7915058136,0.5908344984,3.9701457024,-3.9979140759
2022,05,06,19:26:46.116,-0.0020506780,-0.0289698374,-2.7997050285,-0.0178478099,-0.0018396877,-0.0977095068,-0.0018680666,-0.0146977603,-1.3783024549,-0.0019198888,-0.0167521406,-1.5894680023,-0.0018902761,-0.0147606870,-1.3907409906,-1.6692618132,-0.0021370484,0.0915592238,9.2234964371,3.6513912678,0.1348807365,10.1216945648,9.3594121933,0.0653432086,6.5915617943,10.1216945648,6.7262759209,10.1216945648,9.7887449265,0.5908147693,3.9701480865,-3.9978981018
2022,05,06,19:26:46.615,-0.0020494442,-0.0288094357,-2.7999269962,-0.0178046245,-0.0018347523,-0.0977810696,-0.0018693004,-0.0150160966,-1.4216874838,-0.0019112517,-0.0169187114,-1.6049233675,-0.0019026147,-0.0148840733,-1.3971176147,-1.6692728996,-0.0021592579,0.0915999413,9.2259712219,3.6543405056,0.1348794997,10.1216945648,9.3604698181,0.0653382763,6.5922722816,10.1216945648,6.7263584137,10.1216945648,9.7878503799,0.5907912850,3.9701654911,-3.9979116917
2022,05,06,19:26:47.116,-0.0020753553,-0.0289537981,-2.8103852272,-0.0178441070,-0.0018483248,-0.0979476422,-0.0018791714,-0.0150309028,-1.4086048603,-0.0019112517,-0.0168520827,-1.5889350176,-0.0018816390,-0.0147853643,-1.3864077330,-1.6692765951,-0.0021518548,0.0915604532,9.2244777679,3.6543269157,0.1349152774,10.1216945648,9.3606090546,0.0653148293,6.5920157433,10.1216945648,6.7268729210,10.1216945648,9.7874078751,0.5907814503,3.9701702595,-3.9979424477
2022,05,06,19:26:47.615,-0.0020531458,-0.0289710723,-2.8109304905,-0.0178650822,-0.0018433894,-0.0977403522,-0.0018865744,-0.0147261387,-1.3780457973,-0.0018816390,-0.0166892130,-1.5823103189,-0.0019013808,-0.0147717921,-1.3906953335,-1.6692322493,-0.0020815246,0.0916246250,9.2274637222,3.6541306973,0.1349029392,10.1216945648,9.3625936508,0.0653777570,6.5930500031,10.1216945648,6.7261276245,10.1216945648,9.7909259796,0.5907875896,3.9701344967,-3.9979450703
2022,05,06,19:26:48.115,-0.0020494442,-0.0289328229,-2.7985129356,-0.0178255998,-0.0018335184,-0.0977230743,-0.0018890422,-0.0149371298,-1.4111663103,-0.0019223564,-0.0168163013,-1.5919604301,-0.0019038486,-0.0148890084,-1.3996580839,-1.6692951918,-0.0021481533,0.0916344970,9.2305908203,3.6566135883,0.1344031841,10.1216945648,9.3640871048,0.0653271675,6.5928463936,10.1216945648,6.7272977829,10.1216945648,9.7927780151,0.5907295942,3.9701986313,-3.9979560375
