%Mission: 
%Operator: 
%Time: 2022,05,06,21:11:27.328
%File: C:\Users\pop\Documents\5STARG_Data\5STARG_20220506_211127_RADIOMETERS.dat
%Notes: 
YYYY,MM,DD,hh:mm:ss,CH1_0,CH1_2,CH1_4,CH2_0,CH2_2,CH2_4,CH3_0,CH3_2,CH3_4,CH4_0,CH4_2,CH4_4,CH5_0,CH5_2,CH5_4,Here,CH6_0,CH6_2,CH6_4,CH7_0,CH7_2,CH7_4,CH8_0,CH8_2,CH8_4,CH9_0,CH9_2,CH9_4,SPARE,5vRef_Temp,12POS_0_33,12NEG_0_33
2022,05,06,21:11:27.329,-0.00196,-0.00644,-0.54730,-0.01149,-0.00196,-0.09726,-0.00196,-0.01320,-1.21664,-0.00197,-0.01382,-1.28439,-0.00197,-0.01223,-1.12122,-1.67018,-0.00219,0.12717,10.12169,4.97438,0.17833,10.12169,10.12169,0.08751,8.81916,10.12169,8.95230,10.12169,10.01526,0.57616,3.97330,-4.00173
2022,05,06,21:11:27.760,-0.00190,-0.00636,-0.53559,-0.01159,-0.00198,-0.09767,-0.00193,-0.01303,-1.20169,-0.00194,-0.01382,-1.27917,-0.00200,-0.01218,-1.12065,-1.67012,-0.00222,0.12720,10.12169,4.97361,0.17834,10.12169,10.12169,0.08750,8.82031,10.12169,8.95276,10.12169,10.01757,0.57618,3.97331,-4.00179
2022,05,06,21:11:28.191,-0.00190,-0.00657,-0.55458,-0.01157,-0.00197,-0.09751,-0.00199,-0.01313,-1.20824,-0.00195,-0.01374,-1.27967,-0.00199,-0.01209,-1.10737,-1.67011,-0.00218,0.12724,10.12169,4.97385,0.17833,10.12169,10.12169,0.08755,8.81978,10.12169,8.95424,10.12169,10.02601,0.57618,3.97333,-4.00179
2022,05,06,21:11:28.623,-0.00195,-0.00639,-0.54581,-0.01148,-0.00196,-0.09695,-0.00193,-0.01309,-1.20600,-0.00194,-0.01376,-1.27779,-0.00194,-0.01226,-1.12192,-1.67016,-0.00222,0.12720,10.12169,4.97200,0.17831,10.12169,10.12169,0.08750,8.81855,10.12169,8.95296,10.12169,10.02820,0.57615,3.97336,-4.00172
2022,05,06,21:11:29.053,-0.00191,-0.00652,-0.55776,-0.01155,-0.00200,-0.09753,-0.00195,-0.01308,-1.20810,-0.00192,-0.01380,-1.27919,-0.00199,-0.01221,-1.11640,-1.67009,-0.00218,0.12721,10.12169,4.96522,0.17836,10.12169,10.12169,0.08757,8.82069,10.12169,8.95268,10.12169,10.02985,0.57617,3.97332,-4.00180
2022,05,06,21:11:29.484,-0.00196,-0.00659,-0.56092,-0.01149,-0.00196,-0.09731,-0.00193,-0.01313,-1.21205,-0.00196,-0.01371,-1.27593,-0.00197,-0.01219,-1.11876,-1.67013,-0.00217,0.12723,10.12169,4.96327,0.17833,10.12169,10.12169,0.08752,8.81733,10.12169,8.95284,10.12169,10.03418,0.57616,3.97335,-4.00170
2022,05,06,21:11:29.915,-0.00189,-0.00659,-0.56228,-0.01149,-0.00197,-0.09734,-0.00193,-0.01269,-1.17298,-0.00196,-0.01382,-1.27811,-0.00198,-0.01220,-1.12233,-1.67015,-0.00223,0.12726,10.12169,4.96880,0.17839,10.12169,10.12169,0.08749,8.81754,10.12169,8.95058,10.12169,10.02700,0.57620,3.97338,-4.00179
2022,05,06,21:11:30.347,-0.00189,-0.00665,-0.56529,-0.01153,-0.00196,-0.09725,-0.00195,-0.01289,-1.18585,-0.00194,-0.01375,-1.27425,-0.00198,-0.01216,-1.12078,-1.67011,-0.00216,0.12721,10.12169,4.97165,0.17840,10.12169,10.12169,0.08752,8.81798,10.12169,8.95088,10.12169,10.03637,0.57615,3.97333,-4.00174
2022,05,06,21:11:30.778,-0.00194,-0.00651,-0.56620,-0.01144,-0.00191,-0.09674,-0.00191,-0.01278,-1.17764,-0.00197,-0.01379,-1.28415,-0.00195,-0.01218,-1.12124,-1.67016,-0.00217,0.12727,10.12169,4.97531,0.17836,10.12169,10.12169,0.08749,8.81843,10.12169,8.95210,10.12169,10.03777,0.57619,3.97333,-4.00168
2022,05,06,21:11:31.209,-0.00187,-0.00653,-0.55385,-0.01163,-0.00196,-0.09735,-0.00193,-0.01282,-1.18280,-0.00193,-0.01372,-1.27266,-0.00196,-0.01223,-1.12347,-1.67014,-0.00221,0.12721,10.12169,4.97393,0.17839,10.12169,10.12169,0.08749,8.81771,10.12169,8.95080,10.12169,10.03831,0.57619,3.97334,-4.00179
2022,05,06,21:11:31.640,-0.00189,-0.00681,-0.58396,-0.01153,-0.00197,-0.09715,-0.00195,-0.01285,-1.17981,-0.00192,-0.01375,-1.27747,-0.00199,-0.01220,-1.11667,-1.67008,-0.00219,0.12725,10.12169,4.97587,0.17835,10.12169,10.12169,0.08758,8.82001,10.12169,8.95183,10.12169,10.04065,0.57617,3.97337,-4.00177
2022,05,06,21:11:32.071,-0.00190,-0.00681,-0.58624,-0.01162,-0.00201,-0.09722,-0.00191,-0.01276,-1.17827,-0.00199,-0.01373,-1.27151,-0.00198,-0.01218,-1.12470,-1.67016,-0.00222,0.12725,10.12169,4.97304,0.17838,10.12169,10.12169,0.08753,8.82182,10.12169,8.95448,10.12169,10.04135,0.57617,3.97332,-4.00175
2022,05,06,21:11:32.502,-0.00189,-0.00702,-0.60967,-0.01162,-0.00199,-0.09722,-0.00195,-0.01278,-1.18316,-0.00193,-0.01373,-1.27211,-0.00198,-0.01217,-1.11503,-1.67012,-0.00221,0.12724,10.12169,4.97452,0.17838,10.12169,10.12169,0.08742,8.80629,10.12169,8.93874,10.12169,10.04350,0.57617,3.97336,-4.00180
2022,05,06,21:11:32.933,-0.00193,-0.00697,-0.59284,-0.01160,-0.00195,-0.09713,-0.00195,-0.01291,-1.18353,-0.00193,-0.01371,-1.27522,-0.00201,-0.01213,-1.11701,-1.67011,-0.00219,0.12724,10.12169,4.97639,0.17834,10.12169,10.12169,0.08738,8.80448,10.12169,8.93632,10.12169,10.04609,0.57617,3.97335,-4.00176
2022,05,06,21:11:33.366,-0.00192,-0.00683,-0.59154,-0.01164,-0.00200,-0.09731,-0.00193,-0.01280,-1.18424,-0.00197,-0.01381,-1.27995,-0.00198,-0.01228,-1.12515,-1.67015,-0.00222,0.12723,10.12169,4.97716,0.17841,10.12169,10.12169,0.08736,8.80482,10.12169,8.93890,10.12169,10.03872,0.57616,3.97331,-4.00174
2022,05,06,21:11:33.797,-0.00183,-0.00673,-0.58515,-0.01142,-0.00187,-0.09500,-0.00186,-0.01275,-1.18115,-0.00194,-0.01367,-1.27341,-0.00196,-0.01220,-1.12374,-1.67006,-0.00213,0.12735,10.12169,4.97804,0.17848,10.12169,10.12169,0.08754,8.80779,10.12169,8.93867,10.12169,10.04674,0.57627,3.97346,-4.00161
2022,05,06,21:11:34.228,-0.00177,-0.00662,-0.58614,-0.01123,-0.00177,-0.09338,-0.00179,-0.01266,-1.17645,-0.00178,-0.01348,-1.26388,-0.00178,-0.01204,-1.11779,-1.67002,-0.00202,0.12743,10.12169,4.97473,0.17853,10.12169,10.12169,0.08755,8.80688,10.12169,8.93893,10.12169,10.04575,0.57632,3.97351,-4.00156
2022,05,06,21:11:34.659,-0.00169,-0.00681,-0.59917,-0.01114,-0.00175,-0.09320,-0.00172,-0.01254,-1.16943,-0.00173,-0.01357,-1.26969,-0.00180,-0.01202,-1.11925,-1.67001,-0.00204,0.12740,10.12169,4.97597,0.17858,10.12169,10.12169,0.08756,8.80831,10.12169,8.94139,10.12169,10.04580,0.57632,3.97347,-4.00161
2022,05,06,21:11:35.090,-0.00175,-0.00668,-0.58715,-0.01114,-0.00183,-0.09352,-0.00181,-0.01263,-1.17921,-0.00177,-0.01355,-1.27244,-0.00175,-0.01195,-1.11774,-1.66993,-0.00194,0.12751,10.12169,4.97267,0.17856,10.12169,10.12169,0.08764,8.81015,10.12169,8.94040,10.12169,10.04893,0.57644,3.97366,-4.00143
2022,05,06,21:11:35.524,-0.00157,-0.00638,-0.57194,-0.01093,-0.00159,-0.08916,-0.00161,-0.01239,-1.16626,-0.00158,-0.01329,-1.26074,-0.00159,-0.01177,-1.10587,-1.66986,-0.00184,0.12758,10.12169,4.97808,0.17868,10.12169,10.12169,0.08771,8.81250,10.12169,8.94171,10.12169,10.04840,0.57644,3.97362,-4.00139
2022,05,06,21:11:35.955,-0.00154,-0.00640,-0.57341,-0.01092,-0.00160,-0.08952,-0.00158,-0.01246,-1.17382,-0.00161,-0.01335,-1.26526,-0.00161,-0.01178,-1.10947,-1.66981,-0.00183,0.12761,10.12169,4.99097,0.17873,10.12169,10.12169,0.08774,8.81076,10.12169,8.94031,10.12169,10.06957,0.57646,3.97365,-4.00145
2022,05,06,21:11:36.386,-0.00155,-0.00662,-0.58884,-0.01086,-0.00159,-0.08910,-0.00158,-0.01243,-1.17307,-0.00156,-0.01337,-1.27087,-0.00160,-0.01207,-1.13632,-1.66985,-0.00185,0.12748,10.12169,4.98950,0.17872,10.12169,10.12169,0.08776,8.81092,10.12169,8.94049,10.12169,10.05515,0.57644,3.97367,-4.00143
2022,05,06,21:11:36.817,-0.00152,-0.00636,-0.57585,-0.01104,-0.00156,-0.08871,-0.00152,-0.01232,-1.16645,-0.00154,-0.01327,-1.26290,-0.00152,-0.01202,-1.14064,-1.66977,-0.00179,0.12749,10.12169,4.99432,0.17880,10.12169,10.12169,0.08779,8.81252,10.12169,8.94091,10.12169,10.04816,0.57652,3.97372,-4.00136
2022,05,06,21:11:37.248,-0.00144,-0.00636,-0.57400,-0.01100,-0.00150,-0.08725,-0.00148,-0.01226,-1.16372,-0.00150,-0.01328,-1.26841,-0.00152,-0.01191,-1.12747,-1.66974,-0.00176,0.12750,10.12169,4.99347,0.17878,10.12169,10.12169,0.08786,8.81368,10.12169,8.94229,10.12169,10.05044,0.57652,3.97368,-4.00133
2022,05,06,21:11:37.679,-0.00147,-0.00639,-0.57536,-0.01098,-0.00149,-0.08698,-0.00148,-0.01236,-1.17000,-0.00149,-0.01326,-1.26324,-0.00149,-0.01185,-1.12852,-1.66979,-0.00183,0.12747,10.12169,4.99444,0.17869,10.12169,10.12169,0.08773,8.81131,10.12169,8.94023,10.12169,10.04205,0.57644,3.97367,-4.00135
2022,05,06,21:11:38.110,-0.00148,-0.00619,-0.56214,-0.01102,-0.00154,-0.08830,-0.00153,-0.01239,-1.17537,-0.00152,-0.01335,-1.26462,-0.00159,-0.01187,-1.11961,-1.66983,-0.00184,0.12749,10.12169,4.99897,0.17882,10.12169,10.12169,0.08771,8.80912,10.12169,8.93978,10.12169,10.04409,0.57642,3.97362,-4.00147
2022,05,06,21:11:38.541,-0.00155,-0.00633,-0.57053,-0.01114,-0.00160,-0.08938,-0.00162,-0.01250,-1.17480,-0.00162,-0.01336,-1.26465,-0.00164,-0.01201,-1.13118,-1.66983,-0.00187,0.12745,10.12169,4.99600,0.17868,10.12169,10.12169,0.08773,8.81102,10.12169,8.94126,10.12169,10.04914,0.57640,3.97361,-4.00152
2022,05,06,21:11:38.972,-0.00165,-0.00649,-0.58132,-0.01119,-0.00166,-0.09058,-0.00166,-0.01263,-1.18319,-0.00167,-0.01340,-1.26630,-0.00167,-0.01214,-1.14040,-1.66992,-0.00198,0.12740,10.12169,4.99682,0.17815,10.12169,10.12169,0.08764,8.80922,10.12169,8.94041,10.12169,10.04917,0.57637,3.97357,-4.00151
2022,05,06,21:11:39.403,-0.00160,-0.00655,-0.57672,-0.01123,-0.00171,-0.09137,-0.00167,-0.01262,-1.18428,-0.00168,-0.01346,-1.26630,-0.00176,-0.01217,-1.13477,-1.66994,-0.00200,0.12732,10.12169,4.99759,0.17812,10.12169,10.12169,0.08778,8.82650,10.12169,8.95702,10.12169,10.05193,0.57629,3.97351,-4.00159
2022,05,06,21:11:39.834,-0.00172,-0.00659,-0.57311,-0.01122,-0.00173,-0.09242,-0.00170,-0.01273,-1.19087,-0.00172,-0.01352,-1.27098,-0.00172,-0.01223,-1.13912,-1.66996,-0.00200,0.12732,10.12169,4.99960,0.17817,10.12169,10.12169,0.08780,8.82606,10.12169,8.95725,10.12169,10.05075,0.57630,3.97357,-4.00159
2022,05,06,21:11:40.265,-0.00167,-0.00659,-0.57982,-0.01119,-0.00175,-0.09261,-0.00169,-0.01265,-1.17974,-0.00173,-0.01355,-1.27282,-0.00177,-0.01221,-1.13973,-1.66999,-0.00202,0.12725,10.12169,4.99482,0.17817,10.12169,10.12169,0.08775,8.82468,10.12169,8.95650,10.12169,10.04410,0.57632,3.97351,-4.00160
2022,05,06,21:11:40.696,-0.00168,-0.00664,-0.57776,-0.01121,-0.00179,-0.09299,-0.00178,-0.01262,-1.17599,-0.00173,-0.01352,-1.27095,-0.00178,-0.01227,-1.14139,-1.66998,-0.00199,0.12712,10.12169,5.00121,0.17815,10.12169,10.12169,0.08758,8.79939,10.12169,8.91729,10.12169,10.05289,0.57631,3.97354,-4.00165
2022,05,06,21:11:41.127,-0.00175,-0.00669,-0.58933,-0.01122,-0.00174,-0.09263,-0.00176,-0.01261,-1.16946,-0.00177,-0.01354,-1.27270,-0.00175,-0.01228,-1.14211,-1.67002,-0.00201,0.12707,10.12169,5.00260,0.17809,10.12169,10.12169,0.08731,8.78485,10.12169,8.91561,10.12169,10.04563,0.57628,3.97349,-4.00161
2022,05,06,21:11:41.558,-0.00173,-0.00658,-0.58166,-0.01124,-0.00178,-0.09304,-0.00173,-0.01257,-1.17269,-0.00174,-0.01350,-1.26722,-0.00180,-0.01233,-1.14957,-1.67001,-0.00206,0.12706,10.12169,5.00205,0.17814,10.12169,10.12169,0.08728,8.78282,10.12169,8.91404,10.12169,10.04602,0.57630,3.97350,-4.00164
2022,05,06,21:11:41.989,-0.00175,-0.00670,-0.58513,-0.01129,-0.00185,-0.09461,-0.00188,-0.01280,-1.18150,-0.00187,-0.01369,-1.27623,-0.00191,-0.01210,-1.11499,-1.67007,-0.00215,0.12698,10.12169,5.00216,0.17796,10.12169,10.12169,0.08721,8.78147,10.12169,8.91339,10.12169,10.05078,0.57618,3.97343,-4.00170
2022,05,06,21:11:42.420,-0.00185,-0.00684,-0.59305,-0.01149,-0.00192,-0.09614,-0.00186,-0.01274,-1.18153,-0.00193,-0.01367,-1.27436,-0.00195,-0.01220,-1.12407,-1.67010,-0.00215,0.12698,10.12169,5.00293,0.17798,10.12169,10.12169,0.08718,8.78332,10.12169,8.91648,10.12169,10.04831,0.57620,3.97340,-4.00173
2022,05,06,21:11:42.852,-0.00185,-0.00682,-0.58802,-0.01148,-0.00192,-0.09605,-0.00189,-0.01270,-1.17481,-0.00188,-0.01366,-1.27337,-0.00193,-0.01221,-1.12180,-1.67008,-0.00216,0.12699,10.12169,5.00223,0.17791,10.12169,10.12169,0.08725,8.79421,10.12169,8.94695,10.12169,10.05294,0.57618,3.97340,-4.00172
2022,05,06,21:11:43.282,-0.00189,-0.00677,-0.59037,-0.01136,-0.00188,-0.09566,-0.00188,-0.01276,-1.18067,-0.00185,-0.01368,-1.27354,-0.00189,-0.01235,-1.14576,-1.67007,-0.00210,0.12702,10.12169,5.00154,0.17798,10.12169,10.12169,0.08768,8.82671,10.12169,8.96019,10.12169,10.05420,0.57621,3.97341,-4.00167
2022,05,06,21:11:43.714,-0.00183,-0.00672,-0.58463,-0.01140,-0.00190,-0.09558,-0.00186,-0.01272,-1.18179,-0.00189,-0.01367,-1.27413,-0.00189,-0.01235,-1.14010,-1.67007,-0.00214,0.12704,10.12169,4.99911,0.17804,10.12169,10.12169,0.08766,8.82571,10.12169,8.95794,10.12169,10.04637,0.57630,3.97347,-4.00160
2022,05,06,21:11:44.145,-0.00170,-0.00671,-0.60420,-0.01126,-0.00175,-0.09251,-0.00174,-0.01252,-1.17232,-0.00173,-0.01356,-1.27655,-0.00177,-0.01227,-1.13774,-1.66997,-0.00200,0.12711,10.12169,5.00093,0.17810,10.12169,10.12169,0.08777,8.82636,10.12169,8.95740,10.12169,10.05813,0.57631,3.97350,-4.00157
2022,05,06,21:11:44.577,-0.00168,-0.00674,-0.60051,-0.01123,-0.00168,-0.09144,-0.00170,-0.01255,-1.17057,-0.00170,-0.01345,-1.26664,-0.00172,-0.01223,-1.14248,-1.66996,-0.00195,0.12716,10.12169,5.00056,0.17819,10.12169,10.12169,0.08783,8.82831,10.12169,8.95848,10.12169,10.05459,0.57631,3.97347,-4.00164
2022,05,06,21:11:45.008,-0.00189,-0.00674,-0.58741,-0.01158,-0.00211,-0.09935,-0.00188,-0.01274,-1.17761,-0.00185,-0.01368,-1.27442,-0.00190,-0.01235,-1.13929,-1.67012,-0.00215,0.12699,10.12169,4.99860,0.17801,10.12169,10.12169,0.08763,8.82487,10.12169,8.95742,10.12169,10.05289,0.57619,3.97340,-4.00167
2022,05,06,21:11:45.439,-0.00184,-0.00689,-0.59793,-0.01135,-0.00190,-0.09549,-0.00186,-0.01272,-1.17503,-0.00186,-0.01362,-1.27335,-0.00188,-0.01237,-1.14639,-1.67004,-0.00206,0.12704,10.12169,4.99547,0.17798,10.12169,10.12169,0.08767,8.82568,10.12169,8.95787,10.12169,10.05812,0.57618,3.97346,-4.00164
2022,05,06,21:11:45.870,-0.00179,-0.00687,-0.59854,-0.01142,-0.00188,-0.09528,-0.00180,-0.01266,-1.17612,-0.00191,-0.01373,-1.28118,-0.00187,-0.01226,-1.13253,-1.67008,-0.00213,0.12703,10.12169,4.99851,0.17806,10.12169,10.12169,0.08762,8.82628,10.12169,8.95976,10.12169,10.05666,0.57618,3.97344,-4.00168
2022,05,06,21:11:46.301,-0.00179,-0.00685,-0.60419,-0.01137,-0.00186,-0.09536,-0.00185,-0.01271,-1.17851,-0.00186,-0.01367,-1.27336,-0.00189,-0.01215,-1.12113,-1.67002,-0.00211,0.12720,10.12169,5.00047,0.17802,10.12169,10.12169,0.08768,8.82634,10.12169,8.95756,10.12169,10.05402,0.57621,3.97344,-4.00169
2022,05,06,21:11:46.733,-0.00184,-0.00679,-0.59655,-0.01138,-0.00187,-0.09510,-0.00185,-0.01274,-1.18013,-0.00186,-0.01362,-1.27425,-0.00187,-0.01217,-1.11976,-1.67005,-0.00209,0.12722,10.12169,5.00129,0.17804,10.12169,10.12169,0.08767,8.82755,10.12169,8.95962,10.12169,10.05196,0.57619,3.97344,-4.00160
2022,05,06,21:11:47.164,-0.00182,-0.00673,-0.58161,-0.01136,-0.00188,-0.09549,-0.00184,-0.01267,-1.17786,-0.00186,-0.01375,-1.27995,-0.00187,-0.01215,-1.12190,-1.67008,-0.00213,0.12745,10.12169,5.00258,0.17805,10.12169,10.12169,0.08763,8.82701,10.12169,8.96138,10.12169,10.04452,0.57619,3.97339,-4.00166
2022,05,06,21:11:47.595,-0.00183,-0.00678,-0.59465,-0.01139,-0.00186,-0.09528,-0.00189,-0.01262,-1.17124,-0.00185,-0.01376,-1.28310,-0.00189,-0.01212,-1.11928,-1.67002,-0.00210,0.12713,10.12169,5.00057,0.17803,10.12169,10.12169,0.08772,8.82959,10.12169,8.96159,10.12169,10.05088,0.57619,3.97346,-4.00167
2022,05,06,21:11:48.026,-0.00184,-0.00676,-0.59878,-0.01140,-0.00184,-0.09458,-0.00188,-0.01236,-1.13943,-0.00186,-0.01374,-1.28198,-0.00184,-0.01219,-1.12673,-1.67006,-0.00210,0.12707,10.12169,4.99808,0.17800,10.12169,10.12169,0.08768,8.82752,10.12169,8.96137,10.12169,10.04983,0.57619,3.97345,-4.00164
2022,05,06,21:11:48.457,-0.00180,-0.00675,-0.58649,-0.01140,-0.00186,-0.09503,-0.00183,-0.01219,-1.12780,-0.00182,-0.01379,-1.28462,-0.00190,-0.01219,-1.13166,-1.67006,-0.00213,0.12709,10.12169,4.99403,0.17810,10.12169,10.12169,0.08766,8.82695,10.12169,8.95983,10.12169,10.04741,0.57618,3.97346,-4.00168
2022,05,06,21:11:48.889,-0.00182,-0.00688,-0.60032,-0.01143,-0.00187,-0.09478,-0.00187,-0.01223,-1.13068,-0.00184,-0.01371,-1.28236,-0.00188,-0.01227,-1.13309,-1.67002,-0.00208,0.12709,10.12169,4.99427,0.17800,10.12169,10.12169,0.08767,8.82638,10.12169,8.95843,10.12169,10.05238,0.57617,3.97345,-4.00168
2022,05,06,21:11:49.321,-0.00185,-0.00667,-0.57430,-0.01132,-0.00184,-0.09436,-0.00185,-0.01231,-1.14034,-0.00187,-0.01379,-1.28816,-0.00188,-0.01225,-1.13093,-1.67008,-0.00213,0.12707,10.12169,4.99882,0.17809,10.12169,10.12169,0.08765,8.82758,10.12169,8.96004,10.12169,10.05576,0.57618,3.97346,-4.00165
2022,05,06,21:11:49.752,-0.00183,-0.00677,-0.58756,-0.01144,-0.00191,-0.09499,-0.00184,-0.01223,-1.13325,-0.00188,-0.01379,-1.28669,-0.00193,-0.01216,-1.12382,-1.67004,-0.00211,0.12722,10.12169,4.99905,0.17801,10.12169,10.12169,0.08772,8.82818,10.12169,8.95903,10.12169,10.05236,0.57618,3.97343,-4.00167
2022,05,06,21:11:50.184,-0.00184,-0.00688,-0.60433,-0.01140,-0.00186,-0.09474,-0.00185,-0.01228,-1.13336,-0.00187,-0.01378,-1.28314,-0.00190,-0.01260,-1.16387,-1.67009,-0.00210,0.12721,10.12169,4.99897,0.17805,10.12169,10.12169,0.08769,8.82818,10.12169,8.96027,10.12169,10.05168,0.57618,3.97344,-4.00163
2022,05,06,21:11:50.615,-0.00183,-0.00672,-0.57909,-0.01149,-0.00191,-0.09505,-0.00183,-0.01227,-1.13632,-0.00186,-0.01377,-1.28278,-0.00188,-0.01254,-1.15831,-1.67007,-0.00212,0.12719,10.12169,5.00009,0.17807,10.12169,10.12169,0.08764,8.82822,10.12169,8.96068,10.12169,10.04435,0.57617,3.97344,-4.00165
2022,05,06,21:11:51.045,-0.00180,-0.00680,-0.59387,-0.01139,-0.00188,-0.09488,-0.00185,-0.01218,-1.12750,-0.00186,-0.01378,-1.28525,-0.00189,-0.01276,-1.18430,-1.67006,-0.00210,0.12721,10.12169,5.00205,0.17805,10.12169,10.12169,0.08768,8.82742,10.12169,8.95991,10.12169,10.05358,0.57617,3.97343,-4.00170
2022,05,06,21:11:51.477,-0.00184,-0.00673,-0.58716,-0.01144,-0.00182,-0.09442,-0.00187,-0.01224,-1.12853,-0.00186,-0.01367,-1.27557,-0.00189,-0.01273,-1.18267,-1.67011,-0.00210,0.12722,10.12169,5.00099,0.17808,10.12169,10.12169,0.08767,8.82594,10.12169,8.95937,10.12169,10.05282,0.57616,3.97341,-4.00165
2022,05,06,21:11:51.908,-0.00184,-0.00676,-0.58177,-0.01146,-0.00187,-0.09488,-0.00184,-0.01217,-1.12925,-0.00186,-0.01373,-1.28006,-0.00188,-0.01268,-1.17678,-1.67011,-0.00214,0.12720,10.12169,5.00286,0.17810,10.12169,10.12169,0.08767,8.82873,10.12169,8.96037,10.12169,10.04834,0.57619,3.97342,-4.00167
2022,05,06,21:11:52.340,-0.00181,-0.00694,-0.60241,-0.01136,-0.00189,-0.09481,-0.00186,-0.01227,-1.12945,-0.00184,-0.01368,-1.27905,-0.00192,-0.01273,-1.18028,-1.67004,-0.00211,0.12725,10.12169,4.99971,0.17804,10.12169,10.12169,0.08769,8.82913,10.12169,8.96074,10.12169,10.04777,0.57619,3.97343,-4.00171
2022,05,06,21:11:52.771,-0.00188,-0.00678,-0.57436,-0.01136,-0.00184,-0.09428,-0.00188,-0.01228,-1.13046,-0.00187,-0.01370,-1.28136,-0.00187,-0.01279,-1.18592,-1.67008,-0.00212,0.12726,10.12169,5.00011,0.17808,10.12169,10.12169,0.08767,8.82891,10.12169,8.96126,10.12169,10.05036,0.57616,3.97342,-4.00167
2022,05,06,21:11:53.201,-0.00182,-0.00668,-0.57888,-0.01153,-0.00190,-0.09486,-0.00187,-0.01219,-1.12744,-0.00186,-0.01370,-1.27819,-0.00191,-0.01275,-1.17941,-1.67004,-0.00211,0.12722,10.12169,5.00127,0.17808,10.12169,10.12169,0.08770,8.82928,10.12169,8.96122,10.12169,10.05508,0.57617,3.97341,-4.00168
2022,05,06,21:11:53.633,-0.00185,-0.00681,-0.58890,-0.01146,-0.00187,-0.09470,-0.00189,-0.01227,-1.13258,-0.00186,-0.01366,-1.27384,-0.00187,-0.01275,-1.18013,-1.67004,-0.00210,0.12726,10.12169,5.00377,0.17808,10.12169,10.12169,0.08771,8.82838,10.12169,8.95948,10.12169,10.05582,0.57620,3.97345,-4.00164
2022,05,06,21:11:54.064,-0.00180,-0.00675,-0.59000,-0.01152,-0.00187,-0.09501,-0.00185,-0.01228,-1.12940,-0.00187,-0.01379,-1.27911,-0.00190,-0.01278,-1.18307,-1.67009,-0.00215,0.12728,10.12169,5.00394,0.17814,10.12169,10.12169,0.08765,8.82716,10.12169,8.96000,10.12169,10.04792,0.57617,3.97341,-4.00170
2022,05,06,21:11:54.496,-0.00181,-0.00679,-0.58962,-0.01146,-0.00187,-0.09490,-0.00189,-0.01220,-1.12971,-0.00187,-0.01365,-1.27328,-0.00190,-0.01281,-1.18807,-1.67005,-0.00209,0.12724,10.12169,5.00390,0.17811,10.12169,10.12169,0.08772,8.83018,10.12169,8.96152,10.12169,10.05887,0.57616,3.97345,-4.00169
2022,05,06,21:11:54.926,-0.00185,-0.00682,-0.58737,-0.01147,-0.00183,-0.09452,-0.00187,-0.01225,-1.13180,-0.00186,-0.01362,-1.27174,-0.00189,-0.01271,-1.17960,-1.67009,-0.00208,0.12721,10.12169,5.00480,0.17809,10.12169,10.12169,0.08770,8.83030,10.12169,8.96173,10.12169,10.05572,0.57619,3.97347,-4.00164
2022,05,06,21:11:55.357,-0.00180,-0.00685,-0.58937,-0.01138,-0.00190,-0.09494,-0.00187,-0.01216,-1.12517,-0.00186,-0.01377,-1.28062,-0.00190,-0.01272,-1.17674,-1.67010,-0.00214,0.12724,10.12169,5.00149,0.17813,10.12169,10.12169,0.08767,8.82813,10.12169,8.96021,10.12169,10.05483,0.57617,3.97349,-4.00171
2022,05,06,21:11:55.789,-0.00181,-0.00676,-0.58075,-0.01145,-0.00188,-0.09490,-0.00189,-0.01231,-1.13180,-0.00185,-0.01367,-1.27488,-0.00189,-0.01284,-1.18716,-1.67004,-0.00209,0.12724,10.12169,4.99978,0.17807,10.12169,10.12169,0.08769,8.82877,10.12169,8.96063,10.12169,10.05900,0.57616,3.97350,-4.00163
2022,05,06,21:11:56.220,-0.00182,-0.00671,-0.57880,-0.01144,-0.00189,-0.09474,-0.00182,-0.01222,-1.12726,-0.00189,-0.01369,-1.28006,-0.00187,-0.01235,-1.14276,-1.67008,-0.00210,0.12725,10.12169,4.99945,0.17814,10.12169,10.12169,0.08768,8.83008,10.12169,8.96318,10.12169,10.05880,0.57617,3.97347,-4.00162
2022,05,06,21:11:56.651,-0.00177,-0.00668,-0.58686,-0.01142,-0.00187,-0.09473,-0.00186,-0.01224,-1.13200,-0.00186,-0.01372,-1.27887,-0.00186,-0.01240,-1.14488,-1.67003,-0.00210,0.12726,10.12169,5.00015,0.17811,10.12169,10.12169,0.08773,8.82923,10.12169,8.96115,10.12169,10.06319,0.57615,3.97344,-4.00166
2022,05,06,21:11:57.082,-0.00183,-0.00678,-0.58597,-0.01146,-0.00184,-0.09444,-0.00186,-0.01225,-1.12999,-0.00183,-0.01374,-1.28315,-0.00187,-0.01239,-1.14444,-1.67004,-0.00204,0.12724,10.12169,5.00156,0.17810,10.12169,10.12169,0.08775,8.83113,10.12169,8.96341,10.12169,10.05848,0.57617,3.97341,-4.00163
2022,05,06,21:11:57.513,-0.00179,-0.00666,-0.58047,-0.01154,-0.00188,-0.09488,-0.00181,-0.01223,-1.13334,-0.00186,-0.01369,-1.27517,-0.00187,-0.01235,-1.14140,-1.67006,-0.00211,0.12725,10.12169,4.99950,0.17817,10.12169,10.12169,0.08770,8.82833,10.12169,8.96245,10.12169,10.04679,0.57616,3.97345,-4.00167
2022,05,06,21:11:57.944,-0.00180,-0.00662,-0.57260,-0.01147,-0.00185,-0.09472,-0.00187,-0.01222,-1.13239,-0.00184,-0.01371,-1.27802,-0.00188,-0.01234,-1.14076,-1.67003,-0.00209,0.12722,10.12169,4.99630,0.17817,10.12169,10.12169,0.08774,8.83176,10.12169,8.96244,10.12169,10.05501,0.57618,3.97345,-4.00165
2022,05,06,21:11:58.376,-0.00186,-0.00678,-0.59533,-0.01145,-0.00181,-0.09434,-0.00187,-0.01229,-1.13601,-0.00184,-0.01371,-1.28013,-0.00184,-0.01233,-1.14302,-1.67004,-0.00209,0.12726,10.12169,4.99555,0.17815,10.12169,10.12169,0.08770,8.82990,10.12169,8.96120,10.12169,10.05237,0.57617,3.97345,-4.00160
2022,05,06,21:11:58.807,-0.00180,-0.00670,-0.58049,-0.01146,-0.00186,-0.09478,-0.00187,-0.01222,-1.13035,-0.00184,-0.01369,-1.27820,-0.00190,-0.01233,-1.14582,-1.67006,-0.00213,0.12728,10.12169,4.99152,0.17816,10.12169,10.12169,0.08772,8.83101,10.12169,8.96256,10.12169,10.04231,0.57618,3.97346,-4.00165
2022,05,06,21:11:59.238,-0.00182,-0.00676,-0.58420,-0.01143,-0.00185,-0.09467,-0.00185,-0.01230,-1.13128,-0.00185,-0.01363,-1.27415,-0.00190,-0.01240,-1.14659,-1.67002,-0.00211,0.12732,10.12169,4.99587,0.17810,10.12169,10.12169,0.08770,8.82919,10.12169,8.96058,10.12169,10.05493,0.57616,3.97350,-4.00159
2022,05,06,21:11:59.669,-0.00180,-0.00658,-0.57437,-0.01154,-0.00189,-0.09483,-0.00180,-0.01232,-1.14098,-0.00188,-0.01370,-1.27727,-0.00188,-0.01238,-1.14469,-1.67006,-0.00210,0.12731,10.12169,4.99807,0.17821,10.12169,10.12169,0.08770,8.82989,10.12169,8.96398,10.12169,10.05341,0.57616,3.97346,-4.00167
2022,05,06,21:12:00.100,-0.00180,-0.00663,-0.57268,-0.01149,-0.00185,-0.09479,-0.00183,-0.01224,-1.13198,-0.00185,-0.01365,-1.27561,-0.00187,-0.01236,-1.14069,-1.67004,-0.00208,0.12729,10.12169,4.99818,0.17819,10.12169,10.12169,0.08777,8.83274,10.12169,8.96410,10.12169,10.05610,0.57618,3.97344,-4.00164
2022,05,06,21:12:00.531,-0.00183,-0.00666,-0.57428,-0.01139,-0.00184,-0.09452,-0.00183,-0.01228,-1.13635,-0.00184,-0.01361,-1.27542,-0.00187,-0.01237,-1.14444,-1.67003,-0.00209,0.12731,10.12169,4.99926,0.17817,10.12169,10.12169,0.08773,8.83195,10.12169,8.96415,10.12169,10.05366,0.57617,3.97349,-4.00161
2022,05,06,21:12:00.963,-0.00181,-0.00688,-0.60087,-0.01141,-0.00187,-0.09483,-0.00181,-0.01225,-1.13430,-0.00187,-0.01374,-1.28098,-0.00188,-0.01237,-1.14290,-1.67008,-0.00213,0.12730,10.12169,4.99653,0.17817,10.12169,10.12169,0.08771,8.83029,10.12169,8.96332,10.12169,10.04732,0.57616,3.97345,-4.00168
2022,05,06,21:12:01.394,-0.00179,-0.00652,-0.56865,-0.01143,-0.00187,-0.09478,-0.00185,-0.01241,-1.14748,-0.00187,-0.01361,-1.26923,-0.00187,-0.01230,-1.14055,-1.67001,-0.00209,0.12732,10.12169,4.99611,0.17817,10.12169,10.12169,0.08776,8.83341,10.12169,8.96502,10.12169,10.05383,0.57617,3.97346,-4.00170
2022,05,06,21:12:01.826,-0.00183,-0.00674,-0.58663,-0.01134,-0.00182,-0.09457,-0.00184,-0.01253,-1.15754,-0.00187,-0.01365,-1.27518,-0.00185,-0.01236,-1.13863,-1.67010,-0.00212,0.12728,10.12169,4.99838,0.17812,10.12169,10.12169,0.08773,8.83403,10.12169,8.96700,10.12169,10.05332,0.57614,3.97346,-4.00158
2022,05,06,21:12:02.258,-0.00176,-0.00658,-0.57400,-0.01135,-0.00179,-0.09319,-0.00176,-0.01233,-1.14794,-0.00177,-0.01366,-1.27968,-0.00180,-0.01217,-1.12607,-1.66999,-0.00204,0.12739,10.12169,4.99859,0.17825,10.12169,10.12169,0.08777,8.83323,10.12169,8.96517,10.12169,10.04899,0.57622,3.97351,-4.00160
2022,05,06,21:12:02.689,-0.00173,-0.00661,-0.58398,-0.01128,-0.00178,-0.09297,-0.00177,-0.01238,-1.14793,-0.00177,-0.01353,-1.26834,-0.00179,-0.01207,-1.12477,-1.66998,-0.00202,0.12738,10.12169,4.99770,0.17819,10.12169,10.12169,0.08785,8.83670,10.12169,8.96694,10.12169,10.05402,0.57624,3.97357,-4.00156
2022,05,06,21:12:03.119,-0.00170,-0.00646,-0.56825,-0.01137,-0.00179,-0.09307,-0.00174,-0.01223,-1.13423,-0.00179,-0.01365,-1.27710,-0.00181,-0.01205,-1.11998,-1.67002,-0.00206,0.12741,10.12169,5.00148,0.17821,10.12169,10.12169,0.08784,8.83824,10.12169,8.96833,10.12169,10.05420,0.57623,3.97349,-4.00152
2022,05,06,21:12:03.551,-0.00172,-0.00670,-0.58647,-0.01131,-0.00179,-0.09303,-0.00176,-0.01218,-1.13527,-0.00174,-0.01361,-1.27621,-0.00181,-0.01206,-1.11782,-1.66993,-0.00202,0.12744,10.12169,4.99829,0.17821,10.12169,10.12169,0.08784,8.83364,10.12169,8.96514,10.12169,10.05688,0.57624,3.97352,-4.00158
2022,05,06,21:12:03.982,-0.00177,-0.00656,-0.57089,-0.01128,-0.00179,-0.09291,-0.00179,-0.01221,-1.13474,-0.00175,-0.01360,-1.27615,-0.00182,-0.01208,-1.12473,-1.67000,-0.00201,0.12740,10.12169,4.99843,0.17825,10.12169,10.12169,0.08782,8.83440,10.12169,8.96566,10.12169,10.05650,0.57625,3.97353,-4.00155
2022,05,06,21:12:04.413,-0.00174,-0.00653,-0.57757,-0.01133,-0.00181,-0.09319,-0.00175,-0.01221,-1.13612,-0.00180,-0.01363,-1.27328,-0.00180,-0.01199,-1.11669,-1.67001,-0.00204,0.12740,10.12169,5.00094,0.17828,10.12169,10.12169,0.08781,8.83582,10.12169,8.96810,10.12169,10.05051,0.57623,3.97349,-4.00158
2022,05,06,21:12:04.845,-0.00174,-0.00665,-0.57684,-0.01125,-0.00178,-0.09313,-0.00180,-0.01223,-1.13548,-0.00176,-0.01366,-1.27955,-0.00180,-0.01196,-1.10760,-1.66999,-0.00203,0.12740,10.12169,4.98961,0.17823,10.12169,10.12169,0.08784,8.83494,10.12169,8.96493,10.12169,10.05853,0.57621,3.97350,-4.00159
2022,05,06,21:12:05.276,-0.00178,-0.00658,-0.57421,-0.01120,-0.00174,-0.09285,-0.00181,-0.01231,-1.14346,-0.00177,-0.01360,-1.27345,-0.00176,-0.01193,-1.10521,-1.67001,-0.00203,0.12742,10.12169,5.00216,0.17822,10.12169,10.12169,0.08781,8.83401,10.12169,8.96552,10.12169,10.05915,0.57622,3.97352,-4.00157
2022,05,06,21:12:05.707,-0.00173,-0.00662,-0.58482,-0.01135,-0.00179,-0.09324,-0.00175,-0.01221,-1.13113,-0.00176,-0.01361,-1.27415,-0.00179,-0.01199,-1.11278,-1.67004,-0.00207,0.12739,10.12169,5.00160,0.17826,10.12169,10.12169,0.08780,8.83547,10.12169,8.96801,10.12169,10.05483,0.57618,3.97349,-4.00160
2022,05,06,21:12:06.138,-0.00173,-0.00649,-0.57139,-0.01129,-0.00181,-0.09300,-0.00179,-0.01221,-1.13304,-0.00177,-0.01349,-1.26725,-0.00179,-0.01195,-1.10987,-1.67001,-0.00199,0.12743,10.12169,5.00183,0.17824,10.12169,10.12169,0.08781,8.83536,10.12169,8.96837,10.12169,10.06182,0.57623,3.97356,-4.00154
2022,05,06,21:12:06.569,-0.00172,-0.00667,-0.58755,-0.01127,-0.00182,-0.09315,-0.00174,-0.01230,-1.14278,-0.00180,-0.01361,-1.27152,-0.00180,-0.01197,-1.10793,-1.67004,-0.00203,0.12741,10.12169,5.00282,0.17824,10.12169,10.12169,0.08781,8.83624,10.12169,8.96763,10.12169,10.05847,0.57621,3.97350,-4.00157
2022,05,06,21:12:07.000,-0.00173,-0.00659,-0.57559,-0.01132,-0.00180,-0.09324,-0.00177,-0.01223,-1.13912,-0.00175,-0.01299,-1.20983,-0.00180,-0.01193,-1.10309,-1.66998,-0.00200,0.12741,10.12169,5.00144,0.17826,10.12169,10.12169,0.08785,8.83665,10.12169,8.96919,10.12169,10.06193,0.57621,3.97350,-4.00156
2022,05,06,21:12:07.433,-0.00175,-0.00674,-0.59457,-0.01129,-0.00177,-0.09284,-0.00178,-0.01223,-1.13710,-0.00178,-0.01296,-1.21441,-0.00180,-0.01189,-1.10175,-1.66999,-0.00201,0.12741,10.12169,5.00124,0.17828,10.12169,10.12169,0.08782,8.83629,10.12169,8.96825,10.12169,10.06474,0.57619,3.97350,-4.00153
2022,05,06,21:12:07.864,-0.00171,-0.00657,-0.57431,-0.01130,-0.00179,-0.09314,-0.00174,-0.01214,-1.13060,-0.00181,-0.01364,-1.27589,-0.00181,-0.01193,-1.10643,-1.67001,-0.00205,0.12740,10.12169,4.99817,0.17832,10.12169,10.12169,0.08783,8.83800,10.12169,8.96902,10.12169,10.05264,0.57623,3.97351,-4.00154
2022,05,06,21:12:08.295,-0.00171,-0.00669,-0.58343,-0.01129,-0.00178,-0.09314,-0.00177,-0.01216,-1.13204,-0.00176,-0.01357,-1.27621,-0.00180,-0.01211,-1.12631,-1.66995,-0.00202,0.12743,10.12169,5.00124,0.17834,10.12169,10.12169,0.08786,8.83700,10.12169,8.96852,10.12169,10.05680,0.57622,3.97351,-4.00159
2022,05,06,21:12:08.726,-0.00178,-0.00682,-0.59865,-0.01127,-0.00175,-0.09279,-0.00181,-0.01227,-1.13697,-0.00178,-0.01359,-1.27214,-0.00178,-0.01212,-1.12686,-1.67001,-0.00201,0.12744,10.12169,5.00275,0.17826,10.12169,10.12169,0.08781,8.83813,10.12169,8.97014,10.12169,10.05423,0.57620,3.97351,-4.00157
2022,05,06,21:12:09.157,-0.00171,-0.00671,-0.59138,-0.01126,-0.00179,-0.09304,-0.00177,-0.01218,-1.13351,-0.00176,-0.01357,-1.27177,-0.00182,-0.01214,-1.12704,-1.66999,-0.00207,0.12702,10.12169,5.00389,0.17834,10.12169,10.12169,0.08785,8.83853,10.12169,8.97015,10.12169,10.05085,0.57621,3.97351,-4.00158
2022,05,06,21:12:09.588,-0.00172,-0.00689,-0.60937,-0.01131,-0.00180,-0.09301,-0.00178,-0.01217,-1.12961,-0.00176,-0.01362,-1.27703,-0.00180,-0.01208,-1.12299,-1.66997,-0.00201,0.12705,10.12169,5.00316,0.17833,10.12169,10.12169,0.08787,8.83901,10.12169,8.97041,10.12169,10.05493,0.57620,3.97351,-4.00159
2022,05,06,21:12:10.020,-0.00178,-0.00688,-0.60556,-0.01126,-0.00176,-0.09250,-0.00179,-0.01220,-1.13238,-0.00180,-0.01358,-1.27243,-0.00179,-0.01208,-1.11677,-1.67002,-0.00205,0.12708,10.12169,5.00333,0.17833,10.12169,10.12169,0.08779,8.83676,10.12169,8.96834,10.12169,10.05396,0.57621,3.97348,-4.00156
2022,05,06,21:12:10.451,-0.00174,-0.00689,-0.60839,-0.01137,-0.00179,-0.09317,-0.00178,-0.01219,-1.13296,-0.00177,-0.01365,-1.27602,-0.00182,-0.01202,-1.11575,-1.66998,-0.00202,0.12706,10.12169,5.00455,0.17834,10.12169,10.12169,0.08789,8.83970,10.12169,8.97061,10.12169,10.05673,0.57620,3.97350,-4.00160
2022,05,06,21:12:10.882,-0.00175,-0.00682,-0.60455,-0.01123,-0.00179,-0.09291,-0.00178,-0.01225,-1.13567,-0.00177,-0.01351,-1.27004,-0.00182,-0.01212,-1.12316,-1.66997,-0.00202,0.12708,10.12169,5.00046,0.17830,10.12169,10.12169,0.08786,8.83948,10.12169,8.97131,10.12169,10.05653,0.57619,3.97351,-4.00156
2022,05,06,21:12:11.313,-0.00175,-0.00677,-0.60369,-0.01137,-0.00182,-0.09313,-0.00175,-0.01223,-1.13859,-0.00181,-0.01357,-1.27079,-0.00181,-0.01213,-1.12215,-1.67001,-0.00206,0.12705,10.12169,5.00322,0.17838,10.12169,10.12169,0.08783,8.83823,10.12169,8.97063,10.12169,10.05023,0.57619,3.97351,-4.00160
2022,05,06,21:12:11.744,-0.00173,-0.00683,-0.60723,-0.01127,-0.00177,-0.09310,-0.00180,-0.01219,-1.13244,-0.00175,-0.01360,-1.27772,-0.00181,-0.01209,-1.12114,-1.66998,-0.00201,0.12705,10.12169,5.03165,0.17833,10.12169,10.12169,0.08788,8.83972,10.12169,8.97003,10.12169,10.05620,0.57619,3.97358,-4.00167
2022,05,06,21:12:12.175,-0.00177,-0.00679,-0.58903,-0.01128,-0.00175,-0.09272,-0.00177,-0.01219,-1.12975,-0.00179,-0.01362,-1.27596,-0.00178,-0.01196,-1.10977,-1.67000,-0.00201,0.12707,10.12169,5.03240,0.17835,10.12169,10.12169,0.08785,8.84023,10.12169,8.97183,10.12169,10.05570,0.57619,3.97354,-4.00155
2022,05,06,21:12:12.608,-0.00173,-0.00684,-0.60026,-0.01132,-0.00179,-0.09316,-0.00175,-0.01219,-1.13268,-0.00176,-0.01362,-1.27528,-0.00181,-0.01202,-1.11302,-1.67001,-0.00206,0.12702,10.12169,5.02767,0.17838,10.12169,10.12169,0.08782,8.84006,10.12169,8.97166,10.12169,10.05040,0.57619,3.97352,-4.00165
2022,05,06,21:12:13.039,-0.00173,-0.00680,-0.59706,-0.01121,-0.00180,-0.09306,-0.00177,-0.01222,-1.13479,-0.00178,-0.01359,-1.27509,-0.00181,-0.01194,-1.10815,-1.66999,-0.00201,0.12704,10.12169,5.02600,0.17834,10.12169,10.12169,0.08788,8.84031,10.12169,8.97096,10.12169,10.05698,0.57619,3.97352,-4.00163
2022,05,06,21:12:13.470,-0.00178,-0.00678,-0.60447,-0.01128,-0.00175,-0.09255,-0.00179,-0.01222,-1.13254,-0.00177,-0.01356,-1.27362,-0.00180,-0.01205,-1.11733,-1.67000,-0.00205,0.12706,10.12169,5.02717,0.17838,10.12169,10.12169,0.08786,8.84265,10.12169,8.97389,10.12169,10.05403,0.57621,3.97355,-4.00162
2022,05,06,21:12:13.901,-0.00174,-0.00671,-0.59354,-0.01136,-0.00177,-0.09314,-0.00176,-0.01219,-1.13369,-0.00179,-0.01350,-1.26747,-0.00182,-0.01199,-1.11241,-1.66998,-0.00203,0.12711,10.12169,5.02683,0.17835,10.12169,10.12169,0.08790,8.84188,10.12169,8.97363,10.12169,10.05578,0.57619,3.97351,-4.00160
2022,05,06,21:12:14.332,-0.00176,-0.00684,-0.59524,-0.01134,-0.00177,-0.09285,-0.00179,-0.01218,-1.12956,-0.00176,-0.01358,-1.27023,-0.00180,-0.01200,-1.11567,-1.66999,-0.00205,0.12710,10.12169,5.02475,0.17837,10.12169,10.12169,0.08789,8.84139,10.12169,8.97358,10.12169,10.05697,0.57618,3.97352,-4.00159
2022,05,06,21:12:14.763,-0.00171,-0.00666,-0.58638,-0.01136,-0.00180,-0.09318,-0.00175,-0.01218,-1.13225,-0.00178,-0.01357,-1.27047,-0.00181,-0.01204,-1.11365,-1.66999,-0.00204,0.12707,10.12169,5.02697,0.17845,10.12169,10.12169,0.08798,8.85543,10.12169,8.98892,10.12169,10.05146,0.57617,3.97353,-4.00164
2022,05,06,21:12:15.194,-0.00175,-0.00692,-0.60144,-0.01137,-0.00180,-0.09319,-0.00179,-0.01229,-1.14067,-0.00179,-0.01356,-1.26873,-0.00180,-0.01205,-1.11998,-1.66997,-0.00201,0.12710,10.12169,5.02579,0.17835,10.12169,10.12169,0.08806,8.85722,10.12169,8.98839,10.12169,10.05956,0.57618,3.97351,-4.00162
2022,05,06,21:12:15.625,-0.00178,-0.00671,-0.58972,-0.01134,-0.00174,-0.09271,-0.00178,-0.01223,-1.13385,-0.00178,-0.01357,-1.27043,-0.00177,-0.01204,-1.11924,-1.67001,-0.00202,0.12709,10.12169,5.02828,0.17842,10.12169,10.12169,0.08792,8.84444,10.12169,8.97481,10.12169,10.05904,0.57621,3.97349,-4.00159
2022,05,06,21:12:16.057,-0.00173,-0.00682,-0.60101,-0.01134,-0.00177,-0.09314,-0.00176,-0.01219,-1.13288,-0.00177,-0.01357,-1.26858,-0.00180,-0.01205,-1.11928,-1.67002,-0.00204,0.12708,10.12169,5.02699,0.17842,10.12169,10.12169,0.08789,8.84551,10.12169,8.97595,10.12169,10.05679,0.57621,3.97350,-4.00161
2022,05,06,21:12:16.488,-0.00173,-0.00696,-0.60877,-0.01140,-0.00176,-0.09301,-0.00179,-0.01226,-1.13905,-0.00176,-0.01359,-1.27268,-0.00179,-0.01204,-1.11716,-1.66999,-0.00203,0.12710,10.12169,5.02961,0.17838,10.12169,10.12169,0.08791,8.84543,10.12169,8.97721,10.12169,10.06007,0.57619,3.97356,-4.00158
2022,05,06,21:12:16.919,-0.00172,-0.00666,-0.58533,-0.01129,-0.00182,-0.09315,-0.00172,-0.01221,-1.13376,-0.00179,-0.01357,-1.26893,-0.00180,-0.01202,-1.11503,-1.67003,-0.00204,0.12703,10.12169,5.02938,0.17841,10.12169,10.12169,0.08802,8.85772,10.12169,8.98965,10.12169,10.05974,0.57619,3.97346,-4.00157
2022,05,06,21:12:17.350,-0.00173,-0.00699,-0.61821,-0.01143,-0.00177,-0.09319,-0.00176,-0.01225,-1.13823,-0.00177,-0.01349,-1.26738,-0.00179,-0.01196,-1.10897,-1.66996,-0.00201,0.12708,10.12169,5.03051,0.17839,10.12169,10.12169,0.08807,8.85791,10.12169,8.98940,10.12169,10.06281,0.57619,3.97346,-4.00156
2022,05,06,21:12:17.781,-0.00174,-0.00681,-0.60202,-0.01127,-0.00175,-0.09296,-0.00176,-0.01226,-1.13922,-0.00176,-0.01353,-1.26870,-0.00181,-0.01203,-1.12077,-1.66997,-0.00201,0.12705,10.12169,5.02957,0.17837,10.12169,10.12169,0.08803,8.85587,10.12169,8.98644,10.12169,10.06247,0.57617,3.97351,-4.00156
2022,05,06,21:12:18.212,-0.00173,-0.00684,-0.60819,-0.01126,-0.00179,-0.09325,-0.00173,-0.01217,-1.13215,-0.00183,-0.01371,-1.28330,-0.00177,-0.01203,-1.11685,-1.67001,-0.00204,0.12709,10.12169,5.02562,0.17843,10.12169,10.12169,0.08803,8.85595,10.12169,8.98813,10.12169,10.04992,0.57619,3.97349,-4.00161
2022,05,06,21:12:18.644,-0.00173,-0.00676,-0.59748,-0.01135,-0.00178,-0.09307,-0.00178,-0.01220,-1.13609,-0.00178,-0.01370,-1.29012,-0.00179,-0.01201,-1.11910,-1.66994,-0.00201,0.12710,10.12169,5.03053,0.17839,10.12169,10.12169,0.08808,8.85758,10.12169,8.98685,10.12169,10.05179,0.57623,3.97347,-4.00160
2022,05,06,21:12:19.074,-0.00175,-0.00649,-0.56299,-0.01120,-0.00174,-0.09268,-0.00179,-0.01222,-1.13418,-0.00175,-0.01372,-1.29417,-0.00179,-0.01207,-1.11974,-1.67001,-0.00204,0.12712,10.12169,5.03234,0.17840,10.12169,10.12169,0.08793,8.84642,10.12169,8.97718,10.12169,10.05349,0.57617,3.97351,-4.00157
2022,05,06,21:12:19.505,-0.00171,-0.00642,-0.56568,-0.01132,-0.00178,-0.09327,-0.00176,-0.01222,-1.13810,-0.00178,-0.01411,-1.32509,-0.00182,-0.01203,-1.11768,-1.67000,-0.00205,0.12693,10.12169,5.03260,0.17840,10.12169,10.12169,0.08787,8.84177,10.12169,8.97455,10.12169,10.05192,0.57621,3.97353,-4.00160
2022,05,06,21:12:19.937,-0.00177,-0.00657,-0.56961,-0.01126,-0.00180,-0.09297,-0.00178,-0.01225,-1.13862,-0.00176,-0.01410,-1.32596,-0.00180,-0.01198,-1.11367,-1.66996,-0.00202,0.12695,10.12169,5.03248,0.17835,10.12169,10.12169,0.08794,8.84527,10.12169,8.97579,10.12169,10.05633,0.57619,3.97354,-4.00154
2022,05,06,21:12:20.368,-0.00175,-0.00665,-0.58261,-0.01128,-0.00180,-0.09310,-0.00173,-0.01211,-1.12772,-0.00178,-0.01386,-1.29197,-0.00181,-0.01203,-1.11487,-1.66999,-0.00206,0.12696,10.12169,5.03312,0.17836,10.12169,10.12169,0.08788,8.84319,10.12169,8.97288,10.12169,10.05374,0.57620,3.97350,-4.00159
2022,05,06,21:12:20.798,-0.00173,-0.00672,-0.58430,-0.01123,-0.00181,-0.09309,-0.00178,-0.01210,-1.12629,-0.00177,-0.01373,-1.29065,-0.00181,-0.01205,-1.11649,-1.66999,-0.00203,0.12694,10.12169,5.03322,0.17837,10.12169,10.12169,0.08792,8.84405,10.12169,8.97532,10.12169,10.05695,0.57616,3.97353,-4.00159
2022,05,06,21:12:21.229,-0.00177,-0.00657,-0.57825,-0.01124,-0.00175,-0.09283,-0.00177,-0.01220,-1.13259,-0.00176,-0.01358,-1.27419,-0.00180,-0.01209,-1.12392,-1.66998,-0.00202,0.12696,10.12169,5.03348,0.17834,10.12169,10.12169,0.08793,8.84395,10.12169,8.97585,10.12169,10.05752,0.57618,3.97356,-4.00156
2022,05,06,21:12:21.661,-0.00171,-0.00648,-0.57389,-0.01123,-0.00178,-0.09321,-0.00173,-0.01213,-1.12681,-0.00178,-0.01359,-1.27085,-0.00182,-0.01202,-1.11944,-1.66999,-0.00204,0.12700,10.12169,5.03074,0.17840,10.12169,10.12169,0.08789,8.84508,10.12169,8.97633,10.12169,10.05122,0.57618,3.97350,-4.00162
2022,05,06,21:12:22.092,-0.00172,-0.00646,-0.56735,-0.01125,-0.00179,-0.09328,-0.00177,-0.01222,-1.13715,-0.00177,-0.01357,-1.27085,-0.00181,-0.01204,-1.11956,-1.66998,-0.00200,0.12702,10.12169,5.03500,0.17840,10.12169,10.12169,0.08793,8.84329,10.12169,8.97545,10.12169,10.05687,0.57617,3.97350,-4.00161
2022,05,06,21:12:22.523,-0.00175,-0.00666,-0.57885,-0.01123,-0.00173,-0.09249,-0.00177,-0.01218,-1.12953,-0.00174,-0.01351,-1.26990,-0.00179,-0.01210,-1.12195,-1.67003,-0.00205,0.12697,10.12169,5.03377,0.17838,10.12169,10.12169,0.08790,8.84177,10.12169,8.97264,10.12169,10.05479,0.57619,3.97347,-4.00156
2022,05,06,21:12:22.954,-0.00172,-0.00609,-0.52432,-0.01126,-0.00179,-0.09309,-0.00176,-0.01216,-1.12907,-0.00176,-0.01362,-1.27836,-0.00179,-0.01206,-1.12044,-1.67001,-0.00205,0.12695,10.12169,5.03287,0.17843,10.12169,10.12169,0.08790,8.84345,10.12169,8.97520,10.12169,10.05396,0.57618,3.97348,-4.00161
2022,05,06,21:12:23.386,-0.00174,-0.00634,-0.55796,-0.01126,-0.00179,-0.09297,-0.00176,-0.01219,-1.13382,-0.00176,-0.01361,-1.27854,-0.00182,-0.01204,-1.11611,-1.66997,-0.00204,0.12697,10.12169,5.03302,0.17837,10.12169,10.12169,0.08793,8.84380,10.12169,8.97461,10.12169,10.05749,0.57620,3.97352,-4.00159
2022,05,06,21:12:23.817,-0.00172,-0.00652,-0.56489,-0.01126,-0.00180,-0.09316,-0.00172,-0.01219,-1.13243,-0.00178,-0.01365,-1.27856,-0.00180,-0.01208,-1.12114,-1.67001,-0.00203,0.12700,10.12169,5.03471,0.17848,10.12169,10.12169,0.08791,8.84348,10.12169,8.97442,10.12169,10.05581,0.57620,3.97349,-4.00158
2022,05,06,21:12:24.248,-0.00171,-0.00627,-0.54906,-0.01130,-0.00182,-0.09314,-0.00175,-0.01220,-1.13789,-0.00177,-0.01367,-1.27954,-0.00179,-0.01204,-1.11975,-1.66997,-0.00202,0.12698,10.12169,5.03264,0.17840,10.12169,10.12169,0.08792,8.84286,10.12169,8.97382,10.12169,10.05906,0.57618,3.97347,-4.00158
2022,05,06,21:12:24.679,-0.00176,-0.00619,-0.53851,-0.01123,-0.00178,-0.09289,-0.00175,-0.01221,-1.13518,-0.00175,-0.01358,-1.27740,-0.00180,-0.01195,-1.11273,-1.67000,-0.00201,0.12700,10.12169,5.03998,0.17840,10.12169,10.12169,0.08794,8.84422,10.12169,8.97602,10.12169,10.05942,0.57618,3.97349,-4.00155
2022,05,06,21:12:25.110,-0.00172,-0.00633,-0.55044,-0.01119,-0.00176,-0.09319,-0.00174,-0.01219,-1.13330,-0.00178,-0.01361,-1.27391,-0.00177,-0.01199,-1.11156,-1.67001,-0.00203,0.12698,10.12169,5.03474,0.17846,10.12169,10.12169,0.08792,8.84581,10.12169,8.97661,10.12169,10.05266,0.57617,3.97349,-4.00156
2022,05,06,21:12:25.541,-0.00171,-0.00672,-0.59367,-0.01120,-0.00179,-0.09300,-0.00175,-0.01217,-1.13074,-0.00177,-0.01353,-1.26906,-0.00178,-0.01195,-1.10802,-1.67000,-0.00200,0.12704,10.12169,5.03967,0.17845,10.12169,10.12169,0.08794,8.84601,10.12169,8.97795,10.12169,10.06009,0.57618,3.97348,-4.00162
2022,05,06,21:12:25.972,-0.00177,-0.00682,-0.59045,-0.01124,-0.00173,-0.09271,-0.00175,-0.01224,-1.13967,-0.00176,-0.01358,-1.27582,-0.00176,-0.01192,-1.10907,-1.67003,-0.00201,0.12698,10.12169,5.03572,0.17847,10.12169,10.12169,0.08789,8.84451,10.12169,8.97459,10.12169,10.06096,0.57619,3.97349,-4.00158
2022,05,06,21:12:26.404,-0.00172,-0.00660,-0.57855,-0.01128,-0.00177,-0.09319,-0.00176,-0.01214,-1.12783,-0.00177,-0.01360,-1.27550,-0.00181,-0.01193,-1.10611,-1.67002,-0.00205,0.12701,10.12169,5.03641,0.17853,10.12169,10.12169,0.08792,8.84511,10.12169,8.97811,10.12169,10.06222,0.57616,3.97348,-4.00160
2022,05,06,21:12:26.835,-0.00175,-0.00658,-0.57448,-0.01125,-0.00177,-0.09302,-0.00176,-0.01223,-1.13483,-0.00177,-0.01354,-1.27373,-0.00179,-0.01189,-1.10356,-1.66999,-0.00201,0.12698,10.12169,5.01056,0.17845,10.12169,10.12169,0.08794,8.84596,10.12169,8.97751,10.12169,10.06558,0.57617,3.97352,-4.00156
2022,05,06,21:12:27.266,-0.00169,-0.00660,-0.58409,-0.01127,-0.00178,-0.09323,-0.00173,-0.01221,-1.13338,-0.00181,-0.01367,-1.28362,-0.00181,-0.01201,-1.11123,-1.67001,-0.00205,0.12700,10.12169,5.00893,0.17849,10.12169,10.12169,0.08787,8.84622,10.12169,8.97801,10.12169,10.05152,0.57616,3.97348,-4.00159
2022,05,06,21:12:27.697,-0.00173,-0.00660,-0.57750,-0.01126,-0.00178,-0.09314,-0.00179,-0.01215,-1.13300,-0.00177,-0.01378,-1.29232,-0.00181,-0.01240,-1.15070,-1.66996,-0.00201,0.12700,10.12169,5.02864,0.17844,10.12169,10.12169,0.08794,8.84385,10.12169,8.97442,10.12169,10.05739,0.57618,3.97345,-4.00164
2022,05,06,21:12:28.128,-0.00177,-0.00661,-0.59090,-0.01122,-0.00177,-0.09291,-0.00179,-0.01230,-1.14335,-0.00175,-0.01375,-1.29222,-0.00181,-0.01230,-1.14379,-1.67001,-0.00203,0.12701,10.12169,5.01634,0.17846,10.12169,10.12169,0.08794,8.84619,10.12169,8.97768,10.12169,10.05704,0.57616,3.97350,-4.00154
2022,05,06,21:12:28.560,-0.00174,-0.00665,-0.58887,-0.01120,-0.00178,-0.09331,-0.00176,-0.01227,-1.14179,-0.00179,-0.01383,-1.29423,-0.00183,-0.01242,-1.15689,-1.67000,-0.00207,0.12701,10.12169,5.01314,0.17853,10.12169,10.12169,0.08793,8.84812,10.12169,8.97781,10.12169,10.04854,0.57616,3.97350,-4.00158
2022,05,06,21:12:28.991,-0.00174,-0.00659,-0.57840,-0.01114,-0.00176,-0.09320,-0.00178,-0.01229,-1.14533,-0.00175,-0.01379,-1.29525,-0.00184,-0.01205,-1.11918,-1.66995,-0.00201,0.12704,10.12169,5.00604,0.17852,10.12169,10.12169,0.08795,8.84718,10.12169,8.97723,10.12169,10.05640,0.57616,3.97346,-4.00159
2022,05,06,21:12:29.422,-0.00178,-0.00676,-0.59224,-0.01117,-0.00176,-0.09275,-0.00178,-0.01234,-1.14546,-0.00179,-0.01380,-1.29533,-0.00177,-0.01207,-1.11915,-1.67001,-0.00206,0.12698,10.12169,5.00927,0.17844,10.12169,10.12169,0.08790,8.84371,10.12169,8.97513,10.12169,10.05580,0.57614,3.97345,-4.00156
2022,05,06,21:12:29.852,-0.00175,-0.00674,-0.59216,-0.01121,-0.00180,-0.09334,-0.00176,-0.01231,-1.14200,-0.00178,-0.01379,-1.29681,-0.00182,-0.01217,-1.12352,-1.67001,-0.00207,0.12700,10.12169,5.00968,0.17855,10.12169,10.12169,0.08791,8.84454,10.12169,8.97664,10.12169,10.05557,0.57615,3.97352,-4.00159
2022,05,06,21:12:30.283,-0.00175,-0.00669,-0.59488,-0.01128,-0.00178,-0.09308,-0.00177,-0.01237,-1.14059,-0.00181,-0.01385,-1.30326,-0.00181,-0.01208,-1.12157,-1.67001,-0.00203,0.12700,10.12169,5.00997,0.17847,10.12169,10.12169,0.08795,8.84697,10.12169,8.97728,10.12169,10.05851,0.57615,3.97351,-4.00155
2022,05,06,21:12:30.715,-0.00172,-0.00679,-0.60187,-0.01133,-0.00177,-0.09313,-0.00172,-0.01224,-1.13785,-0.00180,-0.01386,-1.30203,-0.00179,-0.01183,-1.09282,-1.67003,-0.00208,0.12698,10.12169,5.01077,0.17857,10.12169,10.12169,0.08788,8.84681,10.12169,8.97874,10.12169,10.04976,0.57613,3.97351,-4.00165
2022,05,06,21:12:31.146,-0.00174,-0.00687,-0.60744,-0.01127,-0.00180,-0.09321,-0.00180,-0.01226,-1.13598,-0.00178,-0.01388,-1.30294,-0.00182,-0.01182,-1.09465,-1.67000,-0.00200,0.12701,10.12169,5.00982,0.17851,10.12169,10.12169,0.08796,8.84785,10.12169,8.97911,10.12169,10.05739,0.57615,3.97346,-4.00163
2022,05,06,21:12:31.577,-0.00176,-0.00671,-0.58730,-0.01126,-0.00176,-0.09293,-0.00176,-0.01235,-1.14257,-0.00178,-0.01379,-1.29679,-0.00180,-0.01179,-1.08944,-1.67003,-0.00202,0.12703,10.12169,5.01042,0.17848,10.12169,10.12169,0.08791,8.84881,10.12169,8.98065,10.12169,10.05718,0.57616,3.97355,-4.00157
2022,05,06,21:12:32.008,-0.00174,-0.00677,-0.58944,-0.01134,-0.00178,-0.09330,-0.00173,-0.01223,-1.14048,-0.00177,-0.01384,-1.29582,-0.00181,-0.01179,-1.08987,-1.67001,-0.00204,0.12703,10.12169,5.00901,0.17851,10.12169,10.12169,0.08791,8.84739,10.12169,8.97943,10.12169,10.05279,0.57615,3.97350,-4.00160
2022,05,06,21:12:32.439,-0.00173,-0.00689,-0.60178,-0.01123,-0.00179,-0.09312,-0.00177,-0.01229,-1.14312,-0.00175,-0.01356,-1.27144,-0.00182,-0.01175,-1.08639,-1.66997,-0.00201,0.12704,10.12169,5.01339,0.17844,10.12169,10.12169,0.08797,8.84839,10.12169,8.97989,10.12169,10.05865,0.57615,3.97348,-4.00161
2022,05,06,21:12:32.870,-0.00178,-0.00674,-0.59032,-0.01124,-0.00176,-0.09273,-0.00179,-0.01235,-1.14719,-0.00177,-0.01364,-1.27835,-0.00181,-0.01177,-1.09081,-1.67003,-0.00205,0.12705,10.12169,5.01161,0.17856,10.12169,10.12169,0.08794,8.84840,10.12169,8.98019,10.12169,10.05916,0.57614,3.97352,-4.00158
2022,05,06,21:12:33.301,-0.00174,-0.00656,-0.57922,-0.01132,-0.00180,-0.09325,-0.00178,-0.01228,-1.14363,-0.00177,-0.01357,-1.27210,-0.00181,-0.01178,-1.08989,-1.67001,-0.00202,0.12703,10.12169,5.01160,0.17851,10.12169,10.12169,0.08796,8.84729,10.12169,8.97926,10.12169,10.06190,0.57616,3.97353,-4.00165
2022,05,06,21:12:33.733,-0.00175,-0.00687,-0.60060,-0.01129,-0.00177,-0.09304,-0.00180,-0.01232,-1.14294,-0.00177,-0.01360,-1.27522,-0.00182,-0.01182,-1.09347,-1.66998,-0.00201,0.12704,10.12169,5.01000,0.17848,10.12169,10.12169,0.08799,8.84784,10.12169,8.97932,10.12169,10.06201,0.57615,3.97351,-4.00158
2022,05,06,21:12:34.163,-0.00173,-0.00693,-0.61420,-0.01131,-0.00179,-0.09328,-0.00175,-0.01225,-1.13662,-0.00179,-0.01366,-1.27598,-0.00181,-0.01175,-1.08694,-1.67004,-0.00207,0.12703,10.12169,5.01065,0.17856,10.12169,10.12169,0.08795,8.85005,10.12169,8.98041,10.12169,10.05372,0.57613,3.97352,-4.00159
2022,05,06,21:12:34.594,-0.00174,-0.00681,-0.59834,-0.01133,-0.00179,-0.09323,-0.00177,-0.01223,-1.13920,-0.00178,-0.01367,-1.28334,-0.00182,-0.01185,-1.09798,-1.67000,-0.00201,0.12706,10.12169,5.01373,0.17850,10.12169,10.12169,0.08796,8.84773,10.12169,8.97682,10.12169,10.06299,0.57615,3.97351,-4.00164
2022,05,06,21:12:35.026,-0.00178,-0.00682,-0.58681,-0.01140,-0.00176,-0.09289,-0.00177,-0.01228,-1.14231,-0.00179,-0.01367,-1.28184,-0.00178,-0.01179,-1.09369,-1.67002,-0.00203,0.12705,10.12169,5.01003,0.17855,10.12169,10.12169,0.08794,8.84883,10.12169,8.97971,10.12169,10.06471,0.57612,3.97353,-4.00158
2022,05,06,21:12:35.457,-0.00174,-0.00668,-0.58651,-0.01145,-0.00179,-0.09335,-0.00175,-0.01231,-1.14478,-0.00180,-0.01395,-1.31090,-0.00179,-0.01179,-1.09172,-1.67001,-0.00207,0.12702,10.12169,5.01215,0.17852,10.12169,10.12169,0.08794,8.84889,10.12169,8.98015,10.12169,10.05905,0.57613,3.97352,-4.00163
2022,05,06,21:12:35.888,-0.00175,-0.00672,-0.59973,-0.01142,-0.00180,-0.09316,-0.00179,-0.01231,-1.13910,-0.00176,-0.01396,-1.31229,-0.00182,-0.01166,-1.07792,-1.66998,-0.00201,0.12703,10.12169,5.01100,0.17852,10.12169,10.12169,0.08796,8.85041,10.12169,8.98102,10.12169,10.06167,0.57611,3.97353,-4.00162
2022,05,06,21:12:36.321,-0.00177,-0.00675,-0.59665,-0.01136,-0.00176,-0.09309,-0.00179,-0.01260,-1.16945,-0.00179,-0.01395,-1.31182,-0.00179,-0.01177,-1.08844,-1.67004,-0.00207,0.12701,10.12169,5.01129,0.17852,10.12169,10.12169,0.08795,8.85049,10.12169,8.98193,10.12169,10.06458,0.57612,3.97350,-4.00159
2022,05,06,21:12:36.752,-0.00174,-0.00680,-0.59717,-0.01140,-0.00180,-0.09364,-0.00175,-0.01255,-1.16950,-0.00181,-0.01396,-1.30828,-0.00184,-0.01173,-1.08518,-1.67003,-0.00207,0.12699,10.12169,5.01336,0.17856,10.12169,10.12169,0.08792,8.84995,10.12169,8.98079,10.12169,10.06505,0.57613,3.97354,-4.00162
2022,05,06,21:12:37.183,-0.00176,-0.00686,-0.59491,-0.01147,-0.00179,-0.09337,-0.00178,-0.01252,-1.16106,-0.00179,-0.01367,-1.28202,-0.00180,-0.01173,-1.08564,-1.67001,-0.00202,0.12707,10.12169,5.00872,0.17851,10.12169,10.12169,0.08798,8.84970,10.12169,8.98139,10.12169,10.06261,0.57614,3.97354,-4.00154
2022,05,06,21:12:37.615,-0.00172,-0.00698,-0.61405,-0.01165,-0.00179,-0.09360,-0.00176,-0.01261,-1.17431,-0.00179,-0.01374,-1.28699,-0.00179,-0.01168,-1.08105,-1.67001,-0.00202,0.12704,10.12169,5.00939,0.17858,10.12169,10.12169,0.08796,8.84957,10.12169,8.98129,10.12169,10.05337,0.57614,3.97353,-4.00158
2022,05,06,21:12:38.047,-0.00169,-0.00665,-0.58079,-0.01153,-0.00177,-0.09299,-0.00175,-0.01257,-1.17038,-0.00176,-0.01363,-1.28189,-0.00174,-0.01162,-1.07753,-1.66995,-0.00198,0.12712,10.12169,5.00535,0.17861,10.12169,10.12169,0.08804,8.85107,10.12169,8.98074,10.12169,10.05705,0.57618,3.97359,-4.00155
2022,05,06,21:12:38.477,-0.00172,-0.00679,-0.60138,-0.01149,-0.00173,-0.09201,-0.00175,-0.01253,-1.17036,-0.00173,-0.01369,-1.28637,-0.00171,-0.01161,-1.07721,-1.66996,-0.00195,0.12714,10.12169,5.00552,0.17865,10.12169,10.12169,0.08803,8.84973,10.12169,8.98067,10.12169,10.05922,0.57619,3.97358,-4.00149
2022,05,06,21:12:38.909,-0.00165,-0.00688,-0.60877,-0.01152,-0.00174,-0.09205,-0.00169,-0.01248,-1.16424,-0.00174,-0.01363,-1.28165,-0.00173,-0.01160,-1.08166,-1.66995,-0.00200,0.12715,10.12169,5.01151,0.17864,10.12169,10.12169,0.08799,8.84988,10.12169,8.98160,10.12169,10.05116,0.57619,3.97357,-4.00154
2022,05,06,21:12:39.341,-0.00169,-0.00675,-0.60222,-0.01146,-0.00173,-0.09194,-0.00173,-0.01241,-1.15920,-0.00171,-0.01358,-1.27940,-0.00173,-0.01174,-1.09362,-1.66994,-0.00198,0.12714,10.12169,5.01175,0.17863,10.12169,10.12169,0.08803,8.85169,10.12169,8.98200,10.12169,10.05813,0.57618,3.97358,-4.00154
2022,05,06,21:12:39.772,-0.00169,-0.00682,-0.60297,-0.01141,-0.00171,-0.09168,-0.00173,-0.01258,-1.17095,-0.00172,-0.01361,-1.28219,-0.00172,-0.01130,-1.04473,-1.66998,-0.00196,0.12713,10.12169,5.01267,0.17859,10.12169,10.12169,0.08801,8.85068,10.12169,8.98131,10.12169,10.05781,0.57618,3.97360,-4.00155
2022,05,06,21:12:40.202,-0.00169,-0.00680,-0.60429,-0.01151,-0.00174,-0.09213,-0.00170,-0.01252,-1.17183,-0.00171,-0.01365,-1.28587,-0.00173,-0.01120,-1.04010,-1.66997,-0.00203,0.12714,10.12169,5.01166,0.17859,10.12169,10.12169,0.08799,8.85005,10.12169,8.98138,10.12169,10.04815,0.57617,3.97359,-4.00157
2022,05,06,21:12:40.634,-0.00168,-0.00683,-0.60860,-0.01144,-0.00175,-0.09201,-0.00173,-0.01254,-1.16957,-0.00172,-0.01400,-1.32135,-0.00177,-0.01135,-1.05360,-1.66996,-0.00199,0.12742,10.12169,5.00960,0.17862,10.12169,10.12169,0.08805,8.85069,10.12169,8.98119,10.12169,10.06033,0.57618,3.97360,-4.00153
2022,05,06,21:12:41.065,-0.00167,-0.00681,-0.60081,-0.01154,-0.00177,-0.09210,-0.00168,-0.01249,-1.16943,-0.00177,-0.01403,-1.32308,-0.00178,-0.01126,-1.04259,-1.66996,-0.00198,0.12742,10.12169,5.01445,0.17825,10.12169,10.12169,0.08801,8.85130,10.12169,8.98178,10.12169,10.05525,0.57617,3.97359,-4.00155
2022,05,06,21:12:41.497,-0.00168,-0.00672,-0.59553,-0.01146,-0.00172,-0.09205,-0.00173,-0.01248,-1.16844,-0.00172,-0.01410,-1.32557,-0.00175,-0.01125,-1.04516,-1.66992,-0.00197,0.12746,10.12169,5.01303,0.17810,10.12169,10.12169,0.08804,8.85246,10.12169,8.98168,10.12169,10.06000,0.57618,3.97357,-4.00151
2022,05,06,21:12:41.929,-0.00174,-0.00681,-0.61215,-0.01152,-0.00173,-0.09187,-0.00172,-0.01254,-1.16969,-0.00174,-0.01367,-1.28869,-0.00174,-0.01135,-1.04742,-1.66995,-0.00196,0.12743,10.12169,5.01417,0.17807,10.12169,10.12169,0.08806,8.85275,10.12169,8.98283,10.12169,10.05991,0.57616,3.97357,-4.00151
2022,05,06,21:12:42.359,-0.00166,-0.00670,-0.60300,-0.01152,-0.00172,-0.09210,-0.00168,-0.01246,-1.16678,-0.00173,-0.01371,-1.29073,-0.00174,-0.01124,-1.03835,-1.66995,-0.00199,0.12743,10.12169,5.01353,0.17811,10.12169,10.12169,0.08800,8.85249,10.12169,8.98332,10.12169,10.05314,0.57619,3.97356,-4.00156
2022,05,06,21:12:42.791,-0.00168,-0.00683,-0.60575,-0.01145,-0.00173,-0.09206,-0.00172,-0.01254,-1.16824,-0.00173,-0.01372,-1.28926,-0.00178,-0.01120,-1.03759,-1.66993,-0.00197,0.12733,10.12169,5.01311,0.17811,10.12169,10.12169,0.08807,8.85357,10.12169,8.98462,10.12169,10.05689,0.57616,3.97357,-4.00156
2022,05,06,21:12:43.222,-0.00172,-0.00695,-0.61157,-0.01145,-0.00171,-0.09166,-0.00172,-0.01248,-1.16454,-0.00172,-0.01359,-1.28021,-0.00174,-0.01124,-1.04133,-1.66997,-0.00198,0.12728,10.12169,5.01122,0.17812,10.12169,10.12169,0.08799,8.85287,10.12169,8.98280,10.12169,10.05951,0.57616,3.97360,-4.00156
2022,05,06,21:12:43.654,-0.00167,-0.00680,-0.60258,-0.01146,-0.00175,-0.09198,-0.00170,-0.01247,-1.16577,-0.00171,-0.01371,-1.28872,-0.00175,-0.01121,-1.04187,-1.67001,-0.00200,0.12728,10.12169,5.01337,0.17810,10.12169,10.12169,0.08804,8.85447,10.12169,8.98426,10.12169,10.05637,0.57615,3.97354,-4.00158
2022,05,06,21:12:44.085,-0.00172,-0.00679,-0.59738,-0.01141,-0.00169,-0.09194,-0.00173,-0.01250,-1.16783,-0.00170,-0.01354,-1.27793,-0.00174,-0.01123,-1.04149,-1.66996,-0.00194,0.12733,10.12169,5.03845,0.17810,10.12169,10.12169,0.08802,8.85215,10.12169,8.98282,10.12169,10.05938,0.57616,3.97360,-4.00152
2022,05,06,21:12:44.517,-0.00167,-0.00678,-0.59950,-0.01146,-0.00176,-0.09205,-0.00168,-0.01248,-1.16899,-0.00175,-0.01367,-1.28346,-0.00172,-0.01134,-1.04952,-1.66998,-0.00198,0.12731,10.12169,5.03917,0.17809,10.12169,10.12169,0.08802,8.85270,10.12169,8.98341,10.12169,10.05563,0.57616,3.97356,-4.00156
2022,05,06,21:12:44.949,-0.00168,-0.00681,-0.60290,-0.01150,-0.00175,-0.09207,-0.00172,-0.01248,-1.16146,-0.00174,-0.01365,-1.28420,-0.00173,-0.01122,-1.04099,-1.66996,-0.00197,0.12734,10.12169,5.04050,0.17810,10.12169,10.12169,0.08808,8.85428,10.12169,8.98568,10.12169,10.05919,0.57619,3.97355,-4.00158
2022,05,06,21:12:45.380,-0.00171,-0.00681,-0.60134,-0.01144,-0.00172,-0.09172,-0.00173,-0.01249,-1.16614,-0.00169,-0.01359,-1.28268,-0.00176,-0.01122,-1.04151,-1.66994,-0.00198,0.12748,10.12169,5.03610,0.17812,10.12169,10.12169,0.08808,8.85448,10.12169,8.98452,10.12169,10.06023,0.57616,3.97356,-4.00152
2022,05,06,21:12:45.811,-0.00168,-0.00668,-0.59116,-0.01144,-0.00174,-0.09215,-0.00167,-0.01247,-1.16772,-0.00170,-0.01366,-1.28285,-0.00175,-0.01124,-1.04180,-1.66996,-0.00199,0.12749,10.12169,5.03587,0.17818,10.12169,10.12169,0.08807,8.85674,10.12169,8.98617,10.12169,10.05630,0.57616,3.97355,-4.00157
2022,05,06,21:12:46.241,-0.00170,-0.00685,-0.60473,-0.01142,-0.00171,-0.09195,-0.00174,-0.01246,-1.15781,-0.00171,-0.01365,-1.28402,-0.00174,-0.01128,-1.04802,-1.66995,-0.00198,0.12749,10.12169,5.03892,0.17816,10.12169,10.12169,0.08807,8.85484,10.12169,8.98508,10.12169,10.06216,0.57613,3.97357,-4.00157
2022,05,06,21:12:46.673,-0.00173,-0.00675,-0.59804,-0.01140,-0.00170,-0.09173,-0.00172,-0.01259,-1.17294,-0.00171,-0.01367,-1.28760,-0.00174,-0.01128,-1.04346,-1.66996,-0.00197,0.12749,10.12169,5.01329,0.17813,10.12169,10.12169,0.08803,8.85341,10.12169,8.98627,10.12169,10.06117,0.57615,3.97353,-4.00153
2022,05,06,21:12:47.103,-0.00167,-0.00665,-0.59410,-0.01143,-0.00171,-0.09210,-0.00172,-0.01252,-1.17092,-0.00172,-0.01368,-1.28477,-0.00174,-0.01126,-1.04745,-1.66998,-0.00200,0.12749,10.12169,5.01247,0.17821,10.12169,10.12169,0.08803,8.85375,10.12169,8.98485,10.12169,10.05964,0.57615,3.97356,-4.00154
2022,05,06,21:12:47.535,-0.00170,-0.00671,-0.59898,-0.01145,-0.00177,-0.09248,-0.00175,-0.01264,-1.17236,-0.00179,-0.01365,-1.28401,-0.00176,-0.01139,-1.05188,-1.67000,-0.00200,0.12744,10.12169,5.01125,0.17817,10.12169,10.12169,0.08804,8.85553,10.12169,8.98584,10.12169,10.06576,0.57611,3.97354,-4.00157
2022,05,06,21:12:47.965,-0.00170,-0.00684,-0.60368,-0.01159,-0.00176,-0.09311,-0.00171,-0.01253,-1.16924,-0.00181,-0.01374,-1.28624,-0.00177,-0.01135,-1.04790,-1.67002,-0.00204,0.12740,10.12169,5.01206,0.17815,10.12169,10.12169,0.08799,8.85353,10.12169,8.98520,10.12169,10.06042,0.57610,3.97352,-4.00161
2022,05,06,21:12:48.397,-0.00172,-0.00667,-0.59293,-0.01149,-0.00177,-0.09313,-0.00177,-0.01251,-1.16632,-0.00178,-0.01366,-1.28172,-0.00179,-0.01143,-1.05729,-1.66998,-0.00203,0.12743,10.12169,5.01109,0.17816,10.12169,10.12169,0.08806,8.85667,10.12169,8.98656,10.12169,10.06122,0.57609,3.97349,-4.00164
2022,05,06,21:12:48.827,-0.00176,-0.00684,-0.60831,-0.01152,-0.00171,-0.09285,-0.00178,-0.01260,-1.17361,-0.00177,-0.01371,-1.28568,-0.00177,-0.01143,-1.05674,-1.67003,-0.00200,0.12748,10.12169,5.00560,0.17817,10.12169,10.12169,0.08806,8.85530,10.12169,8.98563,10.12169,10.05764,0.57612,3.97352,-4.00159
2022,05,06,21:12:49.258,-0.00171,-0.00678,-0.60798,-0.01168,-0.00177,-0.09319,-0.00173,-0.01253,-1.17158,-0.00178,-0.01373,-1.28636,-0.00177,-0.01129,-1.04412,-1.67000,-0.00208,0.12745,10.12169,5.00728,0.17812,10.12169,10.12169,0.08798,8.85287,10.12169,8.98525,10.12169,10.05171,0.57611,3.97353,-4.00162
2022,05,06,21:12:49.690,-0.00172,-0.00687,-0.60568,-0.01153,-0.00178,-0.09308,-0.00179,-0.01256,-1.17230,-0.00176,-0.01372,-1.28913,-0.00178,-0.01137,-1.05520,-1.66996,-0.00199,0.12745,10.12169,5.00400,0.17812,10.12169,10.12169,0.08807,8.85717,10.12169,8.98735,10.12169,10.05695,0.57614,3.97349,-4.00160
2022,05,06,21:12:50.121,-0.00176,-0.00685,-0.60618,-0.01147,-0.00175,-0.09269,-0.00176,-0.01260,-1.17524,-0.00178,-0.01367,-1.28363,-0.00177,-0.01138,-1.05588,-1.67001,-0.00206,0.12745,10.12169,5.00706,0.17814,10.12169,10.12169,0.08803,8.85621,10.12169,8.98784,10.12169,10.05834,0.57611,3.97352,-4.00153
2022,05,06,21:12:50.552,-0.00174,-0.00685,-0.59982,-0.01160,-0.00178,-0.09314,-0.00176,-0.01248,-1.16632,-0.00176,-0.01366,-1.28145,-0.00178,-0.01143,-1.05664,-1.67002,-0.00204,0.12744,10.12169,5.01238,0.17815,10.12169,10.12169,0.08802,8.85572,10.12169,8.98713,10.12169,10.05530,0.57612,3.97351,-4.00160
