%Mission: 
%Operator: 
%Time: 2022,05,06,23:19:45.015
%File: C:\Users\pop\Documents\5STARG_Data\5STARG_20220506_231945_RADIOMETERS.dat
%Notes: 
YYYY,MM,DD,hh:mm:ss,CH1_0,CH1_2,CH1_4,CH2_0,CH2_2,CH2_4,CH3_0,CH3_2,CH3_4,CH4_0,CH4_2,CH4_4,CH5_0,CH5_2,CH5_4,Here,CH6_0,CH6_2,CH6_4,CH7_0,CH7_2,CH7_4,CH8_0,CH8_2,CH8_4,CH9_0,CH9_2,CH9_4,SPARE,5vRef_Temp,12POS_0_33,12NEG_0_33
2022,05,06,23:19:45.016,-0.00069,-0.00364,-0.27951,-0.00061,-0.00904,-0.82632,-0.00066,-0.01171,-1.09335,-0.00067,-0.01390,-1.31241,-0.00061,-0.01031,-0.94752,-1.66997,0.00004,-0.01159,-1.06657,-1.73945,-0.00954,-0.86224,-1.15987,-0.01310,-1.21504,-0.95850,-1.30968,-10.21815,-9.91112,0.57560,3.99313,-3.98660
2022,05,06,23:19:45.266,-0.00062,-0.00337,-0.26268,-0.00061,-0.00903,-0.81808,-0.00064,-0.01183,-1.09970,-0.00066,-0.01400,-1.31685,-0.00068,-0.01037,-0.95150,-1.67002,0.00001,-0.01156,-1.06689,-1.73938,-0.00954,-0.86187,-1.16005,-0.01305,-1.21455,-0.95832,-1.30951,-10.24699,-9.96753,0.57566,3.99304,-3.98660
2022,05,06,23:19:45.516,-0.00069,-0.00347,-0.26856,-0.00059,-0.00908,-0.82652,-0.00065,-0.01171,-1.09404,-0.00058,-0.01395,-1.31472,-0.00054,-0.01027,-0.94474,-1.66998,0.00002,-0.01159,-1.06688,-1.73940,-0.00960,-0.86240,-1.16010,-0.01308,-1.21514,-0.95853,-1.30993,-10.21566,-9.94075,0.57563,3.99304,-3.98658
2022,05,06,23:19:45.765,-0.00065,-0.00337,-0.25948,-0.00060,-0.00907,-0.83073,-0.00065,-0.01174,-1.09262,-0.00066,-0.01402,-1.31341,-0.00059,-0.01044,-0.96421,-1.67002,-0.00000,-0.01154,-1.06687,-1.73912,-0.00958,-0.86200,-1.16015,-0.01304,-1.21455,-0.95833,-1.30954,-10.24627,-9.96408,0.57565,3.99304,-3.98660
2022,05,06,23:19:46.016,-0.00066,-0.00336,-0.25695,-0.00062,-0.00898,-0.82483,-0.00061,-0.01212,-1.13486,-0.00065,-0.01393,-1.31338,-0.00058,-0.01032,-0.94953,-1.66999,-0.00001,-0.01157,-1.06691,-1.73920,-0.00958,-0.86216,-1.16015,-0.01311,-1.21500,-0.95825,-1.30974,-10.21303,-9.92894,0.57561,3.99305,-3.98664
2022,05,06,23:19:46.266,-0.00060,-0.00346,-0.27042,-0.00063,-0.00908,-0.82670,-0.00073,-0.01212,-1.13135,-0.00070,-0.01402,-1.32177,-0.00064,-0.01028,-0.94906,-1.67002,0.00002,-0.01154,-1.06690,-1.73924,-0.00959,-0.86220,-1.16004,-0.01312,-1.21462,-0.95837,-1.30959,-10.23396,-9.94621,0.57564,3.99306,-3.98667
2022,05,06,23:19:46.516,-0.00065,-0.00341,-0.25813,-0.00062,-0.00914,-0.83283,-0.00066,-0.01212,-1.13335,-0.00068,-0.01389,-1.31079,-0.00056,-0.01038,-0.95546,-1.67001,-0.00003,-0.01157,-1.06662,-1.73908,-0.00956,-0.86250,-1.15997,-0.01308,-1.21466,-0.95839,-1.30946,-10.20643,-9.90948,0.57561,3.99310,-3.98662
2022,05,06,23:19:46.766,-0.00063,-0.00345,-0.26686,-0.00062,-0.00923,-0.83903,-0.00066,-0.01218,-1.13370,-0.00065,-0.01398,-1.31196,-0.00067,-0.01039,-0.95205,-1.67002,0.00003,-0.01155,-1.06681,-1.73937,-0.00952,-0.86205,-1.16006,-0.01309,-1.21427,-0.95824,-1.30926,-10.24365,-9.91875,0.57561,3.99304,-3.98669
2022,05,06,23:19:47.016,-0.00069,-0.00357,-0.27604,-0.00057,-0.00920,-0.84588,-0.00065,-0.01214,-1.13421,-0.00064,-0.01369,-1.28694,-0.00057,-0.01036,-0.94599,-1.66998,0.00000,-0.01155,-1.06721,-1.73957,-0.00954,-0.86283,-1.16036,-0.01314,-1.21536,-0.95881,-1.31003,-10.21659,-9.91266,0.57560,3.99307,-3.98658
2022,05,06,23:19:47.266,-0.00065,-0.00342,-0.26884,-0.00070,-0.00932,-0.84403,-0.00070,-0.01210,-1.12866,-0.00068,-0.01377,-1.29098,-0.00066,-0.01031,-0.94680,-1.67002,0.00004,-0.01154,-1.06748,-1.73959,-0.00957,-0.86290,-1.16058,-0.01305,-1.21480,-0.95917,-1.30970,-10.24626,-9.93428,0.57562,3.99308,-3.98666
2022,05,06,23:19:47.516,-0.00068,-0.00355,-0.27509,-0.00063,-0.00921,-0.84688,-0.00064,-0.01213,-1.13166,-0.00065,-0.01370,-1.28795,-0.00059,-0.01037,-0.95267,-1.66997,-0.00003,-0.01155,-1.06744,-1.73947,-0.00962,-0.86343,-1.16066,-0.01308,-1.21525,-0.95939,-1.30988,-10.22024,-9.91143,0.57556,3.99312,-3.98658
2022,05,06,23:19:47.765,-0.00066,-0.00335,-0.25911,-0.00064,-0.00933,-0.84983,-0.00067,-0.01216,-1.13241,-0.00073,-0.01372,-1.29253,-0.00064,-0.01027,-0.94427,-1.67002,0.00004,-0.01155,-1.06759,-1.73958,-0.00960,-0.86324,-1.16087,-0.01307,-1.21498,-0.95950,-1.31014,-10.24705,-9.93163,0.57564,3.99306,-3.98663
2022,05,06,23:19:48.015,-0.00070,-0.00354,-0.27411,-0.00059,-0.00926,-0.84560,-0.00062,-0.01214,-1.13352,-0.00062,-0.01358,-1.27796,-0.00057,-0.01027,-0.94674,-1.67000,0.00000,-0.01164,-1.06748,-1.73939,-0.00966,-0.86314,-1.16073,-0.01307,-1.21509,-0.95920,-1.30981,-10.21463,-9.90710,0.57562,3.99299,-3.98660
2022,05,06,23:19:48.266,-0.00063,-0.00348,-0.27332,-0.00069,-0.00904,-0.82374,-0.00067,-0.01222,-1.13867,-0.00067,-0.01366,-1.28192,-0.00062,-0.01032,-0.94609,-1.67004,0.00002,-0.01154,-1.06785,-1.73942,-0.00958,-0.86321,-1.16103,-0.01308,-1.21481,-0.95942,-1.30983,-10.24026,-9.93054,0.57563,3.99305,-3.98664
2022,05,06,23:19:48.515,-0.00060,-0.00362,-0.28097,-0.00058,-0.00900,-0.82093,-0.00063,-0.01208,-1.12909,-0.00057,-0.01364,-1.28320,-0.00059,-0.01035,-0.95362,-1.66997,-0.00005,-0.01158,-1.06784,-1.73928,-0.00958,-0.86367,-1.16119,-0.01307,-1.21509,-0.95979,-1.30991,-10.20094,-9.89778,0.57562,3.99312,-3.98664
2022,05,06,23:19:48.766,-0.00061,-0.00364,-0.28900,-0.00067,-0.00906,-0.82595,-0.00075,-0.01204,-1.12368,-0.00063,-0.01370,-1.28560,-0.00063,-0.01038,-0.95574,-1.66997,0.00002,-0.01160,-1.06799,-1.73953,-0.00954,-0.86349,-1.16128,-0.01306,-1.21492,-0.95984,-1.31001,-10.23362,-9.92505,0.57564,3.99303,-3.98661
2022,05,06,23:19:49.016,-0.00067,-0.00351,-0.26797,-0.00061,-0.00900,-0.82128,-0.00064,-0.01216,-1.13660,-0.00061,-0.01355,-1.27790,-0.00057,-0.01039,-0.95751,-1.66997,0.00006,-0.01162,-1.06851,-1.73949,-0.00959,-0.86419,-1.16183,-0.01314,-1.21554,-0.96015,-1.31024,-10.21462,-9.89021,0.57561,3.99308,-3.98662
2022,05,06,23:19:49.266,-0.00063,-0.00356,-0.28098,-0.00063,-0.00908,-0.82320,-0.00069,-0.01222,-1.14017,-0.00068,-0.01369,-1.28642,-0.00062,-0.01035,-0.94752,-1.67004,0.00003,-0.01154,-1.06865,-1.73950,-0.00957,-0.86432,-1.16179,-0.01308,-1.21514,-0.96055,-1.31015,-10.24750,-9.93862,0.57565,3.99309,-3.98663
2022,05,06,23:19:49.515,-0.00065,-0.00368,-0.28069,-0.00060,-0.00897,-0.82106,-0.00059,-0.01216,-1.13437,-0.00066,-0.01363,-1.28180,-0.00065,-0.01037,-0.95582,-1.66997,0.00003,-0.01157,-1.06850,-1.73918,-0.00962,-0.86415,-1.16188,-0.01312,-1.21579,-0.96014,-1.31043,-10.21889,-9.90609,0.57558,3.99305,-3.98658
2022,05,06,23:19:49.765,-0.00063,-0.00343,-0.27094,-0.00061,-0.00913,-0.82642,-0.00068,-0.01220,-1.13766,-0.00071,-0.01372,-1.28603,-0.00065,-0.01034,-0.95075,-1.66998,0.00006,-0.01156,-1.06885,-1.73942,-0.00957,-0.86421,-1.16217,-0.01307,-1.21526,-0.96042,-1.31026,-10.25066,-9.93729,0.57559,3.99308,-3.98662
2022,05,06,23:19:50.016,-0.00070,-0.00354,-0.27270,-0.00061,-0.00909,-0.82565,-0.00066,-0.01223,-1.14037,-0.00072,-0.01364,-1.28371,-0.00059,-0.01037,-0.95193,-1.66995,-0.00002,-0.01161,-1.06889,-1.73887,-0.00962,-0.86454,-1.16213,-0.01309,-1.21573,-0.96070,-1.31051,-10.21655,-9.90785,0.57559,3.99303,-3.98656
2022,05,06,23:19:50.266,-0.00067,-0.00355,-0.27299,-0.00063,-0.00909,-0.82711,-0.00069,-0.01220,-1.13861,-0.00068,-0.01363,-1.27801,-0.00066,-0.01031,-0.94591,-1.67007,0.00000,-0.01162,-1.06870,-1.73923,-0.00956,-0.86405,-1.16200,-0.01306,-1.21526,-0.96042,-1.31038,-10.24634,-9.93379,0.57560,3.99304,-3.98664
2022,05,06,23:19:50.515,-0.00072,-0.00367,-0.28977,-0.00062,-0.00897,-0.82473,-0.00067,-0.01217,-1.13566,-0.00065,-0.01357,-1.27793,-0.00059,-0.01023,-0.94072,-1.66996,-0.00001,-0.01165,-1.06879,-1.73912,-0.00965,-0.86448,-1.16204,-0.01308,-1.21553,-0.96038,-1.31039,-10.20998,-9.90176,0.57562,3.99306,-3.98658
2022,05,06,23:19:50.765,-0.00067,-0.00353,-0.27648,-0.00063,-0.00905,-0.82473,-0.00070,-0.01208,-1.12422,-0.00061,-0.01359,-1.27782,-0.00059,-0.01041,-0.95599,-1.67001,0.00002,-0.01156,-1.06867,-1.73907,-0.00958,-0.86410,-1.16184,-0.01309,-1.21525,-0.96029,-1.31032,-10.22665,-9.92480,0.57565,3.99304,-3.98660
2022,05,06,23:19:51.015,-0.00069,-0.00371,-0.28666,-0.00063,-0.00899,-0.82255,-0.00059,-0.01202,-1.12352,-0.00065,-0.01354,-1.27333,-0.00063,-0.01028,-0.94501,-1.67001,-0.00002,-0.01165,-1.06835,-1.73827,-0.00960,-0.86393,-1.16166,-0.01311,-1.21556,-0.96001,-1.31039,-10.20462,-9.89310,0.57555,3.99309,-3.98654
2022,05,06,23:19:51.266,-0.00062,-0.00341,-0.26811,-0.00061,-0.00903,-0.82270,-0.00068,-0.01206,-1.12422,-0.00066,-0.01368,-1.28278,-0.00062,-0.01036,-0.94834,-1.67002,0.00003,-0.01160,-1.06845,-1.73840,-0.00959,-0.86380,-1.16162,-0.01305,-1.21589,-0.96012,-1.31094,-10.24571,-9.91563,0.57563,3.99302,-3.98664
2022,05,06,23:19:51.515,-0.00067,-0.00365,-0.28027,-0.00064,-0.00898,-0.82283,-0.00059,-0.01201,-1.12086,-0.00062,-0.01353,-1.27639,-0.00059,-0.01031,-0.94644,-1.66995,-0.00003,-0.01160,-1.06847,-1.73882,-0.00963,-0.86417,-1.16175,-0.01315,-1.21622,-0.96018,-1.31093,-10.21618,-9.91296,0.57560,3.99308,-3.98659
2022,05,06,23:19:51.765,-0.00063,-0.00354,-0.27412,-0.00065,-0.00904,-0.82237,-0.00069,-0.01205,-1.12101,-0.00067,-0.01368,-1.27856,-0.00062,-0.01040,-0.95421,-1.67006,0.00001,-0.01155,-1.06866,-1.73861,-0.00957,-0.86354,-1.16175,-0.01307,-1.21607,-0.95997,-1.31116,-10.24653,-9.93591,0.57561,3.99302,-3.98659
2022,05,06,23:19:52.015,-0.00067,-0.00340,-0.26120,-0.00061,-0.00905,-0.82060,-0.00061,-0.01190,-1.11884,-0.00062,-0.01360,-1.28275,-0.00060,-0.01029,-0.95059,-1.66995,0.00004,-0.01164,-1.06873,-1.73874,-0.00958,-0.86456,-1.16219,-0.01307,-1.21634,-0.96073,-1.31098,-10.21703,-9.90466,0.57558,3.99308,-3.98657
2022,05,06,23:19:52.266,-0.00065,-0.00342,-0.25884,-0.00064,-0.00930,-0.84459,-0.00067,-0.01209,-1.12199,-0.00067,-0.01365,-1.28251,-0.00060,-0.01041,-0.95547,-1.66997,0.00001,-0.01157,-1.06872,-1.73875,-0.00954,-0.86452,-1.16188,-0.01312,-1.21614,-0.96085,-1.31116,-10.24467,-9.93421,0.57562,3.99307,-3.98661
2022,05,06,23:19:52.516,-0.00072,-0.00365,-0.28552,-0.00064,-0.00920,-0.84362,-0.00062,-0.01204,-1.12245,-0.00064,-0.01369,-1.28379,-0.00058,-0.01015,-0.93710,-1.67000,-0.00005,-0.01162,-1.06891,-1.73868,-0.00964,-0.86477,-1.16216,-0.01313,-1.21634,-0.96102,-1.31103,-10.21527,-9.90730,0.57562,3.99308,-3.98651
2022,05,06,23:19:52.765,-0.00061,-0.00348,-0.27042,-0.00057,-0.00928,-0.84567,-0.00070,-0.01207,-1.12721,-0.00060,-0.01365,-1.28384,-0.00064,-0.01022,-0.94158,-1.67001,0.00001,-0.01156,-1.06903,-1.73854,-0.00957,-0.86510,-1.16222,-0.01309,-1.21617,-0.96127,-1.31119,-10.24024,-9.92903,0.57564,3.99311,-3.98664
2022,05,06,23:19:53.015,-0.00065,-0.00348,-0.26745,-0.00059,-0.00919,-0.83982,-0.00065,-0.01194,-1.11453,-0.00059,-0.01366,-1.28503,-0.00050,-0.01026,-0.94810,-1.66996,0.00001,-0.01162,-1.06943,-1.73859,-0.00961,-0.86512,-1.16270,-0.01315,-1.21572,-0.96130,-1.31047,-10.20347,-9.89974,0.57554,3.99308,-3.98653
2022,05,06,23:19:53.266,-0.00064,-0.00345,-0.26529,-0.00057,-0.00923,-0.84374,-0.00071,-0.01198,-1.11864,-0.00062,-0.01380,-1.29668,-0.00066,-0.01036,-0.95344,-1.67001,-0.00002,-0.01152,-1.06956,-1.73848,-0.00953,-0.86530,-1.16278,-0.01307,-1.21560,-0.96134,-1.31071,-10.23380,-9.92547,0.57560,3.99303,-3.98662
2022,05,06,23:19:53.516,-0.00060,-0.00327,-0.24357,-0.00062,-0.00922,-0.84667,-0.00062,-0.01198,-1.11822,-0.00063,-0.01369,-1.28961,-0.00057,-0.01029,-0.95132,-1.66995,0.00002,-0.01163,-1.06985,-1.73851,-0.00958,-0.86619,-1.16309,-0.01311,-1.21593,-0.96225,-1.31076,-10.21066,-9.88450,0.57559,3.99304,-3.98650
2022,05,06,23:19:53.765,-0.00061,-0.00327,-0.25047,-0.00067,-0.00925,-0.84703,-0.00071,-0.01205,-1.12090,-0.00066,-0.01364,-1.28921,-0.00055,-0.01044,-0.95417,-1.67003,-0.00000,-0.01155,-1.07027,-1.73863,-0.00957,-0.86640,-1.16352,-0.01305,-1.21599,-0.96259,-1.31096,-10.24607,-9.93579,0.57563,3.99306,-3.98657
2022,05,06,23:19:54.016,-0.00066,-0.00349,-0.27007,-0.00062,-0.00930,-0.85067,-0.00062,-0.01202,-1.11948,-0.00063,-0.01375,-1.29295,-0.00056,-0.01031,-0.94900,-1.66998,-0.00001,-0.01159,-1.07045,-1.73865,-0.00965,-0.86692,-1.16373,-0.01314,-1.21662,-0.96304,-1.31132,-10.21606,-9.90883,0.57555,3.99314,-3.98657
2022,05,06,23:19:54.266,-0.00058,-0.00332,-0.25827,-0.00066,-0.00938,-0.84872,-0.00070,-0.01206,-1.12278,-0.00066,-0.01376,-1.29294,-0.00062,-0.01031,-0.94822,-1.66997,0.00004,-0.01158,-1.07111,-1.73868,-0.00961,-0.86712,-1.16433,-0.01308,-1.21631,-0.96351,-1.31143,-10.24408,-9.93202,0.57560,3.99302,-3.98660
2022,05,06,23:19:54.515,-0.00064,-0.00343,-0.25994,-0.00057,-0.00929,-0.85026,-0.00060,-0.01196,-1.12221,-0.00061,-0.01364,-1.28723,-0.00059,-0.01023,-0.94156,-1.66998,0.00003,-0.01160,-1.07142,-1.73821,-0.00961,-0.86761,-1.16462,-0.01311,-1.21677,-0.96390,-1.31149,-10.21572,-9.90640,0.57558,3.99310,-3.98651
2022,05,06,23:19:54.766,-0.00067,-0.00346,-0.27051,-0.00066,-0.00928,-0.84424,-0.00067,-0.01212,-1.12533,-0.00065,-0.01378,-1.29098,-0.00065,-0.01058,-0.97674,-1.67001,0.00000,-0.01157,-1.07168,-1.73853,-0.00961,-0.86802,-1.16493,-0.01307,-1.21694,-0.96435,-1.31201,-10.24464,-9.92989,0.57559,3.99304,-3.98658
2022,05,06,23:19:55.015,-0.00066,-0.00330,-0.25320,-0.00062,-0.00930,-0.85156,-0.00065,-0.01197,-1.11857,-0.00061,-0.01369,-1.29024,-0.00064,-0.01055,-0.97870,-1.66998,0.00005,-0.01163,-1.07195,-1.73853,-0.00966,-0.86871,-1.16527,-0.01315,-1.21748,-0.96465,-1.31226,-10.21107,-9.90571,0.57558,3.99311,-3.98658
2022,05,06,23:19:55.265,-0.00061,-0.00352,-0.27380,-0.00065,-0.00930,-0.85038,-0.00066,-0.01214,-1.12871,-0.00067,-0.01369,-1.28841,-0.00063,-0.01066,-0.98069,-1.67002,-0.00002,-0.01160,-1.07236,-1.73866,-0.00962,-0.86898,-1.16558,-0.01307,-1.21699,-0.96532,-1.31211,-10.23137,-9.92783,0.57559,3.99308,-3.98659
2022,05,06,23:19:55.516,-0.00068,-0.00365,-0.28232,-0.00057,-0.00926,-0.84927,-0.00060,-0.01195,-1.11789,-0.00060,-0.01364,-1.28366,-0.00056,-0.01082,-1.00006,-1.66992,0.00001,-0.01162,-1.07257,-1.73873,-0.00968,-0.86910,-1.16595,-0.01317,-1.21768,-0.96525,-1.31248,-10.20466,-9.90689,0.57557,3.99306,-3.98654
2022,05,06,23:19:55.766,-0.00060,-0.00351,-0.27071,-0.00063,-0.00926,-0.85107,-0.00062,-0.01210,-1.12219,-0.00072,-0.01372,-1.28548,-0.00061,-0.01080,-0.99331,-1.67001,0.00005,-0.01162,-1.07337,-1.73843,-0.00961,-0.86961,-1.16655,-0.01312,-1.21761,-0.96592,-1.31260,-10.24262,-9.91672,0.57561,3.99307,-3.98664
2022,05,06,23:19:56.015,-0.00070,-0.00351,-0.27151,-0.00058,-0.00928,-0.85005,-0.00063,-0.01204,-1.12343,-0.00059,-0.01370,-1.28888,-0.00062,-0.01070,-0.98592,-1.66998,0.00000,-0.01163,-1.07396,-1.73962,-0.00967,-0.87005,-1.16712,-0.01319,-1.21856,-0.96604,-1.31323,-10.21543,-9.91158,0.57560,3.99302,-3.98655
2022,05,06,23:19:56.265,-0.00068,-0.00330,-0.25393,-0.00065,-0.00937,-0.84796,-0.00064,-0.01205,-1.11997,-0.00066,-0.01372,-1.28817,-0.00060,-0.01080,-0.99348,-1.67004,0.00006,-0.01163,-1.07446,-1.73875,-0.00967,-0.87058,-1.16762,-0.01310,-1.21815,-0.96705,-1.31309,-10.24551,-9.93255,0.57560,3.99311,-3.98658
2022,05,06,23:19:56.516,-0.00064,-0.00348,-0.26404,-0.00065,-0.00919,-0.84002,-0.00068,-0.01193,-1.11516,-0.00063,-0.01371,-1.28900,-0.00061,-0.01068,-0.98986,-1.67001,-0.00003,-0.01164,-1.07455,-1.73849,-0.00970,-0.87083,-1.16776,-0.01316,-1.21834,-0.96686,-1.31298,-10.22741,-9.90857,0.57552,3.99307,-3.98658
2022,05,06,23:19:56.766,-0.00066,-0.00339,-0.25690,-0.00069,-0.00930,-0.84222,-0.00066,-0.01205,-1.12421,-0.00068,-0.01373,-1.29243,-0.00060,-0.01076,-0.99649,-1.66998,0.00002,-0.01164,-1.07458,-1.73880,-0.00966,-0.87145,-1.16791,-0.01314,-1.21853,-0.96759,-1.31354,-10.24388,-9.93236,0.57556,3.99304,-3.98655
2022,05,06,23:19:57.015,-0.00069,-0.00353,-0.26854,-0.00061,-0.00928,-0.84697,-0.00056,-0.01203,-1.11713,-0.00066,-0.01374,-1.28837,-0.00063,-0.01070,-0.98854,-1.67003,-0.00003,-0.01166,-1.07516,-1.73883,-0.00970,-0.87193,-1.16841,-0.01313,-1.21885,-0.96797,-1.31359,-10.21435,-9.90669,0.57557,3.99304,-3.98655
2022,05,06,23:19:57.266,-0.00070,-0.00347,-0.26847,-0.00065,-0.00924,-0.83997,-0.00069,-0.01204,-1.11938,-0.00068,-0.01368,-1.28619,-0.00060,-0.01040,-0.95718,-1.67007,0.00004,-0.01165,-1.07514,-1.73868,-0.00965,-0.87181,-1.16837,-0.01310,-1.21853,-0.96797,-1.31360,-10.24367,-9.92890,0.57561,3.99305,-3.98660
2022,05,06,23:19:57.515,-0.00067,-0.00353,-0.27223,-0.00062,-0.00923,-0.84485,-0.00066,-0.01195,-1.11848,-0.00062,-0.01368,-1.28612,-0.00059,-0.01042,-0.96369,-1.67001,-0.00005,-0.01169,-1.07570,-1.73904,-0.00971,-0.87254,-1.16910,-0.01313,-1.21914,-0.96846,-1.31385,-10.20162,-9.89698,0.57554,3.99306,-3.98660
2022,05,06,23:19:57.766,-0.00064,-0.00330,-0.25258,-0.00061,-0.00928,-0.84545,-0.00064,-0.01201,-1.11632,-0.00065,-0.01376,-1.29268,-0.00062,-0.01065,-0.97609,-1.67001,0.00002,-0.01162,-1.07602,-1.73893,-0.00968,-0.87272,-1.16924,-0.01314,-1.21902,-0.96898,-1.31402,-10.22937,-9.92473,0.57556,3.99301,-3.98665
2022,05,06,23:19:58.016,-0.00068,-0.00370,-0.29290,-0.00059,-0.00919,-0.84244,-0.00064,-0.01198,-1.11704,-0.00067,-0.01376,-1.29573,-0.00058,-0.01041,-0.96541,-1.66997,-0.00001,-0.01168,-1.07621,-1.73873,-0.00966,-0.87308,-1.16946,-0.01314,-1.21943,-0.96928,-1.31410,-10.20960,-9.88546,0.57560,3.99312,-3.98656
2022,05,06,23:19:58.265,-0.00066,-0.00356,-0.27547,-0.00064,-0.00929,-0.84654,-0.00068,-0.01200,-1.12039,-0.00064,-0.01375,-1.29067,-0.00060,-0.01049,-0.96394,-1.67003,-0.00001,-0.01160,-1.07640,-1.73830,-0.00962,-0.87316,-1.16960,-0.01311,-1.21922,-0.96937,-1.31431,-10.24624,-9.93535,0.57555,3.99301,-3.98664
2022,05,06,23:19:58.516,-0.00066,-0.00336,-0.25836,-0.00061,-0.00922,-0.84207,-0.00064,-0.01199,-1.11858,-0.00064,-0.01375,-1.29183,-0.00058,-0.01046,-0.96486,-1.66998,0.00003,-0.01167,-1.07663,-1.73900,-0.00971,-0.87393,-1.16980,-0.01314,-1.21967,-0.96993,-1.31441,-10.21392,-9.90608,0.57552,3.99308,-3.98654
2022,05,06,23:19:58.766,-0.00064,-0.00330,-0.25300,-0.00062,-0.00933,-0.84483,-0.00067,-0.01201,-1.12027,-0.00070,-0.01371,-1.29225,-0.00057,-0.01045,-0.96383,-1.67005,0.00002,-0.01164,-1.07702,-1.73880,-0.00969,-0.87376,-1.17026,-0.01310,-1.21959,-0.96996,-1.31456,-10.25326,-9.93840,0.57557,3.99305,-3.98657
2022,05,06,23:19:59.015,-0.00060,-0.00335,-0.25893,-0.00062,-0.00928,-0.84656,-0.00062,-0.01196,-1.11865,-0.00061,-0.01363,-1.28590,-0.00056,-0.01041,-0.95777,-1.67002,-0.00003,-0.01171,-1.07757,-1.73888,-0.00975,-0.87454,-1.17081,-0.01318,-1.22030,-0.97054,-1.31501,-10.21646,-9.90459,0.57554,3.99304,-3.98655
2022,05,06,23:19:59.266,-0.00062,-0.00351,-0.27132,-0.00064,-0.00932,-0.85070,-0.00069,-0.01204,-1.12070,-0.00063,-0.01377,-1.29213,-0.00060,-0.01048,-0.96243,-1.67000,0.00001,-0.01161,-1.07770,-1.73901,-0.00970,-0.87485,-1.17091,-0.01307,-1.21935,-0.97121,-1.31442,-10.24440,-9.93318,0.57561,3.99304,-3.98660
2022,05,06,23:19:59.515,-0.00072,-0.00343,-0.26200,-0.00062,-0.00925,-0.85067,-0.00061,-0.01196,-1.11958,-0.00064,-0.01366,-1.28923,-0.00055,-0.01034,-0.95407,-1.66999,-0.00002,-0.01167,-1.07797,-1.73886,-0.00973,-0.87535,-1.17117,-0.01319,-1.22002,-0.97142,-1.31483,-10.20988,-9.90581,0.57554,3.99307,-3.98658
2022,05,06,23:19:59.765,-0.00069,-0.00341,-0.26273,-0.00066,-0.00933,-0.84964,-0.00067,-0.01214,-1.12773,-0.00067,-0.01382,-1.29482,-0.00062,-0.01042,-0.95813,-1.67001,0.00003,-0.01168,-1.07838,-1.73883,-0.00969,-0.87559,-1.17148,-0.01316,-1.21997,-0.97169,-1.31506,-10.23056,-9.92656,0.57557,3.99306,-3.98667
2022,05,06,23:20:00.015,-0.00071,-0.00361,-0.27623,-0.00065,-0.00920,-0.83936,-0.00062,-0.01206,-1.12212,-0.00067,-0.01366,-1.28808,-0.00055,-0.01029,-0.95041,-1.66994,-0.00001,-0.01172,-1.07874,-1.73900,-0.00975,-0.87605,-1.17214,-0.01318,-1.22032,-0.97220,-1.31499,-10.19989,-9.89271,0.57554,3.99305,-3.98663
2022,05,06,23:20:00.266,-0.00063,-0.00338,-0.26173,-0.00069,-0.00923,-0.84147,-0.00062,-0.01212,-1.12265,-0.00065,-0.01366,-1.28599,-0.00064,-0.01036,-0.95621,-1.67004,-0.00007,-0.01175,-1.07935,-1.73894,-0.00968,-0.87607,-1.17259,-0.01313,-1.22025,-0.97235,-1.31520,-10.23596,-9.91112,0.57557,3.99304,-3.98665
2022,05,06,23:20:00.516,-0.00070,-0.00342,-0.26447,-0.00059,-0.00924,-0.84659,-0.00060,-0.01205,-1.12353,-0.00064,-0.01364,-1.28331,-0.00055,-0.01045,-0.96090,-1.67000,-0.00002,-0.01173,-1.07983,-1.73910,-0.00977,-0.87689,-1.17308,-0.01318,-1.22066,-0.97290,-1.31542,-10.21492,-9.91222,0.57550,3.99309,-3.98659
2022,05,06,23:20:00.765,-0.00060,-0.00343,-0.26549,-0.00064,-0.00922,-0.84256,-0.00064,-0.01206,-1.12482,-0.00067,-0.01368,-1.28704,-0.00064,-0.01044,-0.95505,-1.67001,0.00000,-0.01164,-1.07714,-1.73912,-0.00966,-0.87738,-1.17039,-0.01316,-1.22071,-0.97357,-1.31571,-10.24311,-9.93063,0.57558,3.99311,-3.98662
2022,05,06,23:20:01.015,-0.00067,-0.00344,-0.26131,-0.00060,-0.00917,-0.83566,-0.00063,-0.01194,-1.12221,-0.00067,-0.01366,-1.28600,-0.00057,-0.01041,-0.96300,-1.66996,0.00002,-0.01163,-1.07712,-1.73902,-0.00977,-0.87794,-1.17034,-0.01317,-1.22133,-0.97390,-1.31608,-10.21398,-9.90378,0.57554,3.99312,-3.98657
2022,05,06,23:20:01.266,-0.00065,-0.00335,-0.25951,-0.00064,-0.00913,-0.83325,-0.00065,-0.01207,-1.12496,-0.00067,-0.01367,-1.28608,-0.00065,-0.01040,-0.95970,-1.67002,0.00003,-0.01162,-1.07817,-1.73899,-0.00976,-0.87800,-1.17153,-0.01313,-1.22108,-0.97422,-1.31619,-10.24320,-9.93276,0.57553,3.99307,-3.98663
2022,05,06,23:20:01.516,-0.00061,-0.00351,-0.27109,-0.00066,-0.00920,-0.83540,-0.00063,-0.01200,-1.12596,-0.00063,-0.01363,-1.28566,-0.00061,-0.01031,-0.95503,-1.67000,0.00005,-0.01173,-1.07834,-1.73926,-0.00974,-0.87877,-1.17169,-0.01319,-1.22179,-0.97483,-1.31660,-10.21740,-9.90780,0.57554,3.99310,-3.98657
2022,05,06,23:20:01.766,-0.00066,-0.00348,-0.27193,-0.00061,-0.00928,-0.84399,-0.00064,-0.01207,-1.12427,-0.00067,-0.01373,-1.28746,-0.00060,-0.01043,-0.96711,-1.67003,0.00002,-0.01169,-1.07865,-1.73896,-0.00972,-0.87912,-1.17188,-0.01313,-1.22144,-0.97531,-1.31644,-10.24166,-9.92913,0.57563,3.99306,-3.98665
2022,05,06,23:20:02.015,-0.00069,-0.00360,-0.27420,-0.00065,-0.00915,-0.83766,-0.00070,-0.01199,-1.11782,-0.00059,-0.01373,-1.29031,-0.00057,-0.01044,-0.96015,-1.67000,0.00003,-0.01168,-1.07906,-1.73861,-0.00974,-0.87956,-1.17228,-0.01320,-1.22166,-0.97560,-1.31633,-10.20285,-9.90087,0.57552,3.99309,-3.98657
2022,05,06,23:20:02.265,-0.00066,-0.00346,-0.26938,-0.00061,-0.00922,-0.83695,-0.00066,-0.01191,-1.10888,-0.00062,-0.01381,-1.29515,-0.00064,-0.01053,-0.96713,-1.67003,-0.00001,-0.01166,-1.07930,-1.73916,-0.00967,-0.87985,-1.17250,-0.01313,-1.22150,-0.97622,-1.31664,-10.22838,-9.92432,0.57558,3.99310,-3.98664
2022,05,06,23:20:02.516,-0.00068,-0.00348,-0.27092,-0.00067,-0.00920,-0.83848,-0.00061,-0.01178,-1.10542,-0.00060,-0.01367,-1.29260,-0.00061,-0.01041,-0.96062,-1.66994,0.00004,-0.01170,-1.07986,-1.73919,-0.00972,-0.88047,-1.17322,-0.01315,-1.22243,-0.97630,-1.31724,-10.20683,-9.88726,0.57557,3.99315,-3.98655
2022,05,06,23:20:02.765,-0.00063,-0.00335,-0.25896,-0.00061,-0.00916,-0.83947,-0.00064,-0.01192,-1.10671,-0.00067,-0.01374,-1.29147,-0.00064,-0.01052,-0.96986,-1.66999,0.00000,-0.01172,-1.07998,-1.73883,-0.00973,-0.88059,-1.17319,-0.01310,-1.22195,-0.97702,-1.31699,-10.24388,-9.93013,0.57557,3.99308,-3.98663
2022,05,06,23:20:03.016,-0.00070,-0.00351,-0.27228,-0.00063,-0.00925,-0.84406,-0.00066,-0.01195,-1.11289,-0.00062,-0.01366,-1.28839,-0.00057,-0.01045,-0.96227,-1.66996,-0.00000,-0.01174,-1.08080,-1.73923,-0.00978,-0.88128,-1.17405,-0.01318,-1.22279,-0.97725,-1.31750,-10.21550,-9.91080,0.57555,3.99310,-3.98656
2022,05,06,23:20:03.266,-0.00062,-0.00344,-0.26867,-0.00073,-0.00926,-0.84323,-0.00065,-0.01194,-1.11050,-0.00064,-0.01369,-1.28584,-0.00060,-0.01049,-0.96455,-1.67004,0.00003,-0.01165,-1.08090,-1.73899,-0.00973,-0.88164,-1.17411,-0.01313,-1.22079,-0.97775,-1.31577,-10.24540,-9.93291,0.57557,3.99305,-3.98656
2022,05,06,23:20:03.515,-0.00069,-0.00335,-0.25656,-0.00059,-0.00923,-0.84410,-0.00064,-0.01186,-1.10400,-0.00069,-0.01366,-1.28760,-0.00050,-0.01050,-0.97276,-1.67001,-0.00001,-0.01169,-1.08112,-1.73886,-0.00976,-0.88170,-1.17448,-0.01316,-1.22120,-0.97777,-1.31591,-10.21493,-9.90442,0.57554,3.99304,-3.98656
2022,05,06,23:20:03.766,-0.00064,-0.00342,-0.25955,-0.00061,-0.00924,-0.83827,-0.00068,-0.01176,-1.09672,-0.00066,-0.01352,-1.26900,-0.00055,-0.01045,-0.96061,-1.67003,0.00006,-0.01169,-1.08116,-1.73844,-0.00974,-0.88203,-1.17440,-0.01318,-1.22107,-0.97822,-1.31612,-10.24229,-9.93282,0.57553,3.99306,-3.98662
2022,05,06,23:20:04.015,-0.00069,-0.00350,-0.27034,-0.00061,-0.00908,-0.83331,-0.00068,-0.01180,-1.09435,-0.00060,-0.01314,-1.22869,-0.00053,-0.01005,-0.92612,-1.66998,-0.00002,-0.01176,-1.08327,-1.73784,-0.00980,-0.88205,-1.17662,-0.01318,-1.22134,-0.97810,-1.31610,-10.20806,-9.90251,0.57555,3.99304,-3.98656
2022,05,06,23:20:04.265,-0.00066,-0.00334,-0.25928,-0.00066,-0.00922,-0.83976,-0.00070,-0.01190,-1.10277,-0.00065,-0.01354,-1.26998,-0.00058,-0.01033,-0.94853,-1.66994,0.00002,-0.01170,-1.08352,-1.73775,-0.00975,-0.88245,-1.17676,-0.01316,-1.22107,-0.97863,-1.31619,-10.23348,-9.92465,0.57557,3.99308,-3.98669
2022,05,06,23:20:04.516,-0.00067,-0.00335,-0.24745,-0.00060,-0.00915,-0.83752,-0.00065,-0.01191,-1.11165,-0.00063,-0.01370,-1.29094,-0.00056,-0.01037,-0.96064,-1.67002,-0.00005,-0.01177,-1.08429,-1.73801,-0.00978,-0.88272,-1.17747,-0.01320,-1.22178,-0.97898,-1.31648,-10.19656,-9.89673,0.57554,3.99314,-3.98654
2022,05,06,23:20:04.766,-0.00065,-0.00344,-0.26717,-0.00063,-0.00919,-0.83594,-0.00061,-0.01194,-1.10866,-0.00067,-0.01379,-1.29406,-0.00062,-0.01045,-0.96315,-1.67000,0.00000,-0.01177,-1.08442,-1.73796,-0.00977,-0.88365,-1.17767,-0.01312,-1.22162,-0.97979,-1.31667,-10.23595,-9.91575,0.57556,3.99307,-3.98659
2022,05,06,23:20:05.016,-0.00067,-0.00347,-0.26492,-0.00059,-0.00919,-0.84121,-0.00067,-0.01186,-1.10564,-0.00059,-0.01373,-1.29049,-0.00058,-0.01040,-0.95885,-1.66998,-0.00002,-0.01175,-1.08464,-1.73756,-0.00978,-0.88385,-1.17783,-0.01320,-1.22201,-0.97995,-1.31684,-10.21408,-9.90167,0.57551,3.99310,-3.98651
2022,05,06,23:20:05.265,-0.00059,-0.00345,-0.26645,-0.00063,-0.00925,-0.84374,-0.00068,-0.01190,-1.10458,-0.00063,-0.01373,-1.29080,-0.00060,-0.01050,-0.95821,-1.67001,0.00006,-0.01174,-1.08662,-1.73803,-0.00978,-0.88391,-1.17984,-0.01319,-1.22206,-0.98007,-1.31708,-10.24441,-9.93177,0.57553,3.99308,-3.98661
2022,05,06,23:20:05.515,-0.00069,-0.00344,-0.26608,-0.00069,-0.00925,-0.84557,-0.00065,-0.01179,-1.10348,-0.00064,-0.01371,-1.29002,-0.00055,-0.01060,-0.97883,-1.66999,-0.00004,-0.01180,-1.08683,-1.73788,-0.00981,-0.88464,-1.18013,-0.01314,-1.22260,-0.98067,-1.31730,-10.21424,-9.90776,0.57545,3.99313,-3.98651
2022,05,06,23:20:05.765,-0.00065,-0.00357,-0.27663,-0.00067,-0.00928,-0.84287,-0.00066,-0.01191,-1.10829,-0.00072,-0.01378,-1.29523,-0.00062,-0.01062,-0.98113,-1.67002,0.00001,-0.01173,-1.08723,-1.73761,-0.00978,-0.88459,-1.18049,-0.01317,-1.22244,-0.98063,-1.31748,-10.24576,-9.93388,0.57552,3.99305,-3.98659
2022,05,06,23:20:06.015,-0.00066,-0.00351,-0.27045,-0.00063,-0.00917,-0.84108,-0.00065,-0.01182,-1.10613,-0.00062,-0.01373,-1.29063,-0.00055,-0.01056,-0.97586,-1.67003,0.00003,-0.01176,-1.08757,-1.73819,-0.00984,-0.88502,-1.18085,-0.01317,-1.22280,-0.98111,-1.31756,-10.21491,-9.90341,0.57546,3.99306,-3.98651
2022,05,06,23:20:06.266,-0.00064,-0.00355,-0.27185,-0.00067,-0.00921,-0.84049,-0.00069,-0.01185,-1.10423,-0.00066,-0.01371,-1.28565,-0.00061,-0.01066,-0.98305,-1.67007,0.00001,-0.01176,-1.08786,-1.73824,-0.00977,-0.88473,-1.18101,-0.01313,-1.22243,-0.98109,-1.31753,-10.24172,-9.93290,0.57555,3.99305,-3.98656
2022,05,06,23:20:06.515,-0.00069,-0.00337,-0.25814,-0.00065,-0.00899,-0.82192,-0.00065,-0.01191,-1.11136,-0.00064,-0.01371,-1.28791,-0.00057,-0.01063,-0.98416,-1.67003,-0.00003,-0.01176,-1.08618,-1.73802,-0.00978,-0.88524,-1.17940,-0.01318,-1.22300,-0.98121,-1.31788,-10.20340,-9.90140,0.57549,3.99305,-3.98663
2022,05,06,23:20:06.765,-0.00064,-0.00349,-0.26616,-0.00062,-0.00903,-0.82270,-0.00065,-0.01188,-1.10798,-0.00065,-0.01366,-1.28769,-0.00058,-0.01061,-0.98232,-1.67001,-0.00000,-0.01171,-1.08624,-1.73782,-0.00977,-0.88475,-1.17958,-0.01317,-1.22269,-0.98116,-1.31773,-10.22758,-9.92170,0.57556,3.99304,-3.98661
2022,05,06,23:20:07.015,-0.00070,-0.00350,-0.26917,-0.00062,-0.00900,-0.82447,-0.00064,-0.01183,-1.10525,-0.00060,-0.01365,-1.28469,-0.00057,-0.01065,-0.97726,-1.66997,-0.00001,-0.01175,-1.08639,-1.73892,-0.00982,-0.88542,-1.17971,-0.01320,-1.22299,-0.98153,-1.31774,-10.21672,-9.89560,0.57549,3.99311,-3.98657
2022,05,06,23:20:07.266,-0.00062,-0.00347,-0.27012,-0.00063,-0.00908,-0.82174,-0.00066,-0.01191,-1.10591,-0.00069,-0.01367,-1.28583,-0.00060,-0.01026,-0.94388,-1.66998,0.00004,-0.01175,-1.08672,-1.73910,-0.00981,-0.88548,-1.17989,-0.01318,-1.22277,-0.98155,-1.31775,-10.24275,-9.92151,0.57557,3.99303,-3.98655
2022,05,06,23:20:07.515,-0.00069,-0.00351,-0.27146,-0.00059,-0.00904,-0.82433,-0.00064,-0.01179,-1.10201,-0.00059,-0.01362,-1.28360,-0.00057,-0.01026,-0.94530,-1.67002,-0.00001,-0.01178,-1.08678,-1.73902,-0.00981,-0.88612,-1.17997,-0.01321,-1.22313,-0.98227,-1.31785,-10.21572,-9.90715,0.57550,3.99306,-3.98660
2022,05,06,23:20:07.765,-0.00056,-0.00342,-0.26822,-0.00067,-0.00909,-0.82693,-0.00067,-0.01187,-1.10514,-0.00066,-0.01371,-1.28636,-0.00060,-0.01029,-0.93537,-1.67001,0.00003,-0.01173,-1.08666,-1.73847,-0.00979,-0.88581,-1.17991,-0.01315,-1.22288,-0.98216,-1.31782,-10.24522,-9.93660,0.57554,3.99305,-3.98657
2022,05,06,23:20:08.016,-0.00072,-0.00364,-0.28067,-0.00062,-0.00895,-0.81936,-0.00064,-0.01186,-1.11034,-0.00067,-0.01365,-1.28724,-0.00056,-0.01024,-0.94200,-1.67002,-0.00006,-0.01176,-1.08671,-1.73884,-0.00982,-0.88592,-1.18008,-0.01318,-1.22334,-0.98178,-1.31808,-10.21531,-9.90708,0.57545,3.99311,-3.98648
2022,05,06,23:20:08.266,-0.00063,-0.00351,-0.27154,-0.00062,-0.00916,-0.83251,-0.00069,-0.01198,-1.11071,-0.00066,-0.01367,-1.28744,-0.00061,-0.01035,-0.94905,-1.67003,0.00008,-0.01175,-1.08692,-1.73900,-0.00979,-0.88530,-1.18010,-0.01318,-1.22278,-0.98174,-1.31780,-10.24499,-9.93122,0.57549,3.99298,-3.98658
2022,05,06,23:20:08.516,-0.00072,-0.00353,-0.26877,-0.00063,-0.00908,-0.82775,-0.00063,-0.01184,-1.10530,-0.00060,-0.01370,-1.28824,-0.00056,-0.01020,-0.94183,-1.67003,0.00003,-0.01181,-1.08701,-1.73885,-0.00987,-0.88566,-1.18033,-0.01315,-1.22314,-0.98164,-1.31784,-10.21364,-9.90702,0.57550,3.99307,-3.98653
2022,05,06,23:20:08.766,-0.00064,-0.00352,-0.27291,-0.00063,-0.00911,-0.82665,-0.00070,-0.01193,-1.11247,-0.00068,-0.01367,-1.28506,-0.00064,-0.01031,-0.94388,-1.67004,-0.00000,-0.01173,-1.08703,-1.73889,-0.00985,-0.88551,-1.18015,-0.01312,-1.22272,-0.98183,-1.31774,-10.23701,-9.92958,0.57550,3.99304,-3.98666
2022,05,06,23:20:09.015,-0.00065,-0.00359,-0.27666,-0.00063,-0.00906,-0.83149,-0.00065,-0.01197,-1.11353,-0.00060,-0.01364,-1.28291,-0.00054,-0.01021,-0.93839,-1.66998,-0.00002,-0.01179,-1.08695,-1.73872,-0.00982,-0.88615,-1.18021,-0.01320,-1.22326,-0.98222,-1.31793,-10.19976,-9.89746,0.57548,3.99306,-3.98660
2022,05,06,23:20:09.266,-0.00059,-0.00358,-0.27579,-0.00063,-0.00907,-0.82834,-0.00064,-0.01197,-1.11143,-0.00064,-0.01383,-1.29631,-0.00064,-0.01027,-0.94257,-1.66999,0.00002,-0.01176,-1.08689,-1.73865,-0.00979,-0.88571,-1.18015,-0.01313,-1.22299,-0.98188,-1.31798,-10.23588,-9.91712,0.57556,3.99308,-3.98664
2022,05,06,23:20:09.515,-0.00071,-0.00346,-0.26867,-0.00056,-0.00906,-0.82876,-0.00062,-0.01187,-1.10671,-0.00061,-0.01364,-1.28544,-0.00062,-0.01029,-0.94492,-1.67003,0.00001,-0.01182,-1.08719,-1.73845,-0.00987,-0.88648,-1.18048,-0.01322,-1.22336,-0.98266,-1.31804,-10.21060,-9.90259,0.57548,3.99308,-3.98659
2022,05,06,23:20:09.766,-0.00061,-0.00351,-0.27297,-0.00066,-0.00903,-0.82469,-0.00067,-0.01195,-1.10923,-0.00069,-0.01374,-1.29007,-0.00062,-0.01026,-0.94350,-1.67002,0.00005,-0.01175,-1.08761,-1.73875,-0.00978,-0.88646,-1.18085,-0.01318,-1.22327,-0.98274,-1.31825,-10.24560,-9.93500,0.57552,3.99307,-3.98659
2022,05,06,23:20:10.016,-0.00070,-0.00338,-0.25937,-0.00064,-0.00905,-0.81929,-0.00063,-0.01187,-1.10704,-0.00062,-0.01368,-1.29126,-0.00054,-0.01033,-0.95106,-1.67002,0.00005,-0.01176,-1.08762,-1.73880,-0.00982,-0.88660,-1.18092,-0.01320,-1.22375,-0.98264,-1.31832,-10.21716,-9.90886,0.57547,3.99308,-3.98653
2022,05,06,23:20:10.265,-0.00066,-0.00355,-0.27309,-0.00060,-0.00904,-0.81939,-0.00064,-0.01186,-1.10887,-0.00067,-0.01376,-1.29431,-0.00056,-0.01033,-0.94530,-1.67002,-0.00001,-0.01178,-1.08755,-1.73796,-0.00986,-0.88664,-1.18088,-0.01316,-1.22351,-0.98282,-1.31818,-10.21434,-9.90747,0.57551,3.99305,-3.98650
2022,05,06,23:20:10.516,-0.00065,-0.00345,-0.26894,-0.00061,-0.00914,-0.82385,-0.00067,-0.01198,-1.11485,-0.00070,-0.01371,-1.29139,-0.00059,-0.01030,-0.94157,-1.67005,0.00004,-0.01177,-1.08796,-1.73860,-0.00981,-0.88661,-1.18120,-0.01314,-1.22308,-0.98304,-1.31820,-10.24493,-9.93148,0.57552,3.99305,-3.98659
2022,05,06,23:20:10.765,-0.00076,-0.00352,-0.27027,-0.00061,-0.00901,-0.82007,-0.00065,-0.01192,-1.11318,-0.00066,-0.01376,-1.29346,-0.00061,-0.01026,-0.94233,-1.66997,0.00001,-0.01177,-1.08775,-1.73840,-0.00985,-0.88691,-1.18109,-0.01316,-1.22350,-0.98302,-1.31823,-10.21265,-9.90299,0.57548,3.99306,-3.98655
2022,05,06,23:20:11.015,-0.00067,-0.00369,-0.28771,-0.00065,-0.00906,-0.81588,-0.00071,-0.01204,-1.11588,-0.00064,-0.01368,-1.28248,-0.00067,-0.01024,-0.94090,-1.67002,0.00004,-0.01176,-1.08761,-1.73824,-0.00977,-0.88648,-1.18095,-0.01315,-1.22339,-0.98245,-1.31840,-10.23709,-9.93067,0.57549,3.99302,-3.98662
2022,05,06,23:20:11.266,-0.00070,-0.00355,-0.27153,-0.00062,-0.00905,-0.82454,-0.00066,-0.01185,-1.11124,-0.00057,-0.01363,-1.28476,-0.00056,-0.01013,-0.92980,-1.67002,-0.00003,-0.01178,-1.08790,-1.73842,-0.00984,-0.88688,-1.18120,-0.01320,-1.22518,-0.98290,-1.31999,-10.20030,-9.90128,0.57546,3.99306,-3.98658
2022,05,06,23:20:11.515,-0.00065,-0.00360,-0.28069,-0.00064,-0.00902,-0.82136,-0.00063,-0.01195,-1.11088,-0.00065,-0.01376,-1.29322,-0.00070,-0.01021,-0.93760,-1.67004,0.00004,-0.01173,-1.08793,-1.73697,-0.00982,-0.88679,-1.18111,-0.01316,-1.22488,-0.98309,-1.31988,-10.23553,-9.91450,0.57549,3.99300,-3.98660
2022,05,06,23:20:11.765,-0.00065,-0.00359,-0.27951,-0.00061,-0.00910,-0.83209,-0.00067,-0.01194,-1.11220,-0.00061,-0.01365,-1.28420,-0.00063,-0.01017,-0.93686,-1.67001,-0.00002,-0.01179,-1.08824,-1.73725,-0.00984,-0.88730,-1.18140,-0.01319,-1.22533,-0.98333,-1.32006,-10.21596,-9.90134,0.57548,3.99309,-3.98655
2022,05,06,23:20:12.015,-0.00066,-0.00358,-0.27451,-0.00067,-0.00915,-0.83097,-0.00070,-0.01191,-1.10684,-0.00070,-0.01369,-1.28673,-0.00061,-0.01032,-0.94341,-1.66998,-0.00003,-0.01184,-1.08802,-1.73718,-0.00979,-0.88666,-1.18125,-0.01320,-1.22504,-0.98269,-1.32008,-10.24431,-9.93773,0.57551,3.99307,-3.98656
2022,05,06,23:20:12.265,-0.00068,-0.00345,-0.26355,-0.00061,-0.00910,-0.83015,-0.00065,-0.01186,-1.10798,-0.00059,-0.01376,-1.29549,-0.00058,-0.01022,-0.93675,-1.66999,-0.00001,-0.01179,-1.08843,-1.73731,-0.00981,-0.88714,-1.18180,-0.01321,-1.22600,-0.98349,-1.32074,-10.20699,-9.89806,0.57544,3.99310,-3.98661
2022,05,06,23:20:12.515,-0.00065,-0.00351,-0.27075,-0.00066,-0.00914,-0.83045,-0.00062,-0.01189,-1.11039,-0.00070,-0.01378,-1.29467,-0.00063,-0.01020,-0.93571,-1.67005,0.00002,-0.01185,-1.09007,-1.73712,-0.00985,-0.88922,-1.18333,-0.01319,-1.22641,-0.98561,-1.32140,-10.24111,-9.92719,0.57548,3.99296,-3.98652
2022,05,06,23:20:12.765,-0.00064,-0.00353,-0.27305,-0.00062,-0.00902,-0.82254,-0.00064,-0.01192,-1.11289,-0.00065,-0.01381,-1.29340,-0.00056,-0.01020,-0.93816,-1.67006,0.00000,-0.01178,-1.09104,-1.73764,-0.00993,-0.89001,-1.18437,-0.01328,-1.22700,-0.98610,-1.32171,-10.21304,-9.90698,0.57548,3.99302,-3.98654
2022,05,06,23:20:13.016,-0.00063,-0.00347,-0.26778,-0.00060,-0.00911,-0.82942,-0.00070,-0.01190,-1.10621,-0.00066,-0.01382,-1.28749,-0.00063,-0.01025,-0.93788,-1.67011,0.00002,-0.01178,-1.09145,-1.73747,-0.00985,-0.89052,-1.18456,-0.01321,-1.22647,-0.98653,-1.32143,-10.24231,-9.93017,0.57553,3.99301,-3.98662
2022,05,06,23:20:13.266,-0.00071,-0.00349,-0.27009,-0.00062,-0.00904,-0.82297,-0.00060,-0.01188,-1.10768,-0.00058,-0.01380,-1.29112,-0.00055,-0.01020,-0.93726,-1.66998,-0.00002,-0.01176,-1.09158,-1.73742,-0.00987,-0.89093,-1.18475,-0.01325,-1.22714,-0.98685,-1.32188,-10.21061,-9.90373,0.57548,3.99304,-3.98654
2022,05,06,23:20:13.515,-0.00064,-0.00341,-0.26805,-0.00063,-0.00911,-0.82705,-0.00071,-0.01190,-1.11066,-0.00071,-0.01378,-1.29492,-0.00064,-0.01017,-0.93916,-1.67001,-0.00002,-0.01177,-1.09157,-1.73762,-0.00980,-0.89049,-1.18476,-0.01320,-1.22658,-0.98669,-1.32160,-10.22915,-9.92480,0.57553,3.99306,-3.98661
2022,05,06,23:20:13.767,-0.00063,-0.00358,-0.27628,-0.00060,-0.00897,-0.81707,-0.00068,-0.01192,-1.11195,-0.00060,-0.01367,-1.29094,-0.00057,-0.01018,-0.93996,-1.66996,-0.00003,-0.01184,-1.09125,-1.73723,-0.00984,-0.89073,-1.18451,-0.01323,-1.22694,-0.98678,-1.32170,-10.20380,-9.89415,0.57549,3.99310,-3.98657
2022,05,06,23:20:14.017,-0.00063,-0.00339,-0.26209,-0.00066,-0.00903,-0.82259,-0.00063,-0.01195,-1.10715,-0.00069,-0.01375,-1.29076,-0.00061,-0.01017,-0.92985,-1.66999,0.00003,-0.01183,-1.09126,-1.73748,-0.00984,-0.89009,-1.18449,-0.01315,-1.22649,-0.98652,-1.32150,-10.23679,-9.91720,0.57554,3.99305,-3.98658
2022,05,06,23:20:14.266,-0.00071,-0.00353,-0.27421,-0.00066,-0.00895,-0.81877,-0.00063,-0.01191,-1.10602,-0.00060,-0.01366,-1.28891,-0.00059,-0.01020,-0.93882,-1.66999,-0.00002,-0.01179,-1.09105,-1.73734,-0.00984,-0.89047,-1.18437,-0.01320,-1.22670,-0.98670,-1.32150,-10.23966,-9.93819,0.57547,3.99305,-3.98658
2022,05,06,23:20:14.516,-0.00060,-0.00349,-0.27030,-0.00066,-0.00902,-0.81774,-0.00064,-0.01190,-1.10481,-0.00065,-0.01375,-1.29141,-0.00064,-0.01029,-0.93889,-1.67005,0.00006,-0.01176,-1.09116,-1.73724,-0.00983,-0.89010,-1.18436,-0.01325,-1.22678,-0.98625,-1.32180,-10.24542,-9.93456,0.57546,3.99298,-3.98657
2022,05,06,23:20:14.767,-0.00067,-0.00371,-0.28992,-0.00065,-0.00909,-0.82477,-0.00067,-0.01196,-1.11525,-0.00065,-0.01370,-1.28913,-0.00060,-0.01015,-0.93662,-1.67002,0.00000,-0.01183,-1.09125,-1.73717,-0.00989,-0.89047,-1.18447,-0.01324,-1.22704,-0.98650,-1.32171,-10.22946,-9.91754,0.57542,3.99301,-3.98653
2022,05,06,23:20:15.017,-0.00066,-0.00349,-0.26777,-0.00070,-0.00940,-0.85619,-0.00068,-0.01192,-1.10875,-0.00069,-0.01375,-1.29519,-0.00062,-0.01021,-0.93931,-1.67004,0.00008,-0.01181,-1.09115,-1.73682,-0.00984,-0.88988,-1.18434,-0.01322,-1.22667,-0.98617,-1.32166,-10.24329,-9.93251,0.57546,3.99302,-3.98658
2022,05,06,23:20:15.267,-0.00071,-0.00348,-0.26892,-0.00063,-0.00946,-0.86541,-0.00068,-0.01200,-1.11939,-0.00062,-0.01374,-1.29149,-0.00058,-0.01012,-0.93303,-1.67003,0.00003,-0.01182,-1.09089,-1.73710,-0.00992,-0.89005,-1.18416,-0.01323,-1.22684,-0.98607,-1.32162,-10.21465,-9.90569,0.57547,3.99302,-3.98658
2022,05,06,23:20:15.517,-0.00067,-0.00346,-0.26433,-0.00060,-0.00943,-0.85970,-0.00069,-0.01196,-1.11455,-0.00066,-0.01378,-1.29118,-0.00063,-0.01025,-0.94104,-1.67002,0.00001,-0.01179,-1.09099,-1.73693,-0.00991,-0.89015,-1.18416,-0.01319,-1.22651,-0.98613,-1.32162,-10.24276,-9.92823,0.57541,3.99296,-3.98657
2022,05,06,23:20:15.767,-0.00071,-0.00341,-0.26665,-0.00060,-0.00939,-0.86394,-0.00064,-0.01203,-1.11559,-0.00057,-0.01370,-1.29014,-0.00059,-0.01012,-0.92996,-1.67003,-0.00001,-0.01185,-1.09091,-1.73633,-0.00988,-0.88999,-1.18416,-0.01324,-1.22679,-0.98594,-1.32155,-10.20674,-9.90396,0.57545,3.99304,-3.98657
2022,05,06,23:20:16.016,-0.00063,-0.00354,-0.26897,-0.00066,-0.00946,-0.86066,-0.00069,-0.01195,-1.11589,-0.00074,-0.01372,-1.28679,-0.00066,-0.01022,-0.93709,-1.67005,-0.00003,-0.01177,-1.09086,-1.73623,-0.00979,-0.88955,-1.18401,-0.01318,-1.22646,-0.98605,-1.32145,-10.23009,-9.92406,0.57553,3.99298,-3.98662
2022,05,06,23:20:16.266,-0.00071,-0.00355,-0.27433,-0.00059,-0.00933,-0.85301,-0.00061,-0.01194,-1.11210,-0.00064,-0.01367,-1.28885,-0.00062,-0.01014,-0.92992,-1.67002,-0.00001,-0.01187,-1.09063,-1.73587,-0.00988,-0.88970,-1.18408,-0.01322,-1.22654,-0.98579,-1.32130,-10.20886,-9.88343,0.57544,3.99306,-3.98654
2022,05,06,23:20:16.516,-0.00067,-0.00373,-0.29486,-0.00064,-0.00905,-0.82123,-0.00069,-0.01195,-1.11260,-0.00070,-0.01379,-1.29841,-0.00065,-0.01015,-0.93066,-1.66998,0.00001,-0.01183,-1.09089,-1.73646,-0.00980,-0.88891,-1.18407,-0.01323,-1.22633,-0.98530,-1.32139,-10.24580,-9.93060,0.57546,3.99299,-3.98660
2022,05,06,23:20:16.766,-0.00068,-0.00347,-0.27026,-0.00066,-0.00903,-0.82405,-0.00061,-0.01185,-1.10119,-0.00062,-0.01378,-1.29628,-0.00057,-0.01023,-0.93949,-1.67000,-0.00004,-0.01188,-1.09085,-1.73664,-0.00983,-0.88925,-1.18405,-0.01323,-1.22801,-0.98521,-1.32267,-10.21424,-9.90872,0.57544,3.99306,-3.98653
2022,05,06,23:20:17.016,-0.00066,-0.00356,-0.27989,-0.00064,-0.00906,-0.82503,-0.00072,-0.01195,-1.11344,-0.00065,-0.01379,-1.29651,-0.00062,-0.01024,-0.93815,-1.67007,0.00004,-0.01176,-1.09057,-1.73637,-0.00981,-0.88908,-1.18380,-0.01322,-1.22749,-0.98552,-1.32256,-10.24432,-9.93325,0.57548,3.99304,-3.98661
2022,05,06,23:20:17.266,-0.00065,-0.00343,-0.26238,-0.00065,-0.00913,-0.82977,-0.00062,-0.01192,-1.10925,-0.00064,-0.01380,-1.29270,-0.00058,-0.01021,-0.94118,-1.67002,-0.00003,-0.01180,-1.09065,-1.73637,-0.00988,-0.88942,-1.18397,-0.01323,-1.22777,-0.98556,-1.32252,-10.21569,-9.90538,0.57544,3.99302,-3.98654
2022,05,06,23:20:17.516,-0.00065,-0.00365,-0.28954,-0.00069,-0.00911,-0.82715,-0.00071,-0.01195,-1.11619,-0.00065,-0.01374,-1.29327,-0.00059,-0.01024,-0.94024,-1.67004,0.00001,-0.01175,-1.09027,-1.73631,-0.00990,-0.88922,-1.18353,-0.01316,-1.22715,-0.98555,-1.32222,-10.24294,-9.93218,0.57541,3.99292,-3.98658
2022,05,06,23:20:17.766,-0.00069,-0.00380,-0.30089,-0.00060,-0.00907,-0.82759,-0.00057,-0.01192,-1.11224,-0.00064,-0.01381,-1.29683,-0.00063,-0.01022,-0.94120,-1.67003,-0.00003,-0.01180,-1.09007,-1.73596,-0.00990,-0.88923,-1.18346,-0.01322,-1.22750,-0.98522,-1.32226,-10.24969,-9.92924,0.57541,3.99302,-3.98657
2022,05,06,23:20:18.016,-0.00067,-0.00370,-0.28971,-0.00064,-0.00903,-0.82037,-0.00064,-0.01204,-1.12246,-0.00063,-0.01377,-1.29566,-0.00057,-0.01011,-0.93585,-1.66999,-0.00010,-0.01180,-1.09006,-1.73597,-0.00985,-0.88938,-1.18343,-0.01330,-1.22753,-0.98525,-1.32229,-10.20987,-9.90311,0.57545,3.99300,-3.98659
2022,05,06,23:20:18.267,-0.00069,-0.00365,-0.28483,-0.00071,-0.00908,-0.82902,-0.00075,-0.01212,-1.13006,-0.00067,-0.01380,-1.29293,-0.00063,-0.01028,-0.94017,-1.67006,0.00007,-0.01175,-1.08985,-1.73599,-0.00984,-0.88869,-1.18304,-0.01318,-1.22715,-0.98499,-1.32229,-10.22496,-9.92444,0.57542,3.99294,-3.98659
2022,05,06,23:20:18.516,-0.00066,-0.00363,-0.28879,-0.00062,-0.00904,-0.82558,-0.00067,-0.01214,-1.13146,-0.00061,-0.01375,-1.29993,-0.00059,-0.01022,-0.93727,-1.66997,-0.00002,-0.01188,-1.09027,-1.73611,-0.00990,-0.88890,-1.18354,-0.01320,-1.22766,-0.98508,-1.32237,-10.21070,-9.88684,0.57542,3.99299,-3.98647
2022,05,06,23:20:18.767,-0.00062,-0.00360,-0.27345,-0.00068,-0.00906,-0.82483,-0.00068,-0.01213,-1.12807,-0.00065,-0.01388,-1.30248,-0.00062,-0.01017,-0.93916,-1.67000,0.00002,-0.01185,-1.09032,-1.73614,-0.00982,-0.88940,-1.18343,-0.01319,-1.22725,-0.98551,-1.32223,-10.24512,-9.92684,0.57548,3.99300,-3.98655
2022,05,06,23:20:19.016,-0.00071,-0.00355,-0.27905,-0.00063,-0.00906,-0.82612,-0.00068,-0.01205,-1.12432,-0.00063,-0.01372,-1.29336,-0.00056,-0.01024,-0.94220,-1.66998,0.00004,-0.01184,-1.09063,-1.73614,-0.00986,-0.88959,-1.18372,-0.01327,-1.22768,-0.98567,-1.32234,-10.20994,-9.90136,0.57537,3.99304,-3.98653
2022,05,06,23:20:19.266,-0.00064,-0.00350,-0.27335,-0.00065,-0.00906,-0.82366,-0.00067,-0.01205,-1.12175,-0.00067,-0.01376,-1.28631,-0.00064,-0.01021,-0.93542,-1.67001,0.00004,-0.01177,-1.09058,-1.73594,-0.00984,-0.88966,-1.18374,-0.01319,-1.22742,-0.98583,-1.32237,-10.24445,-9.93493,0.57542,3.99298,-3.98661
2022,05,06,23:20:19.517,-0.00074,-0.00348,-0.26746,-0.00062,-0.00895,-0.81677,-0.00068,-0.01202,-1.12462,-0.00067,-0.01380,-1.29577,-0.00058,-0.01016,-0.93396,-1.66996,-0.00001,-0.01184,-1.09066,-1.73616,-0.00984,-0.88975,-1.18401,-0.01320,-1.22765,-0.98593,-1.32228,-10.22798,-9.91229,0.57539,3.99308,-3.98654
2022,05,06,23:20:19.767,-0.00064,-0.00362,-0.28398,-0.00060,-0.00911,-0.82366,-0.00066,-0.01209,-1.12830,-0.00066,-0.01375,-1.28915,-0.00061,-0.01017,-0.93094,-1.67001,-0.00002,-0.01176,-1.09050,-1.73673,-0.00982,-0.88960,-1.18382,-0.01316,-1.22729,-0.98600,-1.32228,-10.24188,-9.92869,0.57551,3.99299,-3.98652
