%Mission: MLO2022
%Operator: 
%Time: 2022,05,14,20:41:43.918
%File: C:\Users\pop\Documents\5STARG_Data\5STARG_20220514_204143_RADIOMETERS.dat
%Notes: 
YYYY,MM,DD,hh:mm:ss,state,elev_set,azi_set,elev_pid_out,azi_pid_out,CH1_0,CH1_2,CH1_4,CH2_0,CH2_2,CH2_4,CH3_0,CH3_2,CH3_4,CH4_0,CH4_2,CH4_4,CH5_0,CH5_2,CH5_4,Here,CH6_0,CH6_2,CH6_4,CH7_0,CH7_2,CH7_4,CH8_0,CH8_2,CH8_4,CH9_0,CH9_2,CH9_4,SPARE,5vRef_Temp,12POS_0_33,12NEG_0_33
2022,05,14,20:41:44.130,sun,0.000,0.000000,0.309373,19.784032,0.20449,-0.00090,-0.00080,0.18977,-0.00089,-0.00078,0.19339,-0.00099,-0.00089,0.19027,-0.00094,-0.00078,0.20539,-0.00084,-0.00075,-0.00036,-0.00059,0.28849,-0.00070,-0.00084,0.29284,-0.00074,-0.00083,0.29555,-0.00077,-0.00082,-0.00088,-0.00086,-0.73239,0.00062,-0.00010,-0.00080
2022,05,14,20:43:31.932,sun,0.000,0.000000,0.307512,24.637995,-1.37679,-10.27674,-9.71698,-1.57518,-10.14260,-9.67048,-1.67159,-10.13776,-9.69270,-1.75651,-10.16759,-9.71705,-1.45689,-10.20161,-9.69274,-1.66923,0.00184,-1.65385,-10.21692,-9.65871,-0.36684,-10.09351,-9.71063,-1.41449,-10.08355,-9.67581,-9.61951,-9.61607,-9.72601,0.57108,3.98653,-3.96940
2022,05,14,20:43:32.130,sun,0.000,0.000000,0.155915,19.812114,-1.46663,-10.29761,-9.72853,-1.70400,-10.16871,-9.67983,-1.85680,-10.13404,-9.68710,-1.88104,-10.15102,-9.71078,-1.56456,-10.21391,-9.69237,-1.66917,0.00184,-1.80664,-10.22786,-9.66819,-0.51909,-10.10150,-9.69845,-1.46693,-10.10512,-9.69364,-9.63635,-9.63585,-9.75965,0.57103,3.98647,-3.96949
2022,05,14,20:43:32.380,sun,0.000,0.000000,-0.090613,26.978230,-1.46661,-10.29560,-9.74380,-1.70262,-10.19255,-9.70838,-1.85698,-10.15874,-9.71129,-1.88097,-10.19812,-9.68359,-1.56421,-10.14994,-9.67026,-1.66923,0.00179,-1.80761,-10.19954,-9.63326,-0.51926,-10.06673,-9.67940,-1.46909,-10.07338,-9.69543,-9.64310,-9.64124,-9.76463,0.57107,3.98649,-3.96953
2022,05,14,20:43:32.629,sun,0.000,0.000000,0.007317,18.717874,-1.46728,-10.28687,-9.72151,-1.70270,-10.16691,-9.68663,-1.85717,-10.10368,-9.68052,-1.88078,-10.15012,-9.70082,-1.56361,-10.18317,-9.69178,-1.66919,0.00186,-1.80752,-10.23066,-9.67219,-0.52038,-10.11662,-9.68710,-1.46888,-10.09983,-9.70005,-9.64498,-9.62169,-9.73492,0.57108,3.98654,-3.96954
2022,05,14,20:43:32.879,sun,0.000,0.000000,0.019515,11.751145,-1.46687,-10.31451,-9.73289,-1.70162,-10.21464,-9.72193,-1.85726,-10.16824,-9.70723,-1.88057,-10.19968,-9.71194,-1.56397,-10.15914,-9.67659,-1.66924,0.00183,-1.80662,-10.18953,-9.63503,-0.52030,-10.08482,-9.66736,-1.46899,-10.07249,-9.69659,-9.66396,-9.65137,-9.74351,0.57111,3.98653,-3.96950
2022,05,14,20:43:33.130,sun,0.000,0.000000,0.006917,7.668885,-1.46744,-10.29308,-9.71989,-1.70175,-10.16274,-9.68936,-1.85761,-10.12925,-9.67438,-1.88053,-10.15264,-9.70874,-1.56357,-10.18677,-9.68975,-1.66914,0.00184,-1.80587,-10.21626,-9.66065,-0.52031,-10.11441,-9.70218,-1.46860,-10.09404,-9.69717,-9.63835,-9.63294,-9.73812,0.57107,3.98652,-3.96953
2022,05,14,20:43:33.380,sun,0.000,0.000000,-0.004070,3.346580,-1.46714,-10.31080,-9.73811,-1.70133,-10.19059,-9.70574,-1.85678,-10.17154,-9.69813,-1.88041,-10.19414,-9.70327,-1.56317,-10.15241,-9.66985,-1.66919,0.00183,-1.80575,-10.17995,-9.61595,-0.51964,-10.07952,-9.66980,-1.46860,-10.06647,-9.69985,-9.66243,-9.65886,-9.75537,0.57106,3.98651,-3.96955
2022,05,14,20:43:33.630,sun,0.000,0.000000,-0.001310,2.776602,-1.46811,-10.29004,-9.72546,-1.70270,-10.14657,-9.68817,-1.85373,-10.13549,-9.67914,-1.88033,-10.14493,-9.70784,-1.56339,-10.20961,-9.68583,-1.66920,0.00188,-1.80538,-10.22077,-9.65259,-0.51920,-10.11338,-9.70064,-1.46852,-10.08486,-9.68982,-9.64331,-9.62803,-9.72281,0.57109,3.98652,-3.96951
2022,05,14,20:43:33.879,sun,0.000,0.000000,-0.000555,5.214534,-1.46622,-10.30791,-9.74829,-1.70047,-10.20204,-9.71499,-1.85531,-10.17725,-9.70973,-1.88013,-10.18882,-9.70365,-1.56277,-10.17173,-9.67008,-1.66913,0.00184,-1.80491,-10.20202,-9.63537,-0.51990,-10.08159,-9.67567,-1.46843,-10.07442,-9.67536,-9.65917,-9.65458,-9.74578,0.57110,3.98656,-3.96953
2022,05,14,20:43:34.129,sun,0.000,0.000000,-0.003695,5.412026,-1.46637,-10.28452,-9.72516,-1.70043,-10.16772,-9.67492,-1.85544,-10.12663,-9.68310,-1.88008,-10.12488,-9.69328,-1.56272,-10.18889,-9.68933,-1.66924,0.00188,-1.80450,-10.23434,-9.67322,-0.51961,-10.10548,-9.69773,-1.46776,-10.09574,-9.68077,-9.63880,-9.63262,-9.72197,0.57113,3.98651,-3.96955
2022,05,14,20:43:34.379,sun,0.000,0.000000,-0.003451,-3.170721,-1.46711,-10.26976,-9.71239,-1.70095,-10.16463,-9.67222,-1.85541,-10.11935,-9.68037,-1.88001,-10.15724,-9.69887,-1.56267,-10.19800,-9.69847,-1.66917,0.00183,-1.80419,-10.23510,-9.67219,-0.51919,-10.09046,-9.69808,-1.46793,-10.09366,-9.68275,-9.62741,-9.63119,-9.72200,0.57111,3.98655,-3.96954
2022,05,14,20:43:34.630,sun,0.000,0.000000,-0.000250,-5.170648,-1.46728,-10.31369,-9.75080,-1.70080,-10.19814,-9.71439,-1.85559,-10.17236,-9.70867,-1.87989,-10.20884,-9.68411,-1.56288,-10.14728,-9.66693,-1.66916,0.00186,-1.80443,-10.20157,-9.63995,-0.51987,-10.07056,-9.66994,-1.46766,-10.08125,-9.69827,-9.65372,-9.65129,-9.73872,0.57112,3.98654,-3.96954
2022,05,14,20:43:34.880,sun,0.000,0.000000,-0.001441,0.996985,-1.46627,-10.27112,-9.71578,-1.70075,-10.16577,-9.68922,-1.85593,-10.11534,-9.67980,-1.87988,-10.15812,-9.69999,-1.56268,-10.18824,-9.69649,-1.66914,0.00190,-1.80626,-10.20827,-9.65026,-0.52109,-10.09836,-9.68035,-1.46814,-10.10341,-9.68920,-9.63851,-9.61849,-9.70251,0.57111,3.98653,-3.96943
2022,05,14,20:43:35.130,sun,0.000,0.000000,-0.003568,2.324190,-1.46658,-10.31903,-9.73797,-1.70055,-10.20496,-9.71959,-1.85562,-10.15417,-9.70513,-1.87976,-10.20881,-9.70472,-1.56230,-10.15498,-9.66901,-1.66911,0.00188,-1.80440,-10.18520,-9.63261,-0.51954,-10.07909,-9.66222,-1.46795,-10.07907,-9.69734,-9.65828,-9.64154,-9.71517,0.57109,3.98655,-3.96944
2022,05,14,20:43:35.379,sun,0.000,0.000000,-0.001910,-4.474051,-1.46664,-10.28450,-9.70606,-1.70052,-10.15948,-9.68845,-1.85522,-10.12360,-9.67019,-1.87968,-10.16739,-9.70850,-1.56240,-10.18900,-9.69772,-1.66913,0.00190,-1.80483,-10.21543,-9.66599,-0.52101,-10.10595,-9.69616,-1.46851,-10.10445,-9.70055,-9.63868,-9.63159,-9.71886,0.57107,3.98662,-3.96951
2022,05,14,20:43:35.629,sun,0.000,0.000000,-0.001732,-3.014747,-1.46663,-10.32945,-9.74655,-1.70008,-10.19907,-9.71938,-1.85493,-10.16521,-9.69569,-1.87965,-10.20754,-9.70438,-1.56209,-10.15872,-9.66342,-1.66916,0.00184,-1.80420,-10.18557,-9.61917,-0.52004,-10.07299,-9.67384,-1.46766,-10.05679,-9.69218,-9.65944,-9.65558,-9.74000,0.57105,3.98657,-3.96952
2022,05,14,20:43:35.880,sun,0.000,0.000000,-0.002333,-0.647209,-1.46710,-10.28024,-9.71719,-1.70072,-10.14667,-9.69112,-1.85553,-10.13265,-9.67951,-1.87961,-10.15997,-9.70990,-1.56171,-10.19627,-9.68253,-1.66912,0.00188,-1.80452,-10.22103,-9.64946,-0.52068,-10.11179,-9.70059,-1.46855,-10.09589,-9.69660,-9.63984,-9.63150,-9.71560,0.57113,3.98659,-3.96945
2022,05,14,20:43:36.130,sun,0.000,0.000000,-0.003283,2.412543,-1.46651,-10.33175,-9.74354,-1.70034,-10.17450,-9.70660,-1.85440,-10.17760,-9.70804,-1.87950,-10.19712,-9.70763,-1.56183,-10.16910,-9.66081,-1.66917,0.00188,-1.80472,-10.20297,-9.62665,-0.51937,-10.08137,-9.67072,-1.46783,-10.07624,-9.69283,-9.65303,-9.64431,-9.72189,0.57113,3.98656,-3.96949
2022,05,14,20:43:36.380,sun,0.000,0.000000,-0.001063,0.866673,-1.46695,-10.27744,-9.71396,-1.70065,-10.16457,-9.67561,-1.85506,-10.13379,-9.68624,-1.87941,-10.12910,-9.70985,-1.56253,-10.21387,-9.69728,-1.66912,0.00191,-1.80296,-10.21828,-9.65927,-0.51995,-10.10402,-9.69784,-1.46745,-10.10648,-9.67444,-9.63102,-9.63112,-9.71610,0.57108,3.98659,-3.96949
2022,05,14,20:43:36.630,sun,0.000,0.000000,-0.001102,1.392570,-1.46717,-10.32175,-9.75637,-1.70046,-10.21098,-9.70636,-1.85557,-10.17447,-9.70871,-1.87932,-10.19765,-9.69944,-1.56251,-10.15165,-9.66561,-1.66915,0.00187,-1.80421,-10.20086,-9.63611,-0.52035,-10.05960,-9.67100,-1.46740,-10.07749,-9.69764,-9.64902,-9.64195,-9.72567,0.57110,3.98655,-3.96945
2022,05,14,20:43:36.879,sun,0.000,0.000000,-0.002445,0.044403,-1.46649,-10.26087,-9.71451,-1.70045,-10.16632,-9.69078,-1.85498,-10.12380,-9.67811,-1.87940,-10.16541,-9.69973,-1.56216,-10.19439,-9.69709,-1.66910,0.00192,-1.80355,-10.22792,-9.66791,-0.51982,-10.09359,-9.68589,-1.46708,-10.10051,-9.69205,-9.62267,-9.61997,-9.71304,0.57112,3.98657,-3.96949
2022,05,14,20:43:37.129,sun,0.000,0.000000,-0.002329,2.447493,-1.46509,-10.31349,-9.74957,-1.69894,-10.20064,-9.71653,-1.85335,-10.15282,-9.69962,-1.87928,-10.20983,-9.69776,-1.56083,-10.15977,-9.66762,-1.66910,0.00183,-1.80406,-10.19484,-9.63342,-0.52034,-10.07715,-9.65985,-1.46737,-10.07605,-9.69883,-9.66079,-9.63527,-9.72571,0.57112,3.98662,-3.96948
2022,05,14,20:43:37.380,sun,0.000,0.000000,-0.000831,1.997237,-1.46638,-10.28539,-9.70671,-1.69955,-10.14814,-9.68219,-1.85573,-10.10664,-9.67390,-1.87929,-10.16825,-9.71342,-1.56196,-10.20185,-9.69949,-1.66907,0.00193,-1.80373,-10.20745,-9.65503,-0.52069,-10.11342,-9.68659,-1.46791,-10.10418,-9.69432,-9.64293,-9.62222,-9.69691,0.57109,3.98661,-3.96948
2022,05,14,20:43:37.630,sun,0.000,0.000000,-0.001435,3.872610,-1.46683,-10.32113,-9.74562,-1.70045,-10.18997,-9.71572,-1.85515,-10.16924,-9.69005,-1.87920,-10.19815,-9.69698,-1.56099,-10.13273,-9.66807,-1.66913,0.00189,-1.80268,-10.17249,-9.63050,-0.51948,-10.07938,-9.66878,-1.46705,-10.07208,-9.69007,-9.64900,-9.64086,-9.71863,0.57111,3.98657,-3.96949
2022,05,14,20:43:37.880,sun,0.000,0.000000,-0.002121,3.485898,-1.46691,-10.28279,-9.71898,-1.70082,-10.15233,-9.68317,-1.85599,-10.13498,-9.66675,-1.87924,-10.16920,-9.71576,-1.56228,-10.18612,-9.69659,-1.66905,0.00191,-1.80373,-10.20601,-9.64952,-0.52022,-10.11041,-9.69186,-1.46753,-10.10018,-9.69670,-9.64407,-9.63043,-9.71185,0.57113,3.98655,-3.96948
2022,05,14,20:43:38.129,sun,0.000,0.000000,-0.001572,2.937677,-1.46605,-10.32685,-9.75903,-1.69864,-10.17989,-9.71602,-1.85373,-10.17040,-9.70420,-1.87920,-10.18324,-9.69792,-1.56123,-10.16405,-9.65606,-1.66911,0.00186,-1.80296,-10.18580,-9.61730,-0.51963,-10.08541,-9.67162,-1.46646,-10.06624,-9.69714,-9.66412,-9.64865,-9.72522,0.57105,3.98658,-3.96953
2022,05,14,20:43:38.379,sun,0.000,0.000000,-0.000982,-3.391842,-1.46593,-10.28241,-9.71833,-1.69963,-10.13823,-9.67734,-1.85472,-10.14139,-9.68283,-1.87919,-10.13847,-9.70767,-1.56144,-10.20990,-9.69041,-1.66911,0.00189,-1.80300,-10.22779,-9.65704,-0.51902,-10.11410,-9.69744,-1.46678,-10.09603,-9.67840,-9.63125,-9.61824,-9.69075,0.57108,3.98658,-3.96956
2022,05,14,20:43:38.630,sun,0.000,0.000000,-0.000705,-0.092726,-1.46553,-10.32222,-9.75589,-1.69990,-10.19352,-9.69923,-1.85455,-10.17879,-9.71125,-1.87912,-10.18353,-9.69760,-1.56173,-10.14744,-9.66867,-1.66915,0.00180,-1.80192,-10.19740,-9.63542,-0.51870,-10.08034,-9.67522,-1.46607,-10.07768,-9.68749,-9.65852,-9.65545,-9.73266,0.57112,3.98653,-3.96952
2022,05,14,20:43:38.880,sun,0.000,0.000000,-0.002521,-0.199661,-1.46674,-10.27810,-9.71459,-1.70087,-10.15940,-9.67232,-1.85613,-10.14104,-9.68290,-1.87914,-10.15390,-9.70566,-1.56191,-10.21287,-9.70058,-1.66917,0.00190,-1.80278,-10.22858,-9.66089,-0.52009,-10.10144,-9.69616,-1.46693,-10.10808,-9.69059,-9.62097,-9.61891,-9.69675,0.57105,3.98656,-3.96952
2022,05,14,20:43:39.130,sun,0.000,0.000000,-0.000172,1.143844,-1.46627,-10.30765,-9.75256,-1.70010,-10.19843,-9.70284,-1.85533,-10.17088,-9.71210,-1.87908,-10.20866,-9.69606,-1.56187,-10.16415,-9.66722,-1.66922,0.00183,-1.80307,-10.19206,-9.63617,-0.52016,-10.06602,-9.67373,-1.46705,-10.06995,-9.69819,-9.65098,-9.65181,-9.73513,0.57104,3.98651,-3.96960
2022,05,14,20:43:39.380,sun,0.000,0.000000,-0.001876,-3.693407,-1.46599,-10.26457,-9.71270,-1.69913,-10.15654,-9.69140,-1.85449,-10.12597,-9.68537,-1.87916,-10.16102,-9.70834,-1.56117,-10.21214,-9.69892,-1.66921,0.00179,-1.80213,-10.23038,-9.66093,-0.51974,-10.10502,-9.68919,-1.46666,-10.10263,-9.69486,-9.64192,-9.62288,-9.70825,0.57101,3.98648,-3.96966
2022,05,14,20:43:39.629,sun,0.000,0.000000,-0.002561,-5.244645,-1.46576,-10.32883,-9.74506,-1.69881,-10.18880,-9.71555,-1.85408,-10.14911,-9.70732,-1.87914,-10.19440,-9.70476,-1.56170,-10.16237,-9.66430,-1.66921,0.00179,-1.80249,-10.19641,-9.63734,-0.51929,-10.08065,-9.66178,-1.46674,-10.07184,-9.70011,-9.65245,-9.64023,-9.72279,0.57106,3.98646,-3.96959
2022,05,14,20:43:39.879,sun,0.000,0.000000,0.000266,-3.037651,-1.46550,-10.28251,-9.70797,-1.69913,-10.16145,-9.68623,-1.85479,-10.13727,-9.66941,-1.87920,-10.16143,-9.70744,-1.56185,-10.19322,-9.70205,-1.66922,0.00179,-1.80287,-10.21566,-9.66370,-0.52006,-10.10865,-9.69902,-1.46694,-10.10078,-9.69718,-9.63781,-9.62937,-9.71536,0.57102,3.98647,-3.96966
2022,05,14,20:43:40.130,sun,0.000,0.000000,0.000632,1.832778,-1.46580,-10.32503,-9.76071,-1.69912,-10.20426,-9.70682,-1.85456,-10.18063,-9.70256,-1.87908,-10.20213,-9.71023,-1.56113,-10.15978,-9.66594,-1.66914,0.00186,-1.80337,-10.18993,-9.62534,-0.52036,-10.08404,-9.67844,-1.46725,-10.06013,-9.70203,-9.66423,-9.65639,-9.74622,0.57113,3.98652,-3.96957
2022,05,14,20:43:40.380,sun,0.000,0.000000,-0.001237,6.487669,-1.46526,-10.27587,-9.71384,-1.69905,-10.14186,-9.67948,-1.85345,-10.13032,-9.67591,-1.87903,-10.14670,-9.70316,-1.56120,-10.19869,-9.68097,-1.66915,0.00183,-1.80302,-10.22529,-9.64227,-0.52039,-10.09799,-9.69396,-1.46677,-10.07983,-9.68231,-9.63192,-9.62038,-9.69760,0.57107,3.98653,-3.96961
2022,05,14,20:43:40.630,sun,0.000,0.000000,-0.001086,-2.131552,-1.46583,-10.32410,-9.75841,-1.69936,-10.18832,-9.71549,-1.85436,-10.18046,-9.70756,-1.87891,-10.17282,-9.69875,-1.56081,-10.16735,-9.65591,-1.66905,0.00194,-1.80320,-10.20099,-9.61759,-0.52041,-10.08424,-9.67063,-1.46698,-10.05692,-9.69749,-9.66352,-9.65476,-9.73208,0.57116,3.98666,-3.96951
2022,05,14,20:43:40.879,sun,0.000,0.000000,0.002701,2.469726,-1.46585,-10.27906,-9.71620,-1.69987,-10.16617,-9.67718,-1.85453,-10.13544,-9.67937,-1.87889,-10.13880,-9.70516,-1.56060,-10.20874,-9.70098,-1.66909,0.00195,-1.80196,-10.23598,-9.67112,-0.51905,-10.09948,-9.69660,-1.46653,-10.09265,-9.68001,-9.63835,-9.63259,-9.71370,0.57115,3.98659,-3.96950
2022,05,14,20:43:41.129,sun,0.000,0.000000,0.003082,4.518795,-1.46586,-10.31091,-9.74848,-1.69976,-10.20509,-9.69682,-1.85606,-10.17329,-9.70563,-1.87888,-10.19464,-9.69568,-1.56121,-10.16444,-9.66736,-1.66908,0.00195,-1.80316,-10.19943,-9.63091,-0.52113,-10.06942,-9.67007,-1.46703,-10.07547,-9.69214,-9.64917,-9.65319,-9.73284,0.57120,3.98665,-3.96951
2022,05,14,20:43:41.379,sun,0.000,0.000000,-0.001391,2.299321,-1.46667,-10.26062,-9.71043,-1.70070,-10.16919,-9.68988,-1.85554,-10.13231,-9.68229,-1.87887,-10.16145,-9.69611,-1.56142,-10.21387,-9.70154,-1.66906,0.00198,-1.80288,-10.21805,-9.65969,-0.52068,-10.09477,-9.69076,-1.46692,-10.10154,-9.68684,-9.62471,-9.62756,-9.71150,0.57119,3.98664,-3.96954
2022,05,14,20:43:41.630,sun,0.000,0.000000,0.000796,-0.284742,-1.46588,-10.31122,-9.74968,-1.69962,-10.21268,-9.72299,-1.85557,-10.16518,-9.70918,-1.87887,-10.20968,-9.69418,-1.56171,-10.17005,-9.67582,-1.66907,0.00193,-1.80280,-10.19978,-9.63893,-0.52026,-10.07502,-9.65883,-1.46651,-10.07494,-9.69753,-9.65146,-9.63688,-9.73089,0.57116,3.98669,-3.96951
2022,05,14,20:43:41.880,sun,0.000,0.000000,0.004258,-5.787732,-1.46572,-10.27572,-9.70773,-1.69916,-10.17097,-9.69580,-1.85348,-10.10979,-9.67803,-1.87890,-10.15439,-9.71438,-1.56105,-10.20507,-9.69050,-1.66909,0.00198,-1.80244,-10.21907,-9.66250,-0.51923,-10.10878,-9.68254,-1.46606,-10.10171,-9.69119,-9.64058,-9.61826,-9.69501,0.57121,3.98664,-3.96950
2022,05,14,20:43:42.130,sun,0.000,0.000000,0.002190,3.192167,-1.46561,-10.31574,-9.73647,-1.69863,-10.18470,-9.70469,-1.85422,-10.15549,-9.69452,-1.87882,-10.20592,-9.70406,-1.56091,-10.14987,-9.67369,-1.66907,0.00192,-1.80169,-10.18581,-9.63606,-0.51939,-10.08298,-9.67267,-1.46687,-10.06320,-9.69422,-9.66291,-9.65438,-9.72140,0.57118,3.98661,-3.96956
2022,05,14,20:43:42.379,sun,0.000,0.000000,-0.000463,-3.858412,-1.46528,-10.29495,-9.72286,-1.69907,-10.14196,-9.67798,-1.85411,-10.13067,-9.66911,-1.87891,-10.16391,-9.70634,-1.56128,-10.18643,-9.68973,-1.66911,0.00190,-1.80290,-10.20692,-9.64891,-0.52051,-10.10293,-9.68981,-1.46702,-10.09661,-9.69151,-9.64260,-9.63480,-9.71929,0.57118,3.98659,-3.96963
2022,05,14,20:43:42.629,sun,0.000,0.000000,-0.000045,0.448779,-1.46619,-10.32429,-9.75388,-1.69983,-10.19268,-9.72057,-1.85455,-10.16287,-9.70108,-1.87889,-10.20305,-9.69818,-1.56111,-10.16972,-9.66854,-1.66912,0.00187,-1.80210,-10.18160,-9.60733,-0.52001,-10.07539,-9.67156,-1.46675,-10.06436,-9.69790,-9.66268,-9.65593,-9.73964,0.57109,3.98661,-3.96960
2022,05,14,20:43:42.880,sun,0.000,0.000000,0.004823,-3.519000,-1.46579,-10.29869,-9.72014,-1.69961,-10.15106,-9.69007,-1.85478,-10.13123,-9.67962,-1.87886,-10.15623,-9.70589,-1.56129,-10.21026,-9.68850,-1.66912,0.00192,-1.80290,-10.22963,-9.65258,-0.51985,-10.10556,-9.69290,-1.46628,-10.09058,-9.68078,-9.63088,-9.62070,-9.69785,0.57118,3.98656,-3.96955
2022,05,14,20:43:43.130,sun,0.000,0.000000,0.002146,2.250436,-1.46538,-10.32657,-9.73756,-1.69904,-10.20695,-9.71007,-1.85453,-10.17497,-9.70482,-1.87882,-10.18054,-9.70121,-1.56085,-10.17049,-9.67595,-1.66909,0.00190,-1.80185,-10.19902,-9.62464,-0.51974,-10.07802,-9.67218,-1.46697,-10.07920,-9.68234,-9.65203,-9.65297,-9.73798,0.57118,3.98661,-3.96955
2022,05,14,20:43:43.380,sun,0.000,0.000000,0.000406,4.553536,-1.46605,-10.29162,-9.71527,-1.70009,-10.15237,-9.67235,-1.85513,-10.12945,-9.68595,-1.87881,-10.14915,-9.70861,-1.56168,-10.21139,-9.69534,-1.66919,0.00186,-1.80267,-10.23371,-9.66989,-0.52085,-10.09706,-9.69228,-1.46675,-10.11064,-9.68405,-9.63334,-9.63104,-9.70790,0.57112,3.98659,-3.96962
2022,05,14,20:43:43.630,sun,0.000,0.000000,0.002769,0.692564,-1.46616,-10.31115,-9.74833,-1.69991,-10.21141,-9.71484,-1.85471,-10.16239,-9.70098,-1.87874,-10.20375,-9.69110,-1.56147,-10.15318,-9.67602,-1.66914,0.00191,-1.80226,-10.19982,-9.63681,-0.51989,-10.06098,-9.67225,-1.46681,-10.07198,-9.69813,-9.64494,-9.65309,-9.74060,0.57116,3.98655,-3.96955
2022,05,14,20:43:43.879,sun,0.000,0.000000,0.002773,4.151776,-1.46706,-10.28855,-9.71495,-1.70078,-10.17265,-9.69464,-1.85595,-10.11424,-9.67506,-1.87880,-10.16715,-9.70900,-1.56210,-10.18948,-9.69807,-1.66909,0.00191,-1.80238,-10.23195,-9.66551,-0.52051,-10.10658,-9.67776,-1.46687,-10.10989,-9.69701,-9.63641,-9.61625,-9.70720,0.57115,3.98655,-3.96957
2022,05,14,20:43:44.129,trans,0.000,0.000000,0.002134,5.592295,-1.46676,-10.32498,-9.74338,-1.70048,-10.21422,-9.71951,-1.85450,-10.14876,-9.69616,-1.87874,-10.20853,-9.70220,-1.56185,-10.16322,-9.67696,-1.66910,0.00185,-1.80313,-10.19231,-9.62972,-0.52050,-10.07193,-9.65763,-1.46693,-10.07677,-9.69642,-9.65360,-9.64450,-9.72355,0.57117,3.98662,-3.96957
2022,05,14,20:43:44.380,trans,0.000,0.000000,0.000748,5.080844,-1.46638,-10.29780,-9.70574,-1.70006,-10.16746,-9.69213,-1.85535,-10.11483,-9.67718,-1.87874,-10.16743,-9.71041,-1.56157,-10.18784,-9.68938,-1.66911,0.00192,-1.80323,-10.22081,-9.66812,-0.52105,-10.09882,-9.68520,-1.46698,-10.10579,-9.68482,-9.63291,-9.62721,-9.69360,0.57112,3.98652,-3.96958
2022,05,14,20:43:44.630,trans,0.000,0.000000,0.003940,-1.673152,-1.46554,-10.32192,-9.75386,-1.69884,-10.20300,-9.71758,-1.85428,-10.16066,-9.68396,-1.87872,-10.20881,-9.70594,-1.56164,-10.13730,-9.67207,-1.66910,0.00192,-1.80280,-10.17126,-9.62067,-0.52001,-10.08666,-9.66803,-1.46651,-10.07184,-9.69794,-9.65075,-9.65238,-9.74292,0.57112,3.98660,-3.96958
2022,05,14,20:43:44.880,trans,0.000,0.000000,0.003674,1.459399,-1.46638,-10.29868,-9.72415,-1.70039,-10.13763,-9.67509,-1.85651,-10.12358,-9.67053,-1.87875,-10.16183,-9.71830,-1.56169,-10.20048,-9.69273,-1.66913,0.00188,-1.80297,-10.22159,-9.65337,-0.52164,-10.11229,-9.69075,-1.46743,-10.09292,-9.69227,-9.64247,-9.62213,-9.69968,0.57114,3.98654,-3.96960
2022,05,14,20:43:45.130,trans,0.000,0.000000,0.001815,3.054133,-1.46593,-10.32679,-9.75631,-1.69921,-10.17937,-9.71010,-1.85442,-10.16101,-9.69740,-1.87863,-10.19835,-9.70891,-1.56105,-10.16229,-9.66427,-1.66912,0.00189,-1.80182,-10.19654,-9.62007,-0.52006,-10.07581,-9.67126,-1.46629,-10.06572,-9.69200,-9.66096,-9.64722,-9.72229,0.57114,3.98638,-3.96977
2022,05,14,20:43:45.379,trans,0.000,0.000000,0.003008,-0.464992,-0.09137,-4.01754,-10.12161,-0.05298,-2.66177,-10.11908,-0.00624,-0.38702,-10.16498,-0.00524,-0.42643,-10.19714,-0.00178,-0.18887,-10.19489,-1.66912,0.00123,-0.01422,-0.88046,-3.25118,-0.00037,-0.01694,-0.68269,-0.00149,-0.11524,-0.14420,-0.23845,-10.19796,-9.90067,0.57116,3.99123,-3.98608
2022,05,14,20:43:45.629,trans,0.000,0.000000,0.004668,10.026392,-0.00009,-0.04775,-4.55589,-0.00047,-0.08473,-8.19348,-0.00069,-0.09998,-9.69962,-0.00138,-0.16805,-10.18408,-0.00095,-0.11926,-10.16545,-1.66914,0.00085,-0.00111,-0.08813,-0.20986,-0.00044,-0.03311,-0.17821,-0.00125,-0.10095,-0.12882,-0.19326,-10.21676,-9.93794,0.57108,3.99098,-3.98845
2022,05,14,20:43:45.880,trans,0.000,0.000000,-0.002998,23.616452,0.00001,-0.03313,-3.21196,-0.00021,-0.05216,-5.10475,-0.00039,-0.07254,-7.34453,-0.00055,-0.08010,-7.91024,-0.00039,-0.06529,-6.43932,-1.66918,0.00079,-0.00094,-0.07697,-0.18897,-0.00043,-0.03849,-0.15784,-0.00113,-0.09945,-0.12444,-0.18275,-10.19416,-9.91040,0.57107,3.99104,-3.98944
2022,05,14,20:43:46.130,trans,0.000,0.000000,-0.007697,4.494299,0.00014,-0.02752,-2.69898,-0.00004,-0.03924,-3.85233,-0.00042,-0.08020,-7.89605,-0.00031,-0.06405,-6.34650,-0.00025,-0.05940,-5.88623,-1.66923,0.00064,-0.00084,-0.06809,-0.18039,-0.00055,-0.04145,-0.14491,-0.00114,-0.09854,-0.12366,-0.17804,-10.19915,-9.90997,0.57110,3.99108,-3.98977
2022,05,14,20:43:46.380,trans,0.000,0.000000,0.004936,70.225353,0.00014,-0.02488,-2.45118,0.00013,-0.03250,-3.21116,-0.00006,-0.04977,-4.95309,-0.00015,-0.05590,-5.55541,-0.00013,-0.05694,-5.66341,-1.66905,0.00073,-0.00067,-0.06258,-0.17573,-0.00046,-0.04062,-0.13898,-0.00103,-0.09707,-0.12201,-0.17562,-10.17866,-9.89063,0.57108,3.99099,-3.98990
2022,05,14,20:43:46.629,dark,0.000,0.000000,0.012740,62.852726,0.00028,-0.02339,-2.32202,0.00023,-0.02815,-2.78667,0.00007,-0.04496,-4.46919,0.00003,-0.05054,-5.02685,-0.00004,-0.05411,-5.38461,-1.66904,0.00078,-0.00063,-0.05951,-0.17279,-0.00040,-0.04011,-0.13517,-0.00097,-0.09582,-0.12079,-0.17362,-10.23382,-9.93655,0.57112,3.99104,-3.99006
2022,05,14,20:43:46.879,dark,0.000,0.000000,-0.026266,8.455972,0.00027,-0.02266,-2.25173,0.00027,-0.02529,-2.50790,0.00019,-0.03960,-3.93182,0.00003,-0.04692,-4.67764,0.00005,-0.05084,-5.06580,-1.66909,0.00082,-0.00056,-0.05786,-0.17093,-0.00040,-0.04044,-0.13267,-0.00100,-0.09523,-0.12024,-0.17217,-10.20567,-9.92353,0.57115,3.99101,-3.99008
2022,05,14,20:43:47.130,dark,0.000,0.000000,0.001986,64.409051,0.00017,-0.02190,-2.17134,0.00015,-0.02329,-2.30621,-0.00004,-0.04514,-4.48620,-0.00008,-0.04453,-4.42819,-0.00008,-0.05034,-5.01135,-1.66926,0.00068,-0.00069,-0.05741,-0.16977,-0.00054,-0.04220,-0.13030,-0.00105,-0.09646,-0.11991,-0.17137,-10.22759,-9.92951,0.57103,3.99093,-3.99024
2022,05,14,20:43:47.380,dark,0.000,0.000000,-0.009237,58.768985,0.00011,-0.02170,-2.15244,0.00017,-0.02175,-2.15061,0.00004,-0.03660,-3.63539,-0.00006,-0.04207,-4.18279,-0.00010,-0.04921,-4.89689,-1.66916,0.00071,-0.00062,-0.05619,-0.16868,-0.00050,-0.04229,-0.12862,-0.00105,-0.09584,-0.11968,-0.17039,-10.20570,-9.91788,0.57101,3.99088,-3.99025
2022,05,14,20:43:47.630,dark,0.000,0.000000,-0.038648,-0.155100,0.00014,-0.02080,-2.06362,0.00014,-0.02045,-2.02731,0.00002,-0.03564,-3.55582,-0.00005,-0.04043,-4.02107,-0.00012,-0.04859,-4.83694,-1.66924,0.00066,-0.00071,-0.05568,-0.16772,-0.00051,-0.04297,-0.12744,-0.00101,-0.09595,-0.11951,-0.16981,-10.23713,-9.95150,0.57103,3.99087,-3.99028
2022,05,14,20:43:47.880,dark,0.000,0.000000,-0.002106,21.758817,0.00014,-0.02046,-2.03347,0.00015,-0.01944,-1.92219,0.00000,-0.03291,-3.28810,-0.00001,-0.03895,-3.86988,-0.00014,-0.04807,-4.79116,-1.66920,0.00063,-0.00060,-0.05498,-0.16705,-0.00047,-0.04254,-0.12664,-0.00102,-0.09541,-0.11924,-0.16934,-10.20648,-9.91066,0.57105,3.99084,-3.99036
2022,05,14,20:43:48.129,dark,0.000,0.000000,0.035304,-12.232050,0.00011,-0.01993,-1.98802,0.00022,-0.01848,-1.84062,0.00008,-0.03505,-3.50826,0.00008,-0.03699,-3.68674,0.00001,-0.04628,-4.61032,-1.66913,0.00070,-0.00058,-0.05409,-0.16635,-0.00047,-0.04244,-0.12602,-0.00101,-0.09502,-0.11911,-0.16873,-10.23147,-9.93895,0.57099,3.99092,-3.99044
2022,05,14,20:43:48.379,dark,0.000,0.000000,0.046183,18.559308,0.00013,-0.01992,-1.97402,0.00024,-0.01792,-1.78120,0.00009,-0.03170,-3.19188,0.00008,-0.03593,-3.57876,0.00001,-0.04261,-4.24171,-1.66916,0.00062,-0.00060,-0.05402,-0.16580,-0.00053,-0.04260,-0.12533,-0.00105,-0.09496,-0.11877,-0.16813,-10.19286,-9.91407,0.57105,3.99092,-3.99045
2022,05,14,20:43:48.631,dark,0.000,0.000000,-0.010767,-23.994688,0.00024,-0.01947,-1.93798,0.00030,-0.01722,-1.71586,0.00015,-0.03008,-2.98498,0.00012,-0.03392,-3.38585,0.00008,-0.04029,-4.01978,-1.66913,0.00069,-0.00056,-0.05291,-0.16551,-0.00049,-0.04246,-0.12423,-0.00106,-0.09468,-0.11851,-0.16776,-10.20762,-9.92681,0.57101,3.99084,-3.99051
2022,05,14,20:43:48.880,dark,0.000,0.000000,0.003598,52.776033,0.00009,-0.01928,-1.91822,0.00015,-0.01693,-1.67793,0.00006,-0.02883,-2.86774,0.00005,-0.03304,-3.28755,-0.00007,-0.03923,-3.90130,-1.66925,0.00057,-0.00068,-0.05386,-0.16506,-0.00060,-0.04366,-0.12394,-0.00112,-0.09519,-0.11854,-0.16726,-10.19204,-9.88635,0.57094,3.99085,-3.99050
2022,05,14,20:43:49.130,dark,0.000,0.000000,0.001204,32.826843,0.00006,-0.01878,-1.86564,0.00014,-0.01657,-1.64492,0.00001,-0.02844,-2.82716,-0.00000,-0.03183,-3.16633,-0.00007,-0.03757,-3.73209,-1.66929,0.00057,-0.00067,-0.05362,-0.16465,-0.00062,-0.04386,-0.12328,-0.00109,-0.09535,-0.11835,-0.16692,-10.23826,-9.94692,0.57095,3.99084,-3.99054
2022,05,14,20:43:49.379,dark,0.000,0.000000,0.001926,27.696869,0.00008,-0.01821,-1.81019,0.00009,-0.01627,-1.61189,-0.00001,-0.03095,-3.06932,-0.00004,-0.03093,-3.07433,-0.00008,-0.03611,-3.59542,-1.66930,0.00053,-0.00065,-0.05338,-0.16405,-0.00058,-0.04369,-0.12288,-0.00115,-0.09487,-0.11813,-0.16632,-10.19335,-9.90380,0.57089,3.99087,-3.99062
2022,05,14,20:43:49.629,dark,0.000,0.000000,0.003322,-39.767443,0.00010,-0.01786,-1.78044,0.00020,-0.01589,-1.57707,0.00009,-0.02933,-2.93324,0.00004,-0.03050,-3.03441,-0.00002,-0.03645,-3.63299,-1.66927,0.00058,-0.00065,-0.05262,-0.16365,-0.00054,-0.04333,-0.12231,-0.00102,-0.09415,-0.11787,-0.16589,-10.23568,-9.94809,0.57103,3.99088,-3.99061
2022,05,14,20:43:49.880,dark,0.000,0.000000,0.006516,7.734807,0.00015,-0.01788,-1.78990,0.00026,-0.01564,-1.55434,0.00017,-0.02746,-2.74249,0.00011,-0.02994,-2.98957,0.00004,-0.03600,-3.59102,-1.66922,0.00066,-0.00054,-0.05175,-0.16330,-0.00050,-0.04272,-0.12183,-0.00099,-0.09361,-0.11749,-0.16562,-10.19849,-9.91291,0.57096,3.99084,-3.99061
2022,05,14,20:43:50.130,dark,0.000,0.000000,-0.004043,-23.883127,0.00017,-0.01768,-1.76427,0.00022,-0.01539,-1.53219,0.00008,-0.02636,-2.63212,0.00008,-0.02960,-2.95346,0.00003,-0.03574,-3.55930,-1.66918,0.00066,-0.00061,-0.05203,-0.16285,-0.00049,-0.04295,-0.12178,-0.00103,-0.09363,-0.11737,-0.16522,-10.23399,-9.93807,0.57108,3.99087,-3.99057
2022,05,14,20:43:50.380,dark,0.000,0.000000,-0.004331,-48.848053,0.00033,-0.01739,-1.74433,0.00041,-0.01503,-1.50942,0.00026,-0.02765,-2.77472,0.00024,-0.02915,-2.91791,0.00018,-0.03543,-3.54229,-1.66908,0.00080,-0.00050,-0.05063,-0.16243,-0.00044,-0.04160,-0.12144,-0.00090,-0.09202,-0.11712,-0.16470,-10.18542,-9.90655,0.57105,3.99087,-3.99066
2022,05,14,20:43:50.630,dark,0.000,0.000000,-0.008896,-24.068107,0.00030,-0.01739,-1.74568,0.00030,-0.01502,-1.50612,0.00017,-0.02746,-2.74009,0.00019,-0.02882,-2.88221,0.00012,-0.03460,-3.45875,-1.66911,0.00070,-0.00053,-0.05050,-0.16197,-0.00048,-0.04210,-0.12064,-0.00099,-0.09257,-0.11706,-0.16459,-10.22540,-9.92846,0.57102,3.99084,-3.99063
2022,05,14,20:43:50.879,dark,0.000,0.000000,-0.017941,-40.420725,0.00027,-0.01744,-1.73923,0.00031,-0.01484,-1.48604,0.00015,-0.02713,-2.71096,0.00013,-0.02855,-2.85976,0.00012,-0.03431,-3.42859,-1.66914,0.00071,-0.00054,-0.05052,-0.16182,-0.00043,-0.04221,-0.12047,-0.00095,-0.09239,-0.11696,-0.16433,-10.19497,-9.90217,0.57098,3.99083,-3.99065
2022,05,14,20:43:51.129,dark,0.000,0.000000,-0.009116,-20.905340,0.00023,-0.01730,-1.73180,0.00029,-0.01465,-1.46225,0.00019,-0.02689,-2.69949,0.00021,-0.02827,-2.82704,0.00014,-0.03401,-3.39491,-1.66912,0.00063,-0.00057,-0.05068,-0.16162,-0.00042,-0.04206,-0.12042,-0.00086,-0.09189,-0.11686,-0.16390,-10.22452,-9.91809,0.57103,3.99085,-3.99070
2022,05,14,20:43:51.380,dark,0.000,0.000000,0.004042,-38.544348,0.00030,-0.01707,-1.70922,0.00035,-0.01440,-1.44247,0.00026,-0.02627,-2.62573,0.00027,-0.02791,-2.79494,0.00023,-0.03396,-3.39845,-1.66910,0.00065,-0.00047,-0.05009,-0.16102,-0.00040,-0.04161,-0.12016,-0.00092,-0.09161,-0.11648,-0.16352,-10.20087,-9.91789,0.57102,3.99088,-3.99070
2022,05,14,20:43:51.630,dark,0.000,0.000000,0.007460,-13.351248,0.00026,-0.01691,-1.70119,0.00041,-0.01434,-1.44028,0.00034,-0.02622,-2.63091,0.00026,-0.02752,-2.76022,0.00017,-0.03400,-3.39590,-1.66913,0.00072,-0.00053,-0.04965,-0.16078,-0.00041,-0.04157,-0.11959,-0.00093,-0.09144,-0.11616,-0.16314,-10.22992,-9.93505,0.57108,3.99085,-3.99063
2022,05,14,20:43:51.880,dark,0.000,0.000000,-0.005537,-37.821981,0.00029,-0.01698,-1.70231,0.00036,-0.01422,-1.42396,0.00024,-0.02777,-2.77730,0.00021,-0.02744,-2.74931,0.00018,-0.03421,-3.42501,-1.66910,0.00071,-0.00044,-0.04933,-0.16031,-0.00042,-0.04170,-0.11892,-0.00087,-0.09142,-0.11617,-0.16300,-10.19279,-9.90183,0.57103,3.99083,-3.99068
2022,05,14,20:43:52.130,dark,0.000,0.000000,0.004556,-8.476481,0.00025,-0.01742,-1.75280,0.00040,-0.01416,-1.42289,0.00021,-0.02768,-2.77386,0.00023,-0.02739,-2.74126,0.00011,-0.03470,-3.46953,-1.66913,0.00061,-0.00055,-0.04976,-0.15996,-0.00049,-0.04284,-0.11882,-0.00107,-0.09225,-0.11637,-0.16281,-10.22959,-9.93580,0.57091,3.99081,-3.99070
2022,05,14,20:43:52.379,dark,0.000,0.000000,-0.006333,-24.708164,0.00022,-0.01761,-1.75504,0.00032,-0.01414,-1.41624,0.00018,-0.02630,-2.62246,0.00015,-0.02734,-2.73218,0.00004,-0.03488,-3.48769,-1.66921,0.00062,-0.00052,-0.05021,-0.15962,-0.00048,-0.04273,-0.11866,-0.00096,-0.09239,-0.11593,-0.16275,-10.20245,-9.91974,0.57098,3.99083,-3.99069
2022,05,14,20:43:52.630,dark,0.000,0.000000,0.003731,8.807719,0.00022,-0.01769,-1.77251,0.00032,-0.01408,-1.40751,0.00023,-0.02532,-2.52836,0.00018,-0.02720,-2.71863,0.00015,-0.03490,-3.49174,-1.66913,0.00066,-0.00048,-0.04962,-0.15927,-0.00048,-0.04248,-0.11833,-0.00094,-0.09185,-0.11585,-0.16240,-10.21459,-9.92225,0.57103,3.99083,-3.99073
2022,05,14,20:43:52.880,dark,0.000,0.000000,0.010747,17.386523,0.00037,-0.01780,-1.79031,0.00038,-0.01401,-1.40660,0.00030,-0.02414,-2.42368,0.00026,-0.02709,-2.71257,0.00020,-0.03486,-3.49310,-1.66905,0.00074,-0.00045,-0.04874,-0.15869,-0.00039,-0.04119,-0.11830,-0.00088,-0.09060,-0.11541,-0.16209,-10.18914,-9.91208,0.57104,3.99088,-3.99073
2022,05,14,20:43:53.130,dark,0.000,0.000000,0.008107,15.707856,0.00033,-0.01743,-1.76084,0.00044,-0.01383,-1.39453,0.00039,-0.02347,-2.35782,0.00027,-0.02689,-2.69605,0.00022,-0.03463,-3.47384,-1.66902,0.00076,-0.00042,-0.04840,-0.15871,-0.00037,-0.04120,-0.11811,-0.00090,-0.09073,-0.11542,-0.16183,-10.21460,-9.92372,0.57103,3.99088,-3.99073
2022,05,14,20:43:53.380,dark,0.000,0.000000,0.002145,-3.186804,0.00029,-0.01754,-1.75662,0.00036,-0.01379,-1.38492,0.00023,-0.02395,-2.39135,0.00025,-0.02679,-2.67404,0.00014,-0.03468,-3.46836,-1.66909,0.00068,-0.00048,-0.04968,-0.15842,-0.00040,-0.04211,-0.11811,-0.00092,-0.09117,-0.11541,-0.16150,-10.18852,-9.88577,0.57098,3.99083,-3.99073
2022,05,14,20:43:53.629,dark,0.000,0.000000,-0.004372,6.616140,0.00020,-0.01755,-1.76624,0.00029,-0.01378,-1.38088,0.00019,-0.02531,-2.53002,0.00019,-0.02661,-2.65800,0.00007,-0.03472,-3.46690,-1.66919,0.00060,-0.00053,-0.04996,-0.15837,-0.00050,-0.04300,-0.11785,-0.00099,-0.09174,-0.11555,-0.16129,-10.22541,-9.94188,0.57092,3.99076,-3.99078
2022,05,14,20:43:53.879,dark,0.000,0.000000,-0.002545,15.079269,0.00032,-0.01745,-1.75274,0.00034,-0.01365,-1.37138,0.00032,-0.02446,-2.45162,0.00027,-0.02645,-2.64914,0.00019,-0.03439,-3.44280,-1.66906,0.00076,-0.00042,-0.04856,-0.15789,-0.00036,-0.04173,-0.11738,-0.00088,-0.09039,-0.11554,-0.16112,-10.19800,-9.90693,0.57099,3.99082,-3.99077
2022,05,14,20:43:54.130,dark,0.000,0.000000,-0.002613,0.489097,0.00019,-0.01755,-1.75472,0.00029,-0.01374,-1.37261,0.00018,-0.02369,-2.36598,0.00023,-0.02644,-2.64074,0.00010,-0.03463,-3.46279,-1.66913,0.00060,-0.00050,-0.04949,-0.15803,-0.00044,-0.04271,-0.11738,-0.00096,-0.09124,-0.11516,-0.16106,-10.23403,-9.92842,0.57095,3.99079,-3.99073
2022,05,14,20:43:54.380,dark,0.000,0.000000,0.000186,20.049340,0.00028,-0.01742,-1.74497,0.00038,-0.01362,-1.36784,0.00023,-0.02252,-2.25749,0.00021,-0.02623,-2.62512,0.00010,-0.03462,-3.45920,-1.66915,0.00067,-0.00053,-0.04892,-0.15779,-0.00045,-0.04472,-0.11696,-0.00092,-0.09095,-0.11738,-0.16075,-10.20887,-9.91615,0.57095,3.99091,-3.99084
2022,05,14,20:43:54.630,dark,0.000,0.000000,-0.000102,2.366026,0.00029,-0.01735,-1.74687,0.00036,-0.01361,-1.36742,0.00032,-0.02328,-2.31886,0.00028,-0.02608,-2.61314,0.00017,-0.03451,-3.45581,-1.66909,0.00070,-0.00045,-0.04840,-0.15751,-0.00044,-0.04409,-0.11687,-0.00086,-0.09020,-0.11720,-0.16037,-10.22179,-9.93402,0.57104,3.99087,-3.99080
2022,05,14,20:43:54.880,dark,0.000,0.000000,0.001413,-6.774311,0.00035,-0.01721,-1.73933,0.00045,-0.01342,-1.35727,0.00038,-0.02208,-2.22172,0.00029,-0.02589,-2.59859,0.00029,-0.03437,-3.44602,-1.66904,0.00075,-0.00043,-0.04743,-0.15702,-0.00037,-0.04335,-0.11651,-0.00084,-0.08935,-0.11691,-0.16012,-10.19997,-9.91258,0.57102,3.99086,-3.99082
2022,05,14,20:43:55.129,dark,0.000,0.000000,-0.001834,-0.248439,0.00037,-0.01707,-1.72680,0.00049,-0.01346,-1.36144,0.00037,-0.02232,-2.24097,0.00035,-0.02577,-2.58889,0.00028,-0.03424,-3.43373,-1.66904,0.00074,-0.00037,-0.04720,-0.15677,-0.00035,-0.04308,-0.11618,-0.00080,-0.08911,-0.11677,-0.15976,-10.21991,-9.93137,0.57110,3.99089,-3.99074
2022,05,14,20:43:55.379,dark,0.000,0.000000,-0.008929,-13.310608,0.00034,-0.01711,-1.72560,0.00044,-0.01328,-1.34448,0.00037,-0.02181,-2.18865,0.00032,-0.02572,-2.58684,0.00029,-0.03418,-3.42944,-1.66909,0.00077,-0.00039,-0.04725,-0.15664,-0.00037,-0.04415,-0.11604,-0.00079,-0.08893,-0.11787,-0.15961,-10.17925,-9.90033,0.57106,3.99090,-3.99083
2022,05,14,20:43:55.630,dark,0.000,0.000000,-0.018645,-12.432169,0.00035,-0.01716,-1.73280,0.00039,-0.01337,-1.34900,0.00036,-0.02173,-2.18019,0.00037,-0.02564,-2.57138,0.00029,-0.03411,-3.41829,-1.66908,0.00080,-0.00040,-0.04703,-0.15642,-0.00041,-0.04421,-0.11594,-0.00086,-0.08853,-0.11768,-0.15912,-10.23014,-9.92691,0.57103,3.99083,-3.99086
2022,05,14,20:43:55.880,dark,0.000,0.000000,-0.015563,-12.706472,0.00037,-0.01728,-1.74278,0.00049,-0.01329,-1.33592,0.00041,-0.02145,-2.15624,0.00035,-0.02549,-2.56053,0.00026,-0.03402,-3.41181,-1.66905,0.00075,-0.00040,-0.04687,-0.15631,-0.00035,-0.04413,-0.11562,-0.00079,-0.08820,-0.11751,-0.15886,-10.20493,-9.91912,0.57104,3.99087,-3.99079
2022,05,14,20:43:56.130,dark,0.000,0.000000,-0.011028,-4.909090,0.00039,-0.01713,-1.73065,0.00043,-0.01324,-1.33563,0.00035,-0.02240,-2.25982,0.00036,-0.02545,-2.55523,0.00029,-0.03382,-3.39275,-1.66898,0.00071,-0.00038,-0.04710,-0.15595,-0.00037,-0.04419,-0.11554,-0.00083,-0.08826,-0.11733,-0.15845,-10.23450,-9.94512,0.57105,3.99084,-3.99081
2022,05,14,20:43:56.379,dark,0.000,0.000000,-0.008714,0.868341,0.00035,-0.01722,-1.73763,0.00043,-0.01318,-1.33179,0.00037,-0.02200,-2.20808,0.00029,-0.02533,-2.54483,0.00027,-0.03389,-3.39618,-1.66903,0.00075,-0.00040,-0.04694,-0.15592,-0.00038,-0.04440,-0.11541,-0.00085,-0.08818,-0.11751,-0.15834,-10.20734,-9.91750,0.57100,3.99082,-3.99082
2022,05,14,20:43:56.629,dark,0.000,0.000000,-0.005176,-11.967158,0.00039,-0.01727,-1.74311,0.00044,-0.01317,-1.33262,0.00032,-0.02180,-2.18731,0.00031,-0.02529,-2.53942,0.00021,-0.03375,-3.38408,-1.66905,0.00078,-0.00039,-0.04705,-0.15566,-0.00039,-0.04436,-0.11524,-0.00081,-0.08807,-0.11722,-0.15812,-10.23724,-9.94783,0.57098,3.99084,-3.99084
2022,05,14,20:43:56.879,dark,0.000,0.000000,-0.000363,8.549881,0.00035,-0.01713,-1.73017,0.00042,-0.01317,-1.33031,0.00033,-0.02191,-2.20825,0.00030,-0.02536,-2.54539,0.00024,-0.03368,-3.38201,-1.66902,0.00076,-0.00039,-0.04699,-0.15548,-0.00041,-0.04426,-0.11524,-0.00082,-0.08794,-0.11713,-0.15796,-10.19109,-9.90411,0.57101,3.99086,-3.99089
2022,05,14,20:43:57.130,dark,0.000,0.000000,0.002576,-4.661767,0.00036,-0.01713,-1.72923,0.00042,-0.01313,-1.32567,0.00036,-0.02212,-2.23187,0.00034,-0.02523,-2.53468,0.00021,-0.03398,-3.40270,-1.66903,0.00073,-0.00037,-0.04697,-0.15535,-0.00040,-0.04425,-0.11508,-0.00076,-0.08765,-0.11720,-0.15763,-10.22996,-9.93923,0.57098,3.99085,-3.99089
2022,05,14,20:43:57.380,dark,0.000,0.000000,0.003384,5.358972,0.00032,-0.01701,-1.71904,0.00052,-0.01308,-1.32234,0.00030,-0.02404,-2.41888,0.00034,-0.02520,-2.52997,0.00026,-0.03376,-3.38953,-1.66899,0.00080,-0.00039,-0.04687,-0.15500,-0.00034,-0.04439,-0.11491,-0.00081,-0.08784,-0.11708,-0.15762,-10.19222,-9.90533,0.57102,3.99080,-3.99085
2022,05,14,20:43:57.630,dark,0.000,0.000000,0.003248,-25.927584,0.00035,-0.01709,-1.71963,0.00042,-0.01305,-1.31814,0.00037,-0.02205,-2.21006,0.00031,-0.02505,-2.51751,0.00029,-0.03377,-3.38380,-1.66907,0.00071,-0.00038,-0.04673,-0.15509,-0.00040,-0.04395,-0.11480,-0.00077,-0.08735,-0.11675,-0.15728,-10.21910,-9.93188,0.57100,3.99090,-3.99084
2022,05,14,20:43:57.879,dark,0.000,0.000000,0.010095,8.613095,0.00040,-0.01710,-1.72563,0.00047,-0.01296,-1.31197,0.00037,-0.02158,-2.17217,0.00033,-0.02501,-2.51343,0.00031,-0.03376,-3.38565,-1.66903,0.00074,-0.00035,-0.04666,-0.15470,-0.00036,-0.04372,-0.11466,-0.00076,-0.08708,-0.11654,-0.15702,-10.20236,-9.88825,0.57099,3.99081,-3.99087
2022,05,14,20:43:58.129,dark,0.000,0.000000,0.016959,3.888478,0.00038,-0.01706,-1.71774,0.00040,-0.01299,-1.31714,0.00038,-0.02174,-2.18552,0.00030,-0.02498,-2.50660,0.00025,-0.03374,-3.38283,-1.66906,0.00080,-0.00039,-0.04650,-0.15463,-0.00035,-0.04331,-0.11461,-0.00077,-0.08691,-0.11616,-0.15681,-10.22056,-9.93151,0.57107,3.99081,-3.99086
2022,05,14,20:43:58.380,dark,0.000,0.000000,0.008987,8.500980,0.00036,-0.01690,-1.70714,0.00046,-0.01289,-1.30567,0.00037,-0.02259,-2.26743,0.00036,-0.02490,-2.50617,0.00028,-0.03385,-3.39691,-1.66899,0.00075,-0.00032,-0.04610,-0.15470,-0.00044,-0.04342,-0.11423,-0.00079,-0.08671,-0.11615,-0.15662,-10.19749,-9.91624,0.57103,3.99086,-3.99085
2022,05,14,20:43:58.630,dark,0.000,0.000000,0.004867,-6.111978,0.00037,-0.01695,-1.70976,0.00042,-0.01301,-1.31153,0.00039,-0.02222,-2.23948,0.00033,-0.02470,-2.48732,0.00024,-0.03370,-3.38052,-1.66905,0.00075,-0.00036,-0.04633,-0.15420,-0.00039,-0.04363,-0.11411,-0.00076,-0.08681,-0.11621,-0.15656,-10.23522,-9.94494,0.57103,3.99087,-3.99091
2022,05,14,20:43:58.880,dark,0.000,0.000000,0.018340,7.597651,0.00037,-0.01663,-1.68189,0.00038,-0.01296,-1.30804,0.00040,-0.02121,-2.13130,0.00035,-0.02476,-2.49007,0.00029,-0.03365,-3.37554,-1.66902,0.00075,-0.00032,-0.04615,-0.15404,-0.00033,-0.04335,-0.11394,-0.00076,-0.08662,-0.11593,-0.15623,-10.19774,-9.91584,0.57103,3.99083,-3.99082
2022,05,14,20:43:59.130,dark,0.000,0.000000,0.002711,7.930920,0.00036,-0.01683,-1.69892,0.00040,-0.01289,-1.30408,0.00036,-0.02213,-2.22884,0.00035,-0.02456,-2.47039,0.00028,-0.03369,-3.38304,-1.66905,0.00075,-0.00037,-0.04607,-0.15396,-0.00035,-0.04330,-0.11375,-0.00079,-0.08654,-0.11573,-0.15603,-10.22190,-9.92589,0.57105,3.99079,-3.99091
2022,05,14,20:43:59.379,dark,0.000,0.000000,-0.010342,-7.808918,0.00034,-0.01651,-1.67170,0.00039,-0.01293,-1.30498,0.00037,-0.02175,-2.19107,0.00036,-0.02446,-2.46037,0.00025,-0.03350,-3.35538,-1.66897,0.00075,-0.00030,-0.04628,-0.15364,-0.00037,-0.04359,-0.11374,-0.00079,-0.08664,-0.11596,-0.15594,-10.19722,-9.91372,0.57103,3.99082,-3.99092
2022,05,14,20:43:59.629,dark,0.000,0.000000,-0.009030,14.102180,0.00031,-0.01664,-1.68573,0.00043,-0.01285,-1.29852,0.00032,-0.02203,-2.21722,0.00030,-0.02445,-2.45686,0.00023,-0.03336,-3.34005,-1.66903,0.00071,-0.00039,-0.04602,-0.15385,-0.00035,-0.04363,-0.11351,-0.00078,-0.08628,-0.11577,-0.15560,-10.22562,-9.94240,0.57101,3.99083,-3.99088
2022,05,14,20:43:59.880,dark,0.000,0.000000,-0.014083,-0.097545,0.00035,-0.01671,-1.68718,0.00038,-0.01283,-1.30053,0.00032,-0.02191,-2.20507,0.00033,-0.02454,-2.46503,0.00025,-0.03342,-3.35335,-1.66910,0.00075,-0.00037,-0.04614,-0.15358,-0.00032,-0.04326,-0.11352,-0.00075,-0.08676,-0.11544,-0.15588,-10.18292,-9.90609,0.57104,3.99080,-3.99090
2022,05,14,20:44:00.130,dark,0.000,0.000000,-0.024043,-2.554218,0.00033,-0.01657,-1.67456,0.00049,-0.01282,-1.29602,0.00035,-0.02132,-2.14539,0.00036,-0.02443,-2.45588,0.00020,-0.03344,-3.35646,-1.66908,0.00073,-0.00042,-0.04599,-0.15360,-0.00034,-0.04337,-0.11334,-0.00077,-0.08645,-0.11524,-0.15567,-10.21528,-9.91433,0.57097,3.99084,-3.99096
2022,05,14,20:44:00.380,dark,0.000,0.000000,-0.000507,2.236764,0.00032,-0.01660,-1.67643,0.00043,-0.01284,-1.29924,0.00038,-0.02146,-2.15505,0.00038,-0.02441,-2.45591,0.00029,-0.03340,-3.34890,-1.66903,0.00073,-0.00031,-0.04591,-0.15329,-0.00037,-0.04326,-0.11323,-0.00079,-0.08663,-0.11530,-0.15572,-10.20131,-9.91109,0.57100,3.99078,-3.99097
2022,05,14,20:44:00.629,dark,0.000,0.000000,0.022519,10.214647,0.00036,-0.01672,-1.68708,0.00044,-0.01282,-1.30126,0.00039,-0.02088,-2.10727,0.00038,-0.02428,-2.44052,0.00030,-0.03336,-3.34715,-1.66902,0.00076,-0.00036,-0.04564,-0.15317,-0.00034,-0.04317,-0.11290,-0.00072,-0.08607,-0.11504,-0.15519,-10.22863,-9.93294,0.57101,3.99086,-3.99091
2022,05,14,20:44:00.879,dark,0.000,0.000000,0.030205,13.940159,0.00034,-0.01687,-1.70211,0.00041,-0.01279,-1.29623,0.00038,-0.02089,-2.10421,0.00040,-0.02427,-2.43998,0.00026,-0.03318,-3.33192,-1.66904,0.00077,-0.00034,-0.04549,-0.15296,-0.00034,-0.04275,-0.11277,-0.00074,-0.08604,-0.11479,-0.15505,-10.20403,-9.90861,0.57096,3.99078,-3.99099
2022,05,14,20:44:01.129,dark,0.000,0.000000,-0.001065,12.736047,0.00038,-0.01656,-1.66815,0.00046,-0.01275,-1.29047,0.00036,-0.02093,-2.11106,0.00033,-0.02418,-2.43041,0.00027,-0.03327,-3.33845,-1.66904,0.00079,-0.00034,-0.04546,-0.15292,-0.00036,-0.04275,-0.11285,-0.00080,-0.08594,-0.11470,-0.15493,-10.22596,-9.93709,0.57102,3.99083,-3.99096
2022,05,14,20:44:01.380,dark,0.000,0.000000,-0.010125,-10.728497,0.00039,-0.01653,-1.66919,0.00043,-0.01281,-1.29669,0.00037,-0.02056,-2.07283,0.00038,-0.02422,-2.43386,0.00024,-0.03327,-3.34086,-1.66905,0.00076,-0.00032,-0.04525,-0.15274,-0.00035,-0.04246,-0.11245,-0.00080,-0.08566,-0.11444,-0.15472,-10.20419,-9.91414,0.57109,3.99079,-3.99098
2022,05,14,20:44:01.630,dark,0.000,0.000000,-0.006149,-3.774144,0.00037,-0.01654,-1.67119,0.00037,-0.01275,-1.29127,0.00039,-0.02030,-2.04745,0.00039,-0.02418,-2.42921,0.00024,-0.03326,-3.34033,-1.66899,0.00077,-0.00037,-0.04529,-0.15255,-0.00040,-0.04269,-0.11240,-0.00075,-0.08553,-0.11458,-0.15441,-10.23240,-9.94223,0.57097,3.99078,-3.99097
2022,05,14,20:44:01.880,dark,0.000,0.000000,-0.010334,-11.320365,0.00035,-0.01655,-1.66587,0.00041,-0.01268,-1.28637,0.00035,-0.02067,-2.08525,0.00031,-0.02401,-2.41929,0.00024,-0.03328,-3.34159,-1.66908,0.00073,-0.00039,-0.04529,-0.15235,-0.00035,-0.04260,-0.11234,-0.00082,-0.08533,-0.11439,-0.15421,-10.19805,-9.90377,0.57101,3.99084,-3.99100
2022,05,14,20:44:02.129,dark,0.000,0.000000,-0.000867,9.123696,0.00035,-0.01651,-1.66627,0.00047,-0.01266,-1.28252,0.00038,-0.02052,-2.06309,0.00030,-0.02401,-2.41593,0.00029,-0.03319,-3.33015,-1.66903,0.00074,-0.00035,-0.04514,-0.15219,-0.00037,-0.04252,-0.11216,-0.00078,-0.08547,-0.11408,-0.15424,-10.21965,-9.93579,0.57105,3.99077,-3.99097
2022,05,14,20:44:02.379,dark,0.000,0.000000,-0.004818,-49.291898,0.00038,-0.01635,-1.64828,0.00045,-0.01262,-1.27724,0.00036,-0.02049,-2.05920,0.00036,-0.02399,-2.40846,0.00025,-0.03296,-3.31111,-1.66904,0.00074,-0.00035,-0.04505,-0.15191,-0.00035,-0.04242,-0.11197,-0.00077,-0.08523,-0.11377,-0.15384,-10.18864,-9.88571,0.57099,3.99075,-3.99101
2022,05,14,20:44:02.630,dark,0.000,0.000000,-0.002834,-21.661330,0.00039,-0.01649,-1.66506,0.00045,-0.01240,-1.25640,0.00039,-0.02051,-2.07126,0.00036,-0.02395,-2.40846,0.00025,-0.03283,-3.29290,-1.66902,0.00077,-0.00039,-0.04507,-0.15187,-0.00034,-0.04214,-0.11185,-0.00074,-0.08495,-0.11369,-0.15357,-10.23178,-9.94284,0.57100,3.99082,-3.99105
2022,05,14,20:44:02.880,dark,0.000,0.000000,-0.012127,-23.986140,0.00036,-0.01631,-1.65141,0.00044,-0.01249,-1.26707,0.00037,-0.02046,-2.06427,0.00038,-0.02405,-2.42199,0.00032,-0.03276,-3.28758,-1.66902,0.00076,-0.00034,-0.04488,-0.15175,-0.00031,-0.04207,-0.11170,-0.00073,-0.08486,-0.11357,-0.15352,-10.20933,-9.92604,0.57100,3.99075,-3.99102
2022,05,14,20:44:03.130,dark,0.000,0.000000,-0.037336,0.846895,0.00037,-0.01644,-1.65868,0.00045,-0.01244,-1.25884,0.00040,-0.02046,-2.05897,0.00036,-0.02418,-2.43490,0.00026,-0.03276,-3.28843,-1.66903,0.00074,-0.00033,-0.04488,-0.15169,-0.00034,-0.04197,-0.11159,-0.00076,-0.08427,-0.11332,-0.15277,-10.22720,-9.93911,0.57095,3.99079,-3.99103
2022,05,14,20:44:03.380,dark,0.000,0.000000,-0.012942,-14.018155,0.00034,-0.01651,-1.66225,0.00040,-0.01257,-1.26916,0.00034,-0.02044,-2.06073,0.00036,-0.02420,-2.43374,0.00024,-0.03296,-3.30721,-1.66911,0.00075,-0.00040,-0.04512,-0.15185,-0.00039,-0.04243,-0.11160,-0.00076,-0.08454,-0.11350,-0.15271,-10.20885,-9.91093,0.57099,3.99078,-3.99098
2022,05,14,20:44:03.629,dark,0.000,0.000000,0.004072,-4.626847,0.00036,-0.01642,-1.65757,0.00044,-0.01274,-1.28165,0.00035,-0.02040,-2.05140,0.00033,-0.02423,-2.43619,0.00027,-0.03307,-3.31545,-1.66907,0.00073,-0.00039,-0.04528,-0.15164,-0.00036,-0.04230,-0.11158,-0.00081,-0.08471,-0.11333,-0.15277,-10.23634,-9.94811,0.57095,3.99078,-3.99099
2022,05,14,20:44:03.879,dark,0.000,0.000000,0.010408,-3.029029,0.00032,-0.01647,-1.66183,0.00040,-0.01264,-1.28106,0.00033,-0.02026,-2.03908,0.00031,-0.02431,-2.44260,0.00022,-0.03299,-3.31122,-1.66905,0.00074,-0.00037,-0.04514,-0.15141,-0.00035,-0.04252,-0.11145,-0.00079,-0.08458,-0.11337,-0.15264,-10.20591,-9.91912,0.57094,3.99073,-3.99107
2022,05,14,20:44:04.130,dark,0.000,0.000000,0.014908,-18.026857,0.00035,-0.01635,-1.65131,0.00043,-0.01266,-1.27638,0.00035,-0.02008,-2.01846,0.00034,-0.02410,-2.42434,0.00027,-0.03293,-3.30872,-1.66904,0.00073,-0.00038,-0.04510,-0.15131,-0.00030,-0.04219,-0.11139,-0.00081,-0.08435,-0.11318,-0.15248,-10.22765,-9.94294,0.57093,3.99074,-3.99107
2022,05,14,20:44:04.380,dark,0.000,0.000000,0.010495,-7.181375,0.00030,-0.01642,-1.65469,0.00036,-0.01269,-1.28036,0.00035,-0.02004,-2.01716,0.00032,-0.02404,-2.41670,0.00025,-0.03302,-3.31368,-1.66904,0.00073,-0.00039,-0.04513,-0.15129,-0.00039,-0.04261,-0.11113,-0.00076,-0.08462,-0.11312,-0.15226,-10.19237,-9.90864,0.57095,3.99071,-3.99102
2022,05,14,20:44:04.630,dark,0.000,0.000000,0.004882,12.369264,0.00031,-0.01660,-1.67742,0.00043,-0.01265,-1.27641,0.00032,-0.01993,-2.00177,0.00030,-0.02411,-2.41812,0.00018,-0.03305,-3.31306,-1.66907,0.00069,-0.00040,-0.04514,-0.15136,-0.00039,-0.04247,-0.11099,-0.00079,-0.08440,-0.11312,-0.15195,-10.22886,-9.93168,0.57096,3.99078,-3.99111
2022,05,14,20:44:04.879,dark,0.000,0.000000,-0.000014,-1.376034,0.00033,-0.01640,-1.65486,0.00038,-0.01266,-1.27606,0.00033,-0.01988,-1.99914,0.00029,-0.02404,-2.41360,0.00017,-0.03298,-3.30855,-1.66910,0.00069,-0.00039,-0.04525,-0.15103,-0.00040,-0.04266,-0.11090,-0.00082,-0.08462,-0.11296,-0.15206,-10.19326,-9.90730,0.57089,3.99071,-3.99107
2022,05,14,20:44:05.129,dark,0.000,0.000000,-0.000990,-7.374882,0.00034,-0.01654,-1.66663,0.00041,-0.01263,-1.27474,0.00027,-0.01979,-1.98695,0.00029,-0.02399,-2.40902,0.00019,-0.03295,-3.30123,-1.66906,0.00069,-0.00041,-0.04528,-0.15090,-0.00041,-0.04259,-0.11096,-0.00084,-0.08449,-0.11286,-0.15188,-10.23326,-9.94883,0.57091,3.99075,-3.99116
2022,05,14,20:44:05.380,dark,0.000,0.000000,-0.000899,-3.766384,0.00028,-0.01651,-1.66833,0.00042,-0.01271,-1.27804,0.00030,-0.01979,-1.99223,0.00031,-0.02396,-2.40599,0.00023,-0.03289,-3.29983,-1.66909,0.00071,-0.00042,-0.04508,-0.15072,-0.00038,-0.04267,-0.11071,-0.00079,-0.08411,-0.11314,-0.15156,-10.20848,-9.92198,0.57093,3.99080,-3.99107
2022,05,14,20:44:05.630,dark,0.000,0.000000,-0.006511,-4.557621,0.00028,-0.01656,-1.66644,0.00038,-0.01262,-1.27031,0.00033,-0.02002,-2.00656,0.00025,-0.02398,-2.40638,0.00017,-0.03292,-3.30206,-1.66915,0.00069,-0.00041,-0.04545,-0.15084,-0.00041,-0.04308,-0.11069,-0.00082,-0.08443,-0.11290,-0.15137,-10.23530,-9.94678,0.57087,3.99074,-3.99115
2022,05,14,20:44:05.880,dark,0.000,0.000000,-0.003660,-5.115670,0.00027,-0.01660,-1.66575,0.00039,-0.01260,-1.26828,0.00033,-0.01982,-1.98833,0.00025,-0.02404,-2.41149,0.00020,-0.03294,-3.30103,-1.66914,0.00071,-0.00042,-0.04523,-0.15106,-0.00036,-0.04293,-0.11068,-0.00079,-0.08427,-0.11292,-0.15147,-10.20881,-9.91688,0.57091,3.99075,-3.99114
2022,05,14,20:44:06.130,dark,0.000,0.000000,-0.003860,-0.292390,0.00025,-0.01653,-1.66307,0.00033,-0.01264,-1.27263,0.00030,-0.02019,-2.02741,0.00031,-0.02401,-2.40643,0.00014,-0.03299,-3.30222,-1.66917,0.00073,-0.00034,-0.04532,-0.15070,-0.00042,-0.04302,-0.11054,-0.00087,-0.08428,-0.11279,-0.15140,-10.23116,-9.93251,0.57090,3.99076,-3.99103
2022,05,14,20:44:06.379,dark,0.000,0.000000,-0.000245,4.587983,0.00037,-0.01658,-1.66797,0.00041,-0.01257,-1.27377,0.00033,-0.02014,-2.02486,0.00031,-0.02396,-2.40518,0.00022,-0.03302,-3.31030,-1.66907,0.00071,-0.00038,-0.04462,-0.15053,-0.00038,-0.04244,-0.11017,-0.00081,-0.08374,-0.11270,-0.15104,-10.19707,-9.91707,0.57092,3.99074,-3.99114
2022,05,14,20:44:06.629,dark,0.000,0.000000,-0.001212,8.934314,0.00027,-0.01642,-1.65794,0.00039,-0.01264,-1.27535,0.00032,-0.02012,-2.02314,0.00031,-0.02390,-2.40292,0.00021,-0.03302,-3.31347,-1.66909,0.00072,-0.00039,-0.04477,-0.15033,-0.00037,-0.04222,-0.11027,-0.00076,-0.08356,-0.11230,-0.15081,-10.22324,-9.94271,0.57093,3.99077,-3.99112
2022,05,14,20:44:06.880,dark,0.000,0.000000,-0.000493,13.588708,0.00028,-0.01653,-1.66617,0.00040,-0.01261,-1.27599,0.00029,-0.02041,-2.04819,0.00027,-0.02396,-2.40345,0.00017,-0.03302,-3.31252,-1.66912,0.00066,-0.00043,-0.04491,-0.15043,-0.00037,-0.04272,-0.11017,-0.00081,-0.08389,-0.11247,-0.15076,-10.18586,-9.89094,0.57092,3.99077,-3.99116
2022,05,14,20:44:07.130,dark,0.000,0.000000,0.002984,5.458066,0.00025,-0.01669,-1.68029,0.00035,-0.01263,-1.27276,0.00031,-0.02027,-2.04142,0.00025,-0.02398,-2.41028,0.00014,-0.03318,-3.32716,-1.66911,0.00068,-0.00040,-0.04484,-0.15046,-0.00042,-0.04256,-0.10993,-0.00083,-0.08377,-0.11237,-0.15065,-10.23289,-9.94254,0.57090,3.99070,-3.99114
2022,05,14,20:44:07.380,dark,0.000,0.000000,-0.002851,-30.034714,0.00024,-0.01665,-1.68102,0.00037,-0.01266,-1.27283,0.00030,-0.02035,-2.03694,0.00025,-0.02393,-2.40314,0.00014,-0.03334,-3.33673,-1.66910,0.00070,-0.00038,-0.04511,-0.15018,-0.00046,-0.04278,-0.11002,-0.00080,-0.08374,-0.11244,-0.15048,-10.20825,-9.91943,0.57091,3.99074,-3.99111
2022,05,14,20:44:07.629,dark,0.000,0.000000,-0.002736,7.386447,0.00029,-0.01666,-1.67596,0.00035,-0.01261,-1.26932,0.00030,-0.02002,-2.01027,0.00030,-0.02391,-2.39868,0.00021,-0.03322,-3.32873,-1.66909,0.00073,-0.00041,-0.04457,-0.14996,-0.00038,-0.04248,-0.10982,-0.00082,-0.08330,-0.11229,-0.15034,-10.23525,-9.94554,0.57093,3.99074,-3.99107
2022,05,14,20:44:07.879,dark,0.000,0.000000,-0.005598,-6.882011,0.00027,-0.01669,-1.67695,0.00039,-0.01253,-1.26614,0.00033,-0.02089,-2.09645,0.00027,-0.02392,-2.39959,0.00019,-0.03317,-3.32899,-1.66906,0.00070,-0.00037,-0.04437,-0.14986,-0.00036,-0.04226,-0.10955,-0.00080,-0.08310,-0.11213,-0.15012,-10.20482,-9.92058,0.57092,3.99070,-3.99105
2022,05,14,20:44:08.129,dark,0.000,0.000000,-0.003842,-13.538900,0.00032,-0.01656,-1.67424,0.00038,-0.01253,-1.26263,0.00033,-0.02106,-2.11699,0.00028,-0.02424,-2.43662,0.00021,-0.03331,-3.33556,-1.66903,0.00071,-0.00039,-0.04441,-0.14943,-0.00039,-0.04210,-0.10961,-0.00080,-0.08301,-0.11200,-0.15002,-10.22562,-9.94588,0.57093,3.99076,-3.99109
2022,05,14,20:44:08.381,dark,0.000,0.000000,-0.001891,0.674461,0.00036,-0.01657,-1.66900,0.00044,-0.01255,-1.27416,0.00036,-0.02077,-2.09157,0.00031,-0.02426,-2.44070,0.00029,-0.03313,-3.32827,-1.66904,0.00077,-0.00034,-0.04404,-0.14940,-0.00030,-0.04175,-0.10963,-0.00074,-0.08259,-0.11180,-0.14987,-10.19730,-9.90810,0.57093,3.99081,-3.99113
2022,05,14,20:44:08.630,dark,0.000,0.000000,-0.003111,-3.458378,0.00035,-0.01660,-1.67425,0.00039,-0.01246,-1.26744,0.00039,-0.02069,-2.08147,0.00036,-0.02428,-2.44093,0.00022,-0.03309,-3.32048,-1.66907,0.00077,-0.00034,-0.04393,-0.14946,-0.00038,-0.04166,-0.10934,-0.00076,-0.08238,-0.11173,-0.14966,-10.22986,-9.94010,0.57097,3.99077,-3.99109
2022,05,14,20:44:08.880,dark,0.000,0.000000,-0.000368,11.502508,0.00033,-0.01651,-1.66579,0.00043,-0.01257,-1.26909,0.00033,-0.02025,-2.03700,0.00033,-0.02418,-2.43355,0.00023,-0.03300,-3.31589,-1.66901,0.00077,-0.00031,-0.04391,-0.14943,-0.00035,-0.04161,-0.10939,-0.00075,-0.08209,-0.11175,-0.14936,-10.18942,-9.90417,0.57096,3.99074,-3.99107
2022,05,14,20:44:09.129,dark,0.000,0.000000,-0.000342,0.727357,0.00034,-0.01651,-1.66600,0.00042,-0.01256,-1.26504,0.00034,-0.02038,-2.04769,0.00032,-0.02424,-2.43432,0.00018,-0.03313,-3.32433,-1.66903,0.00074,-0.00036,-0.04414,-0.14929,-0.00040,-0.04184,-0.10925,-0.00077,-0.08265,-0.11166,-0.14943,-10.22158,-9.92156,0.57084,3.99073,-3.99114
2022,05,14,20:44:09.379,dark,0.000,0.000000,-0.001710,13.352257,0.00031,-0.01660,-1.67285,0.00037,-0.01254,-1.26672,0.00030,-0.02067,-2.07942,0.00029,-0.02415,-2.42570,0.00019,-0.03317,-3.32226,-1.66906,0.00071,-0.00037,-0.04430,-0.14929,-0.00040,-0.04191,-0.10923,-0.00071,-0.08256,-0.11138,-0.14921,-10.20962,-9.90492,0.57087,3.99071,-3.99116
2022,05,14,20:44:09.630,dark,0.000,0.000000,-0.002724,-0.469900,0.00026,-0.01639,-1.64762,0.00038,-0.01259,-1.27009,0.00031,-0.02122,-2.13316,0.00025,-0.02383,-2.39289,0.00024,-0.03322,-3.33029,-1.66910,0.00068,-0.00039,-0.04440,-0.14932,-0.00039,-0.04202,-0.10916,-0.00078,-0.08251,-0.11128,-0.14912,-10.24129,-9.94561,0.57092,3.99069,-3.99115
2022,05,14,20:44:09.880,dark,0.000,0.000000,-0.006745,2.444083,0.00031,-0.01658,-1.67234,0.00040,-0.01253,-1.26613,0.00026,-0.02219,-2.22834,0.00029,-0.02376,-2.38633,0.00022,-0.03324,-3.33406,-1.66908,0.00068,-0.00038,-0.04418,-0.14912,-0.00038,-0.04199,-0.10905,-0.00072,-0.08248,-0.11162,-0.14905,-10.21171,-9.92142,0.57084,3.99073,-3.99111
2022,05,14,20:44:10.130,dark,0.000,0.000000,-0.005848,-5.486003,0.00030,-0.01648,-1.66191,0.00040,-0.01248,-1.25988,0.00030,-0.02207,-2.21713,0.00027,-0.02374,-2.38685,0.00022,-0.03324,-3.33379,-1.66905,0.00073,-0.00033,-0.04441,-0.14816,-0.00034,-0.04237,-0.10878,-0.00077,-0.08268,-0.11148,-0.14883,-10.23842,-9.95078,0.57088,3.99076,-3.99118
2022,05,14,20:44:10.380,dark,0.000,0.000000,-0.006524,-12.952355,0.00030,-0.01649,-1.66294,0.00034,-0.01238,-1.25453,0.00029,-0.02196,-2.20410,0.00031,-0.02370,-2.38214,0.00024,-0.03332,-3.34096,-1.66903,0.00072,-0.00036,-0.04434,-0.14812,-0.00034,-0.04224,-0.10881,-0.00080,-0.08256,-0.11132,-0.14878,-10.21070,-9.92367,0.57088,3.99068,-3.99116
2022,05,14,20:44:10.629,trans,0.000,0.000000,0.001790,7.850525,0.00027,-0.01665,-1.68248,0.00043,-0.01246,-1.25766,0.00035,-0.02060,-2.07109,0.00030,-0.02372,-2.38321,0.00021,-0.03321,-3.33142,-1.66902,0.00074,-0.00032,-0.04425,-0.14804,-0.00035,-0.04209,-0.10879,-0.00077,-0.08227,-0.11122,-0.14859,-10.22297,-9.93168,0.57090,3.99063,-3.99120
2022,05,14,20:44:10.879,trans,0.000,0.000000,0.011427,2.332921,0.00030,-0.01668,-1.68088,0.00043,-0.01244,-1.25714,0.00039,-0.02041,-2.04875,0.00028,-0.02366,-2.37839,0.00020,-0.03328,-3.33687,-1.66907,0.00073,-0.00039,-0.04426,-0.14806,-0.00035,-0.04220,-0.10877,-0.00079,-0.08214,-0.11140,-0.14833,-10.18591,-9.90055,0.57091,3.99068,-3.99117
2022,05,14,20:44:11.130,trans,0.000,0.000000,0.017698,1.756085,0.00035,-0.01637,-1.64973,0.00044,-0.01244,-1.26165,0.00031,-0.02005,-2.01870,0.00033,-0.02352,-2.36716,0.00017,-0.03322,-3.33132,-1.66902,0.00070,-0.00037,-0.04421,-0.14789,-0.00036,-0.04180,-0.10863,-0.00080,-0.08225,-0.11099,-0.14851,-10.22003,-9.93797,0.57090,3.99072,-3.99124
2022,05,14,20:44:11.380,trans,0.000,0.000000,0.040747,1.636758,0.00037,-0.01655,-1.67383,0.00045,-0.01252,-1.26876,0.00038,-0.02027,-2.03960,-0.00010,-0.07086,-7.18878,-0.00021,-0.07222,-7.29379,-1.66902,0.00096,-0.00033,-0.02689,-4.75745,0.00017,0.02810,-0.15131,-0.00005,-0.00510,-0.11552,-0.15478,-10.20751,-9.90901,0.57099,3.99433,-3.97590
2022,05,14,20:44:11.630,trans,0.000,0.000000,0.027781,-35.835422,-1.48377,-10.33722,-9.75578,-1.71582,-10.23902,-9.73215,-1.86727,-10.19629,-9.70582,-1.88730,-10.23484,-9.71598,-1.55435,-10.25930,-9.69620,-1.66906,0.00197,-1.82221,-10.19666,-9.64613,-0.51810,-10.08851,-9.67624,-1.48738,-10.08468,-9.70538,-9.65941,-9.64917,-9.71039,0.57087,3.98669,-3.96935
2022,05,14,20:44:11.879,trans,0.000,0.000000,-0.005723,-4.204985,-1.48147,-10.29921,-9.73645,-1.71613,-10.17393,-9.69895,-1.86987,-10.14285,-9.68169,-1.89671,-10.16808,-9.71845,-1.58626,-10.21607,-9.70571,-1.66911,0.00187,-1.81988,-10.22776,-9.66751,-0.51875,-10.11789,-9.69906,-1.48481,-10.10209,-9.69984,-9.65049,-9.64114,-9.72601,0.57085,3.98662,-3.96937
2022,05,14,20:44:12.129,trans,0.000,0.000000,-0.000483,40.327185,-1.47917,-10.33158,-9.76497,-1.71354,-10.19830,-9.72803,-1.86704,-10.18648,-9.70271,-1.89423,-10.20905,-9.71244,-1.58354,-10.17890,-9.67421,-1.66909,0.00194,-1.81779,-10.19299,-9.62150,-0.51901,-10.08367,-9.68094,-1.48280,-10.06470,-9.69652,-9.65318,-9.65568,-9.73994,0.57086,3.98664,-3.96938
2022,05,14,20:44:12.379,trans,0.000,0.000000,-0.001818,37.892121,-1.47748,-10.29567,-9.73147,-1.71247,-10.14077,-9.68667,-1.86586,-10.15139,-9.68942,-1.89221,-10.16654,-9.71428,-1.58139,-10.20780,-9.68885,-1.66913,0.00198,-1.81591,-10.24201,-9.66861,-0.51955,-10.11469,-9.69487,-1.48099,-10.09571,-9.67882,-9.63436,-9.62495,-9.70224,0.57080,3.98667,-3.96937
2022,05,14,20:44:12.630,trans,0.000,0.000000,-0.002796,35.758812,-1.47595,-10.32610,-9.76207,-1.71004,-10.21854,-9.71673,-1.86412,-10.18191,-9.70601,-1.89050,-10.18511,-9.69675,-1.57950,-10.16260,-9.68325,-1.66909,0.00196,-1.81415,-10.20916,-9.64556,-0.51917,-10.07979,-9.68016,-1.47890,-10.08833,-9.69330,-9.66535,-9.65991,-9.74416,0.57091,3.98666,-3.96932
2022,05,14,20:44:12.880,sun,0.000,0.000000,-0.001888,18.009322,-1.47387,-10.29097,-9.72429,-1.70907,-10.16946,-9.68110,-1.86306,-10.13675,-9.69113,-1.88913,-10.16873,-9.71059,-1.57862,-10.20218,-9.70810,-1.66905,0.00200,-1.81264,-10.23625,-9.67664,-0.51989,-10.10405,-9.69561,-1.47788,-10.10940,-9.68560,-9.63996,-9.63818,-9.71378,0.57085,3.98665,-3.96929
2022,05,14,20:44:13.130,sun,0.000,0.000000,-0.002781,-17.519034,-1.47388,-10.31286,-9.75496,-1.70777,-10.20571,-9.71418,-1.86265,-10.16870,-9.70491,-1.88797,-10.20082,-9.69056,-1.57741,-10.17004,-9.68221,-1.66908,0.00198,-1.81263,-10.20099,-9.64250,-0.51943,-10.06423,-9.67373,-1.47711,-10.08448,-9.69999,-9.64603,-9.65077,-9.73406,0.57087,3.98663,-3.96933
2022,05,14,20:44:13.379,sun,0.000,0.000000,-0.003741,-10.201940,-1.47259,-10.28780,-9.72161,-1.70701,-10.17895,-9.69714,-1.86208,-10.12282,-9.68419,-1.88711,-10.17941,-9.71130,-1.57708,-10.21454,-9.70914,-1.66911,0.00199,-1.81157,-10.23867,-9.67754,-0.51988,-10.10754,-9.68437,-1.47571,-10.10600,-9.69069,-9.64506,-9.62590,-9.71271,0.57092,3.98669,-3.96934
2022,05,14,20:44:13.629,sun,0.000,0.000000,-0.004120,-7.426315,-1.47148,-10.32739,-9.74133,-1.70620,-10.22213,-9.72939,-1.86003,-10.16015,-9.70192,-1.88619,-10.21267,-9.70632,-1.57532,-10.17052,-9.68107,-1.66910,0.00194,-1.80990,-10.19950,-9.64443,-0.51931,-10.08907,-9.67075,-1.47448,-10.08501,-9.70677,-9.65670,-9.63927,-9.71642,0.57087,3.98667,-3.96935
2022,05,14,20:44:13.880,sun,0.000,0.000000,-0.002336,-5.696386,-1.47023,-10.30281,-9.71285,-1.70511,-10.17704,-9.69968,-1.86033,-10.13191,-9.68198,-1.88550,-10.18088,-9.71925,-1.57485,-10.19906,-9.70344,-1.66906,0.00193,-1.80921,-10.21991,-9.67633,-0.51931,-10.10861,-9.69052,-1.47390,-10.10375,-9.69301,-9.64490,-9.63679,-9.70769,0.57085,3.98665,-3.96939
2022,05,14,20:44:14.130,sun,0.000,0.000000,-0.000938,-3.235974,-1.47076,-10.33127,-9.75107,-1.70514,-10.20240,-9.72296,-1.86011,-10.17189,-9.69164,-1.88482,-10.20451,-9.70609,-1.57465,-10.16096,-9.67644,-1.66908,0.00194,-1.80850,-10.19344,-9.63912,-0.51914,-10.07743,-9.67842,-1.47397,-10.08062,-9.70536,-9.66012,-9.66062,-9.75020,0.57087,3.98668,-3.96936
2022,05,14,20:44:14.380,sun,0.000,0.000000,-0.003813,-23.176550,-1.46935,-10.29773,-9.72634,-1.70406,-10.14068,-9.69056,-1.85849,-10.14229,-9.68577,-1.88428,-10.16919,-9.72578,-1.57326,-10.21776,-9.70238,-1.66905,0.00196,-1.80816,-10.23758,-9.67113,-0.52015,-10.11284,-9.69095,-1.47254,-10.08582,-9.68372,-9.63679,-9.62333,-9.70877,0.57088,3.98666,-3.96933
2022,05,14,20:44:14.630,sun,0.000,0.000000,-0.003182,-15.678793,-1.46956,-10.33528,-9.75850,-1.70337,-10.19647,-9.72417,-1.85876,-10.17819,-9.70720,-1.88374,-10.20131,-9.69916,-1.57324,-10.15648,-9.66029,-1.66908,0.00196,-1.80812,-10.20636,-9.62290,-0.51908,-10.07425,-9.67955,-1.47207,-10.06172,-9.70221,-9.65821,-9.65617,-9.74032,0.57085,3.98672,-3.96939
2022,05,14,20:44:14.879,sun,0.000,0.000000,-0.002397,0.418167,-1.46844,-10.30668,-9.72602,-1.70280,-10.15237,-9.67287,-1.85813,-10.13396,-9.68588,-1.88338,-10.13558,-9.71377,-1.57300,-10.20195,-9.70117,-1.66912,0.00193,-1.80777,-10.22080,-9.66506,-0.52047,-10.11029,-9.69359,-1.47225,-10.11154,-9.68575,-9.63875,-9.62554,-9.70399,0.57081,3.98663,-3.96939
2022,05,14,20:44:15.129,sun,0.000,0.000000,-0.004403,-28.783639,-1.46786,-10.33059,-9.75467,-1.70217,-10.21169,-9.70543,-1.85825,-10.17218,-9.70642,-1.88297,-10.20416,-9.70072,-1.57290,-10.17324,-9.68064,-1.66909,0.00191,-1.80644,-10.20480,-9.63761,-0.51889,-10.07277,-9.67224,-1.47104,-10.08482,-9.70284,-9.65103,-9.65545,-9.74051,0.57085,3.98659,-3.96943
2022,05,14,20:44:15.380,sun,0.000,0.000000,-0.002087,2.873372,-1.46769,-10.28890,-9.72909,-1.70188,-10.15888,-9.68748,-1.85730,-10.14051,-9.68798,-1.88272,-10.16542,-9.70404,-1.57219,-10.22146,-9.69255,-1.66915,0.00196,-1.80656,-10.24005,-9.67811,-0.51962,-10.08975,-9.69081,-1.47119,-10.10772,-9.69089,-9.62164,-9.62243,-9.70780,0.57084,3.98664,-3.96945
2022,05,14,20:44:15.630,sun,0.000,0.000000,-0.002841,-21.107990,-1.46803,-10.31453,-9.75813,-1.70250,-10.21387,-9.72375,-1.85830,-10.16614,-9.70365,-1.88235,-10.20009,-9.69981,-1.57275,-10.17374,-9.68309,-1.66909,0.00187,-1.80657,-10.19803,-9.64207,-0.52022,-10.07876,-9.66740,-1.47100,-10.08775,-9.70550,-9.65613,-9.64053,-9.73045,0.57083,3.98660,-3.96947
2022,05,14,20:44:15.880,sun,0.000,0.000000,-0.001772,-2.772557,-1.46733,-10.29084,-9.71916,-1.70143,-10.17265,-9.69591,-1.85722,-10.11639,-9.68353,-1.88212,-10.17462,-9.72163,-1.57196,-10.20999,-9.70492,-1.66914,0.00186,-1.80611,-10.22014,-9.66893,-0.52034,-10.11778,-9.68024,-1.47033,-10.10680,-9.69120,-9.63677,-9.61281,-9.69865,0.57079,3.98657,-3.96946
2022,05,14,20:44:16.129,sun,0.000,0.000000,-0.003002,-24.522079,-1.46696,-10.33469,-9.74928,-1.70112,-10.21010,-9.72775,-1.85722,-10.17374,-9.69664,-1.88185,-10.21102,-9.71249,-1.57226,-10.14654,-9.67979,-1.66917,0.00191,-1.80594,-10.18805,-9.64035,-0.51988,-10.08241,-9.67684,-1.47046,-10.08286,-9.71062,-9.66548,-9.65290,-9.72428,0.57079,3.98661,-3.96944
2022,05,14,20:44:16.379,sun,0.000,0.000000,-0.002647,-24.092846,-1.46744,-10.29887,-9.73170,-1.70256,-10.16898,-9.69426,-1.85904,-10.13479,-9.66916,-1.88169,-10.17604,-9.72073,-1.57246,-10.19096,-9.70297,-1.66918,0.00191,-1.80636,-10.22438,-9.67084,-0.52115,-10.11079,-9.69300,-1.47047,-10.09585,-9.69437,-9.63793,-9.63412,-9.71465,0.57082,3.98657,-3.96948
2022,05,14,20:44:16.630,sun,0.000,0.000000,-0.002161,-0.613336,-1.46677,-10.33749,-9.76812,-1.70150,-10.20001,-9.72664,-1.85736,-10.18496,-9.69830,-1.88153,-10.21787,-9.71371,-1.57211,-10.17547,-9.67499,-1.66917,0.00185,-1.80585,-10.19605,-9.63103,-0.52099,-10.08718,-9.67646,-1.47025,-10.06452,-9.70427,-9.66886,-9.66022,-9.74198,0.57080,3.98658,-3.96944
2022,05,14,20:44:16.880,sun,0.000,0.000000,-0.002024,-21.793206,-1.46615,-10.30042,-9.72923,-1.70140,-10.13472,-9.69242,-1.85716,-10.14488,-9.68410,-1.88133,-10.16400,-9.72088,-1.57137,-10.22022,-9.68752,-1.66914,0.00190,-1.80513,-10.22547,-9.64465,-0.51995,-10.10330,-9.69353,-1.46931,-10.09226,-9.69814,-9.63981,-9.62490,-9.71069,0.57080,3.98664,-3.96945
2022,05,14,20:44:17.130,sun,0.000,0.000000,-0.001416,-21.880438,-1.46601,-10.33105,-9.76044,-1.70112,-10.19356,-9.71389,-1.85665,-10.18070,-9.70601,-1.88110,-10.18809,-9.70825,-1.57138,-10.17649,-9.67912,-1.66916,0.00192,-1.80538,-10.19514,-9.63297,-0.52040,-10.08741,-9.68111,-1.46958,-10.08288,-9.69366,-9.65618,-9.65207,-9.73045,0.57085,3.98663,-3.96946
2022,05,14,20:44:17.380,sun,0.000,0.000000,-0.001555,-17.030419,-1.46565,-10.29746,-9.73381,-1.70065,-10.16738,-9.67970,-1.85662,-10.14634,-9.69377,-1.88097,-10.15030,-9.71823,-1.57186,-10.20766,-9.70536,-1.66917,0.00192,-1.80482,-10.23166,-9.67140,-0.51998,-10.10755,-9.69573,-1.46928,-10.10722,-9.68531,-9.64102,-9.63616,-9.70835,0.57080,3.98657,-3.96947
2022,05,14,20:44:17.629,sun,0.000,0.000000,-0.001576,-17.956390,-1.46502,-10.31267,-9.75402,-1.70022,-10.19959,-9.72232,-1.85652,-10.17715,-9.70556,-1.88076,-10.21094,-9.69959,-1.57154,-10.17979,-9.68166,-1.66915,0.00194,-1.80536,-10.19763,-9.63631,-0.52046,-10.07417,-9.67906,-1.46966,-10.08180,-9.70733,-9.65084,-9.65561,-9.74371,0.57082,3.98664,-3.96945
2022,05,14,20:44:17.880,sun,0.000,0.000000,-0.001551,-14.112459,-1.46547,-10.28150,-9.72357,-1.70052,-10.16758,-9.69394,-1.85627,-10.13228,-9.69082,-1.88065,-10.18252,-9.71385,-1.57115,-10.22016,-9.70818,-1.66912,0.00190,-1.80457,-10.23197,-9.66971,-0.52058,-10.09730,-9.69235,-1.46908,-10.09872,-9.69067,-9.63441,-9.61968,-9.70695,0.57079,3.98662,-3.96946
2022,05,14,20:44:18.130,sun,0.000,0.000000,-0.000855,4.171417,-1.46538,-10.32947,-9.75130,-1.70044,-10.21539,-9.71832,-1.85597,-10.14202,-9.70437,-1.88056,-10.20410,-9.71006,-1.57140,-10.17297,-9.67615,-1.66917,0.00191,-1.80539,-10.20319,-9.63885,-0.52148,-10.08038,-9.66481,-1.46922,-10.08589,-9.71224,-9.66602,-9.64850,-9.73265,0.57082,3.98657,-3.96944
2022,05,14,20:44:18.380,sun,0.000,0.000000,-0.001126,-4.592945,-1.46500,-10.30082,-9.71559,-1.70040,-10.17621,-9.69413,-1.85647,-10.12405,-9.68584,-1.88050,-10.17539,-9.71816,-1.57151,-10.18751,-9.69815,-1.66915,0.00187,-1.80469,-10.22849,-9.67296,-0.52034,-10.10769,-9.68992,-1.46892,-10.09688,-9.68968,-9.64718,-9.63575,-9.70425,0.57084,3.98660,-3.96945
2022,05,14,20:44:18.630,sun,0.000,0.000000,0.000874,-1.524985,-1.46499,-10.32688,-9.75300,-1.70012,-10.20701,-9.72187,-1.85622,-10.17361,-9.69205,-1.88035,-10.20313,-9.70923,-1.57187,-10.15914,-9.67798,-1.66915,0.00186,-1.80410,-10.17372,-9.62180,-0.52078,-10.08394,-9.67948,-1.46878,-10.07525,-9.71341,-9.67260,-9.66455,-9.75500,0.57080,3.98664,-3.96947
2022,05,14,20:44:18.880,sun,0.000,0.000000,-0.000249,-6.667616,-1.46526,-10.30163,-9.73299,-1.70107,-10.14466,-9.67705,-1.85719,-10.13644,-9.68384,-1.88028,-10.17074,-9.71704,-1.57193,-10.19528,-9.69357,-1.66911,0.00191,-1.80512,-10.23313,-9.66010,-0.52148,-10.11078,-9.69764,-1.46933,-10.08563,-9.68666,-9.63594,-9.62657,-9.70866,0.57082,3.98656,-3.96945
2022,05,14,20:44:19.129,sun,0.000,0.000000,0.000177,7.282563,-1.46503,-10.32761,-9.76164,-1.69988,-10.19256,-9.71990,-1.85596,-10.17961,-9.70582,-1.88014,-10.19055,-9.70132,-1.57183,-10.16532,-9.67064,-1.66912,0.00191,-1.80452,-10.20041,-9.62375,-0.52109,-10.08755,-9.68147,-1.46842,-10.07086,-9.69980,-9.66267,-9.65527,-9.74142,0.57084,3.98662,-3.96947
2022,05,14,20:44:19.379,sun,0.000,0.000000,0.001957,4.701081,-1.46472,-10.29807,-9.72920,-1.69983,-10.17278,-9.68708,-1.85545,-10.14309,-9.68724,-1.88003,-10.15315,-9.71317,-1.57105,-10.22313,-9.70810,-1.66904,0.00189,-1.80374,-10.22469,-9.66454,-0.52020,-10.11317,-9.69367,-1.46812,-10.10379,-9.67709,-9.63321,-9.62803,-9.71275,0.57085,3.98660,-3.96945
2022,05,14,20:44:19.630,sun,0.000,0.000000,0.001857,3.713151,-1.46489,-10.32561,-9.76092,-1.69989,-10.21988,-9.70784,-1.85581,-10.17561,-9.70347,-1.87988,-10.18753,-9.70495,-1.57176,-10.18026,-9.68218,-1.66914,0.00194,-1.80467,-10.21005,-9.64474,-0.52105,-10.08158,-9.67691,-1.46873,-10.08287,-9.70219,-9.65540,-9.64879,-9.73003,0.57086,3.98661,-3.96941
2022,05,14,20:44:19.880,sun,0.000,0.000000,0.001463,-5.177817,-1.46435,-10.29086,-9.73150,-1.69984,-10.17687,-9.68351,-1.85564,-10.14147,-9.68879,-1.87983,-10.16715,-9.70572,-1.57181,-10.21666,-9.70386,-1.66909,0.00192,-1.80399,-10.23773,-9.67290,-0.52009,-10.09528,-9.69455,-1.46756,-10.10074,-9.69050,-9.62588,-9.63318,-9.71626,0.57086,3.98660,-3.96944
2022,05,14,20:44:20.130,sun,0.000,0.000000,0.002513,13.968082,-1.46404,-10.31288,-9.75560,-1.69888,-10.22087,-9.72717,-1.85483,-10.15914,-9.70357,-1.87970,-10.19965,-9.69018,-1.57142,-10.17648,-9.68247,-1.66912,0.00197,-1.80395,-10.19151,-9.62849,-0.52055,-10.07973,-9.67004,-1.46837,-10.07380,-9.70711,-9.65798,-9.65363,-9.73993,0.57089,3.98664,-3.96946
2022,05,14,20:44:20.379,sun,0.000,0.000000,0.002003,-2.850281,-1.46444,-10.29517,-9.71780,-1.69943,-10.17314,-9.69651,-1.85464,-10.12270,-9.68484,-1.87967,-10.18208,-9.71988,-1.57101,-10.20234,-9.68825,-1.66910,0.00193,-1.80369,-10.23695,-9.67252,-0.52035,-10.10950,-9.67984,-1.46769,-10.11111,-9.69477,-9.64691,-9.62537,-9.71045,0.57093,3.98660,-3.96943
2022,05,14,20:44:20.629,sun,0.000,0.000000,0.002927,7.958119,-1.46411,-10.32254,-9.75049,-1.69932,-10.21937,-9.72470,-1.85505,-10.16560,-9.70049,-1.87960,-10.21091,-9.70544,-1.57155,-10.16198,-9.68212,-1.66910,0.00190,-1.80308,-10.17890,-9.63133,-0.51999,-10.08223,-9.67434,-1.46780,-10.08527,-9.70380,-9.66024,-9.65737,-9.73031,0.57087,3.98665,-3.96941
2022,05,14,20:44:20.880,sun,0.000,0.000000,0.002113,3.880968,-1.46459,-10.30056,-9.72573,-1.69972,-10.16940,-9.69871,-1.85591,-10.14392,-9.67558,-1.87950,-10.16483,-9.71144,-1.57160,-10.19764,-9.70008,-1.66913,0.00188,-1.80317,-10.21033,-9.65638,-0.52022,-10.10974,-9.69209,-1.46841,-10.09857,-9.69147,-9.64577,-9.63741,-9.72458,0.57090,3.98662,-3.96943
2022,05,14,20:44:21.130,sun,0.000,0.000000,0.003321,8.311574,-1.46437,-10.33046,-9.76058,-1.69899,-10.20620,-9.72114,-1.85502,-10.17903,-9.69688,-1.87945,-10.20173,-9.69561,-1.57159,-10.15852,-9.67134,-1.66915,0.00193,-1.80384,-10.20269,-9.63670,-0.52082,-10.08604,-9.67934,-1.46822,-10.07375,-9.70751,-9.66227,-9.66109,-9.74635,0.57088,3.98664,-3.96940
2022,05,14,20:44:21.380,sun,0.000,0.000000,0.005828,11.887251,-1.46407,-10.30307,-9.72945,-1.69960,-10.15050,-9.69273,-1.85503,-10.14447,-9.69033,-1.87937,-10.17564,-9.71921,-1.57131,-10.22248,-9.69134,-1.66909,0.00193,-1.80336,-10.24068,-9.65745,-0.52024,-10.10863,-9.69662,-1.46761,-10.09500,-9.68812,-9.64361,-9.63722,-9.71933,0.57090,3.98667,-3.96948
2022,05,14,20:44:21.630,sun,0.000,0.000000,0.005168,3.555842,-1.46401,-10.33002,-9.75585,-1.69870,-10.21015,-9.72369,-1.85463,-10.17637,-9.70569,-1.87928,-10.18827,-9.70265,-1.57128,-10.17743,-9.67233,-1.66907,0.00195,-1.80267,-10.20382,-9.63425,-0.51987,-10.07284,-9.67860,-1.46785,-10.08530,-9.69356,-9.65757,-9.65729,-9.74349,0.57093,3.98668,-3.96939
2022,05,14,20:44:21.879,sun,0.000,0.000000,0.004332,3.702985,-1.46358,-10.30422,-9.71955,-1.69902,-10.15738,-9.67909,-1.85382,-10.13186,-9.68425,-1.87923,-10.16472,-9.71466,-1.57118,-10.21886,-9.70901,-1.66904,0.00196,-1.80241,-10.23920,-9.67744,-0.52013,-10.09716,-9.69076,-1.46780,-10.10950,-9.69096,-9.63079,-9.63567,-9.72070,0.57094,3.98666,-3.96942
2022,05,14,20:44:22.129,sun,0.000,0.000000,0.006102,8.893904,-1.46371,-10.31827,-9.75266,-1.69906,-10.20372,-9.71841,-1.85507,-10.17705,-9.70586,-1.87918,-10.20475,-9.69730,-1.57201,-10.17733,-9.68151,-1.66909,0.00197,-1.80254,-10.20769,-9.64799,-0.52032,-10.07266,-9.67547,-1.46768,-10.08727,-9.70780,-9.64190,-9.65590,-9.74410,0.57097,3.98667,-3.96941
2022,05,14,20:44:22.380,sun,0.000,0.000000,0.006346,5.151176,-1.46380,-10.28017,-9.71779,-1.69949,-10.15763,-9.68952,-1.85506,-10.12596,-9.68451,-1.87912,-10.16937,-9.71060,-1.57185,-10.21632,-9.70770,-1.66906,0.00196,-1.80306,-10.23853,-9.67532,-0.52015,-10.09700,-9.68536,-1.46747,-10.10630,-9.69159,-9.62690,-9.62574,-9.71187,0.57090,3.98672,-3.96938
2022,05,14,20:44:22.630,sun,0.000,0.000000,0.005485,0.096518,-1.46376,-10.31829,-9.74275,-1.69907,-10.19083,-9.71258,-1.85494,-10.15282,-9.69918,-1.87910,-10.20500,-9.70602,-1.57182,-10.14989,-9.67381,-1.66911,0.00195,-1.80272,-10.20109,-9.63747,-0.51998,-10.07708,-9.65736,-1.46798,-10.08637,-9.70736,-9.65689,-9.64397,-9.73151,0.57089,3.98668,-3.96939
2022,05,14,20:44:22.880,sun,0.000,0.000000,0.003336,3.503382,-1.46426,-10.30122,-9.71297,-1.69913,-10.15395,-9.69044,-1.85518,-10.12688,-9.68616,-1.87905,-10.17615,-9.71515,-1.57189,-10.20180,-9.70609,-1.66910,0.00197,-1.80323,-10.21356,-9.66348,-0.51969,-10.11347,-9.68321,-1.46766,-10.09743,-9.68948,-9.64183,-9.62875,-9.68883,0.57091,3.98675,-3.96945
2022,05,14,20:44:23.129,sun,0.000,0.000000,0.000799,-2.091980,-1.46392,-10.32525,-9.75787,-1.69879,-10.19491,-9.72478,-1.85406,-10.18377,-9.69124,-1.87901,-10.20478,-9.71052,-1.57167,-10.15541,-9.67929,-1.66910,0.00188,-1.80281,-10.18551,-9.63566,-0.51954,-10.08815,-9.67457,-1.46754,-10.07777,-9.70564,-9.66267,-9.65547,-9.74337,0.57089,3.98665,-3.96949
2022,05,14,20:44:23.379,sun,0.000,0.000000,0.004239,7.830591,-1.46445,-10.29905,-9.73060,-1.69967,-10.15369,-9.69372,-1.85525,-10.14743,-9.67706,-1.87906,-10.17745,-9.72135,-1.57227,-10.20339,-9.69394,-1.66908,0.00196,-1.80333,-10.22695,-9.66288,-0.52053,-10.11773,-9.69317,-1.46776,-10.09058,-9.69306,-9.64582,-9.63551,-9.71886,0.57089,3.98662,-3.96946
2022,05,14,20:44:23.630,sun,0.000,0.000000,0.003684,-7.728502,-1.46370,-10.32485,-9.75349,-1.69897,-10.20342,-9.72217,-1.85470,-10.16963,-9.69938,-1.87901,-10.18459,-9.70349,-1.57199,-10.15830,-9.66625,-1.66909,0.00194,-1.80237,-10.19752,-9.62449,-0.51976,-10.08421,-9.67589,-1.46748,-10.07736,-9.70689,-9.65681,-9.65308,-9.73815,0.57090,3.98668,-3.96945
2022,05,14,20:44:23.880,sun,0.000,0.000000,0.003778,4.094373,-1.46345,-10.30438,-9.72650,-1.69920,-10.15808,-9.68695,-1.85504,-10.14797,-9.68338,-1.87895,-10.16401,-9.71442,-1.57255,-10.19581,-9.70016,-1.66911,0.00196,-1.80240,-10.23667,-9.66440,-0.52028,-10.11295,-9.69399,-1.46775,-10.10511,-9.67922,-9.63784,-9.62963,-9.71463,0.57094,3.98672,-3.96947
2022,05,14,20:44:24.130,sun,0.000,0.000000,-0.003071,-31.970623,-1.46372,-10.32885,-9.75929,-1.69886,-10.21256,-9.71276,-1.85427,-10.18044,-9.70365,-1.87895,-10.18507,-9.70442,-1.57221,-10.15958,-9.67491,-1.66910,0.00195,-1.80195,-10.20297,-9.64365,-0.51984,-10.08497,-9.67920,-1.46756,-10.09203,-9.70275,-9.65424,-9.65016,-9.73419,0.57098,3.98668,-3.96954
2022,05,14,20:44:24.380,sun,0.000,0.000000,-0.001166,-25.494481,-1.46389,-10.28813,-9.72847,-1.69922,-10.16361,-9.68480,-1.85488,-10.14579,-9.68679,-1.87889,-10.17011,-9.71227,-1.57240,-10.20573,-9.70608,-1.66902,0.00202,-1.80294,-10.22522,-9.67458,-0.52066,-10.10023,-9.69106,-1.46758,-10.10245,-9.69592,-9.62605,-9.62573,-9.71594,0.57099,3.98671,-3.96947
2022,05,14,20:44:24.629,sun,0.000,0.000000,0.000466,-4.172521,-1.46367,-10.29724,-9.73603,-1.69934,-10.17270,-9.69972,-1.85535,-10.14326,-9.69810,-1.87877,-10.17828,-9.67716,-1.57267,-10.13435,-9.66637,-1.66908,0.00198,-1.80276,-10.16323,-9.60215,-0.52081,-10.05940,-9.66778,-1.46738,-10.05126,-9.68196,-9.63313,-9.62109,-9.70615,0.57095,3.98670,-3.96948
