YYYY,MM,DD,hh,mm,ss,msec,elev_set,azi_set,elev_pid_out,azi_pid_out,CH1_0,CH1_2,CH1_4,CH2_0,CH2_2,CH2_4,CH3_0,CH3_2,CH3_4,CH4_0,CH4_2,CH4_4,CH5_0,CH5_2,CH5_4,Here,CH6_0,CH6_2,CH6_4,CH7_0,CH7_2,CH7_4,CH8_0,CH8_2,CH8_4,CH9_0,CH9_2,CH9_4,SPARE,5vRef_Temp,12POS_0_33,12NEG_0_33
2022,05,08,06,38,39,383,tr,0.000,0.000000,0.069453,300.000000,-0.00355,-0.00807,-0.61709,-0.00336,-0.01273,-1.09333,-0.00343,-0.01496,-1.30872,-0.00335,-0.01551,-1.36625,-0.00335,-0.01220,-1.03356,-1.67086,-0.00338,0.13112,10.12169,5.67356,0.17087,10.12169,10.12169,0.08686,8.83949,10.12169,9.00480,10.12169,9.87275,0.57547,3.97096,-4.00127
2022,05,08,06,38,43,334,tr,0.000,0.000000,0.069468,300.000000,-0.00345,-0.00821,-0.62859,-0.00343,-0.01274,-1.09101,-0.00345,-0.01489,-1.30482,-0.00342,-0.01580,-1.38122,-0.00397,-0.01302,-1.03876,-1.67195,-0.00481,0.12953,10.12169,5.67204,0.16860,10.12169,10.12169,0.08417,8.80035,10.12169,8.99755,10.12169,9.90181,0.57270,3.96819,-4.00391
2022,05,08,06,38,43,448,tr,0.000,0.000000,0.052457,297.546208,-0.00666,-0.01131,-0.69296,-0.00671,-0.01623,-1.19287,-0.00671,-0.01885,-1.45460,-0.00641,-0.01834,-1.43253,-0.00643,-0.01512,-1.09669,-1.67332,-0.00625,0.12837,10.12169,5.67154,0.16828,10.12169,10.12169,0.08428,8.79568,10.12169,9.00151,10.12169,9.79399,0.57346,3.96883,-4.00328
2022,05,08,06,38,43,633,tr,0.000,0.000000,-0.064379,168.077452,-0.00685,-0.01143,-0.71412,-0.00647,-0.01594,-1.18554,-0.00640,-0.01836,-1.43795,-0.00627,-0.01817,-1.41189,-0.00621,-0.01478,-1.08538,-1.67303,-0.00586,0.12883,10.12169,5.66901,0.16851,10.12169,10.12169,0.08425,8.79618,10.12169,8.99947,10.12169,9.80513,0.57351,3.96873,-4.00328
2022,05,08,06,38,43,883,tr,0.000,0.000000,-0.024454,118.725679,-0.00601,-0.01064,-0.69361,-0.00614,-0.01559,-1.17866,-0.00629,-0.01828,-1.42771,-0.00626,-0.01799,-1.40804,-0.00606,-0.01462,-1.08349,-1.67273,-0.00562,0.12929,10.12169,5.66817,0.16895,10.12169,10.12169,0.08501,8.80597,10.12169,9.00204,10.12169,9.82741,0.57420,3.96957,-4.00277
2022,05,08,06,38,44,134,tr,0.000,0.000000,0.217257,56.391780,-0.00636,-0.01118,-0.70776,-0.00608,-0.01546,-1.17518,-0.00611,-0.01805,-1.42754,-0.00593,-0.01771,-1.39990,-0.00591,-0.01456,-1.08442,-1.67270,-0.00561,0.12899,10.12169,5.67141,0.16875,10.12169,10.12169,0.08478,8.80179,10.12169,9.00003,10.12169,9.84664,0.57381,3.96906,-4.00289
2022,05,08,06,38,44,384,tr,0.000,0.000000,-0.037671,44.540606,-0.00585,-0.01065,-0.69525,-0.00597,-0.01543,-1.17296,-0.00602,-0.01811,-1.42605,-0.00598,-0.01769,-1.39780,-0.00606,-0.01465,-1.08230,-1.67289,-0.00558,0.12900,10.12169,5.67465,0.16894,10.12169,10.12169,0.08489,8.80435,10.12169,9.00088,10.12169,9.86883,0.57390,3.96918,-4.00302
2022,05,08,06,38,44,634,tr,0.000,0.000000,-0.060251,19.407048,-0.00654,-0.01124,-0.70561,-0.00628,-0.01582,-1.18355,-0.00627,-0.01842,-1.43742,-0.00605,-0.01789,-1.41422,-0.00607,-0.01469,-1.09535,-1.67289,-0.00577,0.12879,10.12169,5.67440,0.16836,10.12169,10.12169,0.08428,8.79647,10.12169,9.00032,10.12169,9.88523,0.57333,3.96870,-4.00336
2022,05,08,06,38,44,883,tr,0.000,0.000000,-0.027866,26.989482,-0.00672,-0.01155,-0.72356,-0.00702,-0.01643,-1.20002,-0.00690,-0.01918,-1.46555,-0.00699,-0.01873,-1.42480,-0.00696,-0.01572,-1.10162,-1.67356,-0.00650,0.12830,10.12169,5.67311,0.16790,10.12169,10.12169,0.08367,8.78833,10.12169,9.00047,10.12169,9.90212,0.57284,3.96811,-4.00414
2022,05,08,06,38,45,133,tr,0.000,0.000000,-0.225891,20.933080,-0.00729,-0.01198,-0.72979,-0.00710,-0.01649,-1.20048,-0.00709,-0.01926,-1.46790,-0.00702,-0.01879,-1.43116,-0.00701,-0.01570,-1.11631,-1.67369,-0.00662,0.12795,10.12169,5.67274,0.16774,10.12169,10.12169,0.08359,8.78386,10.12169,8.99934,10.12169,9.91409,0.57286,3.96828,-4.00359
2022,05,08,06,38,45,383,tr,0.000,0.000000,0.034210,15.083542,-0.00695,-0.01186,-0.73643,-0.00670,-0.01631,-1.19528,-0.00670,-0.01879,-1.44905,-0.00675,-0.01839,-1.42001,-0.00656,-0.01515,-1.09786,-1.67330,-0.00628,0.12832,10.12169,5.67210,0.16807,10.12169,10.12169,0.08391,8.79113,10.12169,9.00102,10.12169,9.92294,0.57296,3.96836,-4.00366
2022,05,08,06,38,45,634,tr,0.000,0.000000,0.234206,2.059252,-0.00678,-0.01134,-0.70337,-0.00691,-0.01656,-1.19930,-0.00692,-0.01907,-1.46198,-0.00690,-0.01861,-1.42371,-0.00679,-0.01540,-1.10300,-1.67352,-0.00632,0.12850,10.12169,5.67476,0.16807,10.12169,10.12169,0.08399,8.79400,10.12169,9.00349,10.12169,9.92817,0.57308,3.96823,-4.00401
2022,05,08,06,38,45,884,tr,0.000,0.000000,-0.066060,-1.293519,-0.00698,-0.01168,-0.71931,-0.00661,-0.01615,-1.19327,-0.00663,-0.01884,-1.45576,-0.00658,-0.01859,-1.42504,-0.00664,-0.01529,-1.10290,-1.67353,-0.00635,0.12822,10.12169,5.69753,0.16743,10.12169,10.12169,0.08366,8.79018,10.12169,9.00318,10.12169,9.94227,0.57276,3.96806,-4.00391
2022,05,08,06,38,46,134,tr,0.000,0.000000,0.255840,8.146139,-0.00665,-0.01129,-0.71417,-0.00673,-0.01627,-1.19283,-0.00692,-0.01902,-1.45103,-0.00689,-0.01881,-1.42239,-0.00688,-0.01550,-1.09786,-1.67370,-0.00652,0.12827,10.12169,5.69647,0.16792,10.12169,10.12169,0.08396,8.79142,10.12169,9.00189,10.12169,9.95328,0.57305,3.96824,-4.00410
2022,05,08,06,38,46,383,tr,0.000,0.000000,-0.057491,-0.007478,-0.00689,-0.01190,-0.72842,-0.00673,-0.01628,-1.20076,-0.00684,-0.01894,-1.45876,-0.00667,-0.01855,-1.42728,-0.00668,-0.01528,-1.09982,-1.67335,-0.00640,0.12826,10.12169,5.69616,0.16796,10.12169,10.12169,0.08387,8.79146,10.12169,9.00235,10.12169,9.96118,0.57309,3.96840,-4.00360
2022,05,08,06,38,46,633,tr,0.000,0.000000,-0.032829,-1.461567,-0.00677,-0.01157,-0.71941,-0.00690,-0.01645,-1.20132,-0.00692,-0.01918,-1.45761,-0.00690,-0.01876,-1.42991,-0.00693,-0.01553,-1.10474,-1.67354,-0.00640,0.12822,10.12169,5.69414,0.16806,10.12169,10.12169,0.08390,8.79378,10.12169,9.00444,10.12169,9.97157,0.57301,3.96830,-4.00396
2022,05,08,06,38,46,883,tr,0.000,0.000000,0.004374,5.415370,-0.00706,-0.01168,-0.71270,-0.00683,-0.01639,-1.20483,-0.00684,-0.01916,-1.46350,-0.00681,-0.01872,-1.43596,-0.00686,-0.01539,-1.09965,-1.67350,-0.00650,0.12794,10.12169,5.69413,0.16776,10.12169,10.12169,0.08362,8.78966,10.12169,9.00473,10.12169,9.97321,0.57267,3.96806,-4.00393
2022,05,08,06,38,47,134,tr,0.000,0.000000,-0.265534,5.870759,-0.00691,-0.01160,-0.71776,-0.00712,-0.01661,-1.20416,-0.00717,-0.01930,-1.46658,-0.00707,-0.01884,-1.43118,-0.00698,-0.01575,-1.11052,-1.67365,-0.00652,0.12825,10.12169,5.69825,0.16809,10.12169,10.12169,0.08390,8.79181,10.12169,9.00227,10.12169,9.98408,0.57335,3.96859,-4.00359
2022,05,08,06,38,47,384,tr,0.000,0.000000,0.142725,-10.766357,-0.00684,-0.01157,-0.71859,-0.00675,-0.01620,-1.19816,-0.00661,-0.01873,-1.44840,-0.00660,-0.01838,-1.41743,-0.00650,-0.01521,-1.09589,-1.67321,-0.00620,0.12840,10.12169,5.69939,0.16816,10.12169,10.12169,0.08397,8.79433,10.12169,9.00397,10.12169,9.99271,0.57296,3.96845,-4.00361
2022,05,08,06,38,47,634,tr,0.000,0.000000,-0.093215,-2.516635,-0.00677,-0.01149,-0.71611,-0.00696,-0.01656,-1.19838,-0.00695,-0.01909,-1.46039,-0.00707,-0.01876,-1.43105,-0.00682,-0.01548,-1.10698,-1.67362,-0.00643,0.12838,10.12169,5.69851,0.16810,10.12169,10.12169,0.08396,8.79424,10.12169,9.00469,10.12169,9.99694,0.57292,3.96825,-4.00409
2022,05,08,06,38,47,883,tr,0.000,0.000000,-0.248535,-2.206541,-0.00708,-0.01181,-0.72636,-0.00685,-0.01647,-1.20226,-0.00681,-0.01900,-1.46293,-0.00686,-0.01869,-1.42836,-0.00677,-0.01536,-1.10371,-1.67359,-0.00645,0.12808,10.12169,5.69801,0.16784,10.12169,10.12169,0.08365,8.78949,10.12169,9.00334,10.12169,10.00034,0.57273,3.96791,-4.00394
2022,05,08,06,38,48,133,tr,0.000,0.000000,0.204768,-1.606595,-0.00704,-0.01143,-0.70435,-0.00701,-0.01662,-1.20610,-0.00712,-0.01929,-1.46875,-0.00707,-0.01911,-1.43954,-0.00707,-0.01559,-1.10446,-1.67385,-0.00656,0.12830,10.12169,5.69690,0.16781,10.12169,10.12169,0.08377,8.78892,10.12169,9.00184,10.12169,10.00403,0.57292,3.96806,-4.00406
2022,05,08,06,38,48,384,tr,0.000,0.000000,-0.329007,-2.074139,-0.00689,-0.01147,-0.70381,-0.00657,-0.01608,-1.18995,-0.00673,-0.01882,-1.45379,-0.00664,-0.01857,-1.43044,-0.00662,-0.01521,-1.09953,-1.67338,-0.00641,0.12830,10.12169,5.67807,0.16793,10.12169,10.12169,0.08381,8.79236,10.12169,9.00470,10.12169,10.00748,0.57288,3.96824,-4.00387
2022,05,08,06,38,48,634,tr,0.000,0.000000,0.109651,-10.506488,-0.00649,-0.01106,-0.68580,-0.00656,-0.01607,-1.19277,-0.00662,-0.01865,-1.44793,-0.00646,-0.01829,-1.41878,-0.00638,-0.01505,-1.10255,-1.67300,-0.00593,0.12900,10.12169,5.67825,0.16867,10.12169,10.12169,0.08465,8.80498,10.12169,9.00518,10.12169,10.00871,0.57410,3.96936,-4.00288
2022,05,08,06,38,48,884,tr,0.000,0.000000,0.029758,-16.192191,-0.00597,-0.01075,-0.69080,-0.00571,-0.01522,-1.16702,-0.00578,-0.01772,-1.41607,-0.00564,-0.01749,-1.40105,-0.00560,-0.01427,-1.08042,-1.67250,-0.00543,0.12931,10.12169,5.67826,0.16908,10.12169,10.12169,0.08509,8.81251,10.12169,9.00664,10.12169,10.01169,0.57410,3.96946,-4.00253
2022,05,08,06,38,49,133,tr,0.000,0.000000,-0.265919,-9.599189,-0.00465,-0.00906,-0.64774,-0.00453,-0.01387,-1.12598,-0.00453,-0.01640,-1.36037,-0.00451,-0.01640,-1.36578,-0.00456,-0.01327,-1.05823,-1.67175,-0.00434,0.13036,10.12169,5.67794,0.17016,10.12169,10.12169,0.08602,8.82659,10.12169,9.00449,10.12169,10.01256,0.57461,3.96998,-4.00233
2022,05,08,06,38,49,383,tr,0.000,0.000000,0.420076,-8.428593,-0.00482,-0.00949,-0.66164,-0.00471,-0.01418,-1.13819,-0.00470,-0.01645,-1.36270,-0.00463,-0.01646,-1.37056,-0.00464,-0.01345,-1.06102,-1.67181,-0.00450,0.13015,10.12169,5.68079,0.16980,10.12169,10.12169,0.08558,8.82168,10.12169,9.00498,10.12169,10.01153,0.57442,3.96976,-4.00225
2022,05,08,06,38,49,633,tr,0.000,0.000000,-0.343732,-6.863296,-0.00421,-0.00879,-0.63921,-0.00430,-0.01375,-1.11885,-0.00431,-0.01602,-1.34908,-0.00430,-0.01616,-1.36670,-0.00427,-0.01314,-1.05615,-1.67167,-0.00419,0.13056,10.12169,5.67720,0.17027,10.12169,10.12169,0.08613,8.82996,10.12169,9.00680,10.12169,10.01737,0.57473,3.97020,-4.00206
2022,05,08,06,38,49,884,tr,0.000,0.000000,0.057189,-8.754097,-0.00444,-0.00905,-0.64496,-0.00430,-0.01376,-1.12195,-0.00429,-0.01600,-1.34404,-0.00431,-0.01614,-1.36423,-0.00422,-0.01298,-1.05307,-1.67156,-0.00422,0.13047,10.12169,5.67589,0.17033,10.12169,10.12169,0.08623,8.83101,10.12169,9.00749,10.12169,10.01963,0.57486,3.97035,-4.00167
2022,05,08,06,38,50,134,tr,0.000,0.000000,0.071661,14.285284,-0.00421,-0.00871,-0.62869,-0.00424,-0.01375,-1.11571,-0.00434,-0.01600,-1.34828,-0.00434,-0.01610,-1.36119,-0.00426,-0.01311,-1.05756,-1.67157,-0.00408,0.13064,10.12169,5.67861,0.17038,10.12169,10.12169,0.08624,8.83068,10.12169,9.00638,10.12169,10.01899,0.57492,3.97028,-4.00190
2022,05,08,06,38,50,384,tr,0.000,0.000000,-0.291064,0.541978,-0.00402,-0.00843,-0.61826,-0.00386,-0.01322,-1.10381,-0.00384,-0.01541,-1.32575,-0.00381,-0.01573,-1.35087,-0.00380,-0.01253,-1.04088,-1.67125,-0.00380,0.13089,10.12169,5.68197,0.17048,10.12169,10.12169,0.08642,8.83615,10.12169,9.00824,10.12169,10.02034,0.57509,3.97047,-4.00157
2022,05,08,06,38,50,633,tr,0.000,0.000000,0.236418,13.102505,-0.00387,-0.00822,-0.60883,-0.00387,-0.01322,-1.10234,-0.00389,-0.01532,-1.31602,-0.00391,-0.01575,-1.35202,-0.00389,-0.01273,-1.04642,-1.67128,-0.00383,0.13099,10.12169,5.68003,0.17073,10.12169,10.12169,0.08663,8.83799,10.12169,9.00815,10.12169,10.01919,0.57535,3.97069,-4.00156
2022,05,08,06,38,50,883,tr,0.000,0.000000,-0.085953,0.805094,-0.00367,-0.00823,-0.61402,-0.00359,-0.01301,-1.10251,-0.00365,-0.01520,-1.31642,-0.00360,-0.01547,-1.34685,-0.00355,-0.01239,-1.03748,-1.67104,-0.00369,0.13103,10.12169,5.65926,0.17074,10.12169,10.12169,0.08661,8.83834,10.12169,9.00768,10.12169,10.02183,0.57524,3.97075,-4.00144
2022,05,08,06,38,51,133,tr,0.000,0.000000,0.052860,2.912171,-0.00366,-0.00827,-0.62218,-0.00371,-0.01318,-1.10272,-0.00376,-0.01536,-1.32144,-0.00375,-0.01560,-1.34346,-0.00377,-0.01250,-1.04121,-1.67115,-0.00365,0.13104,10.12169,5.65952,0.17088,10.12169,10.12169,0.08675,8.83944,10.12169,9.00731,10.12169,10.02304,0.57535,3.97080,-4.00139
2022,05,08,06,38,51,384,tr,0.000,0.000000,0.154612,-0.848030,-0.00374,-0.00823,-0.61072,-0.00366,-0.01301,-1.09870,-0.00360,-0.01518,-1.31039,-0.00358,-0.01547,-1.34488,-0.00367,-0.01235,-1.03174,-1.67103,-0.00366,0.13095,10.12169,5.65910,0.17079,10.12169,10.12169,0.08659,8.83808,10.12169,9.00764,10.12169,10.02326,0.57524,3.97077,-4.00143
2022,05,08,06,38,51,635,tr,0.000,0.000000,-0.077026,-7.518716,-0.00361,-0.00811,-0.60673,-0.00362,-0.01310,-1.10418,-0.00371,-0.01528,-1.31600,-0.00372,-0.01555,-1.34361,-0.00374,-0.01248,-1.03993,-1.67112,-0.00356,0.13112,10.12169,5.66026,0.17080,10.12169,10.12169,0.08675,8.84071,10.12169,9.00900,10.12169,10.01558,0.57537,3.97079,-4.00140
2022,05,08,06,38,51,884,tr,0.000,0.000000,0.084125,-2.107205,-0.00366,-0.00817,-0.61013,-0.00364,-0.01303,-1.10532,-0.00359,-0.01511,-1.31277,-0.00360,-0.01544,-1.34316,-0.00359,-0.01243,-1.03734,-1.67110,-0.00359,0.13107,10.12169,5.66047,0.17085,10.12169,10.12169,0.08665,8.84078,10.12169,9.00961,10.12169,10.01751,0.57526,3.97080,-4.00132
2022,05,08,06,38,52,133,tr,0.000,0.000000,0.059269,-5.496163,-0.00344,-0.00804,-0.61936,-0.00352,-0.01296,-1.09683,-0.00356,-0.01505,-1.30435,-0.00355,-0.01531,-1.33687,-0.00352,-0.01230,-1.03686,-1.67096,-0.00341,0.13133,10.12169,5.65962,0.17111,10.12169,10.12169,0.08700,8.84439,10.12169,9.00947,10.12169,10.02374,0.57550,3.97094,-4.00113
2022,05,08,06,38,52,383,tr,0.000,0.000000,-0.402804,-5.580263,-0.00348,-0.00804,-0.61771,-0.00327,-0.01278,-1.09928,-0.00324,-0.01472,-1.29795,-0.00322,-0.01453,-1.28507,-0.00315,-0.01197,-1.02308,-1.67083,-0.00330,0.13136,10.12169,5.66036,0.17109,10.12169,10.12169,0.08702,8.84290,10.12169,9.00749,10.12169,10.02304,0.57556,3.97095,-4.00105
2022,05,08,06,38,52,634,tr,0.000,0.000000,-0.052939,-1.566046,-0.00345,-0.00807,-0.61974,-0.00355,-0.01295,-1.09821,-0.00353,-0.01506,-1.30738,-0.00350,-0.01485,-1.28751,-0.00347,-0.01221,-1.02988,-1.67096,-0.00343,0.13135,10.12169,5.66107,0.17100,10.12169,10.12169,0.08699,8.84101,10.12169,9.00574,10.12169,10.02305,0.57555,3.97089,-4.00122
2022,05,08,06,38,52,884,tr,0.000,0.000000,0.033534,-7.848919,-0.00356,-0.00810,-0.61817,-0.00336,-0.01280,-1.09783,-0.00346,-0.01494,-1.30785,-0.00336,-0.01469,-1.28242,-0.00335,-0.01213,-1.02735,-1.67090,-0.00346,0.13121,10.12169,5.66038,0.17097,10.12169,10.12169,0.08686,8.84240,10.12169,9.00798,10.12169,10.02377,0.57542,3.97096,-4.00119
2022,05,08,06,38,53,134,tr,0.000,0.000000,0.195882,-5.065852,-0.00346,-0.00821,-0.63092,-0.00348,-0.01290,-1.09639,-0.00359,-0.01508,-1.30807,-0.00354,-0.01486,-1.28886,-0.00353,-0.01224,-1.02683,-1.67103,-0.00351,0.13131,10.12169,5.65798,0.17097,10.12169,10.12169,0.08699,8.84401,10.12169,9.00905,10.12169,10.02365,0.57574,3.97113,-4.00101
2022,05,08,06,38,53,383,tr,0.000,0.000000,-0.628722,2.015410,-0.00321,-0.00780,-0.61448,-0.00310,-0.01249,-1.08362,-0.00314,-0.01457,-1.29010,-0.00316,-0.01440,-1.27730,-0.00315,-0.01185,-1.02009,-1.67067,-0.00308,0.13156,10.12169,5.65873,0.17135,10.12169,10.12169,0.08721,8.84830,10.12169,9.00856,10.12169,10.02583,0.57573,3.97111,-4.00097
2022,05,08,06,38,53,633,tr,0.000,0.000000,0.170280,6.536068,-0.00328,-0.00791,-0.61562,-0.00339,-0.01272,-1.09118,-0.00343,-0.01492,-1.30063,-0.00335,-0.01463,-1.27918,-0.00336,-0.01214,-1.03158,-1.67090,-0.00336,0.13141,10.12169,5.66051,0.17120,10.12169,10.12169,0.08720,8.84595,10.12169,9.00841,10.12169,10.02545,0.57586,3.97125,-4.00087
2022,05,08,06,38,53,883,tr,0.000,0.000000,-0.187944,7.433597,-0.00305,-0.00760,-0.59764,-0.00297,-0.01227,-1.06924,-0.00300,-0.01438,-1.28195,-0.00297,-0.01420,-1.26873,-0.00289,-0.01182,-1.02572,-1.67055,-0.00304,0.13165,10.12169,5.66035,0.17135,10.12169,10.12169,0.08708,8.84546,10.12169,9.00690,10.12169,10.01950,0.57561,3.97107,-4.00096
2022,05,08,06,38,54,134,tr,0.000,0.000000,0.305298,-3.400963,-0.00333,-0.00792,-0.61825,-0.00340,-0.01260,-1.08010,-0.00337,-0.01482,-1.30236,-0.00328,-0.01463,-1.28465,-0.00318,-0.01204,-1.03082,-1.67074,-0.00314,0.13163,10.12169,5.65805,0.17142,10.12169,10.12169,0.08727,8.84829,10.12169,9.00854,10.12169,10.02824,0.57589,3.97136,-4.00080
2022,05,08,06,38,54,384,tr,0.000,0.000000,-0.366862,-4.302323,-0.00303,-0.00763,-0.59941,-0.00296,-0.01223,-1.06885,-0.00289,-0.01436,-1.28932,-0.00293,-0.01465,-1.32152,-0.00287,-0.01165,-1.02052,-1.67045,-0.00289,0.13191,10.12169,5.65687,0.17150,10.12169,10.12169,0.08735,8.84914,10.12169,9.00703,10.12169,10.02533,0.57581,3.97127,-4.00085
2022,05,08,06,38,54,634,tr,0.000,0.000000,0.506301,-9.951730,-0.00284,-0.00731,-0.58662,-0.00287,-0.01226,-1.07220,-0.00291,-0.01428,-1.27807,-0.00295,-0.01464,-1.31856,-0.00276,-0.01158,-1.02064,-1.67044,-0.00279,0.13194,10.12169,5.66219,0.17161,10.12169,10.12169,0.08733,8.85015,10.12169,9.00802,10.12169,10.02631,0.57582,3.97121,-4.00097
2022,05,08,06,38,54,883,tr,0.000,0.000000,-0.451677,-5.525530,-0.00293,-0.00733,-0.58785,-0.00286,-0.01214,-1.06569,-0.00290,-0.01426,-1.28025,-0.00288,-0.01466,-1.31456,-0.00289,-0.01171,-1.02572,-1.67050,-0.00298,0.13172,10.12169,5.66048,0.17140,10.12169,10.12169,0.08730,8.84826,10.12169,9.00805,10.12169,10.02852,0.57583,3.97124,-4.00081
2022,05,08,06,38,55,133,tr,0.000,0.000000,1.000000,-13.605440,-0.00310,-0.00773,-0.61239,-0.00313,-0.01238,-1.07462,-0.00317,-0.01461,-1.28526,-0.00317,-0.01500,-1.32476,-0.00311,-0.01195,-1.03077,-1.67076,-0.00313,0.13166,10.12169,5.66120,0.17135,10.12169,10.12169,0.08724,8.84808,10.12169,9.00888,10.12169,10.02835,0.57589,3.97133,-4.00082
2022,05,08,06,38,55,383,tr,0.000,0.000000,-0.039056,-6.083182,-0.00329,-0.00805,-0.62536,-0.00319,-0.01236,-1.07066,-0.00327,-0.01467,-1.29643,-0.00324,-0.01505,-1.33194,-0.00318,-0.01202,-1.03287,-1.67080,-0.00337,0.13138,10.12169,5.65918,0.17112,10.12169,10.12169,0.08692,8.84307,10.12169,9.00785,10.12169,10.02466,0.57546,3.97092,-4.00124
2022,05,08,06,38,55,634,tr,0.000,0.000000,-0.004726,-5.212359,-0.00328,-0.00782,-0.60208,-0.00334,-0.01255,-1.07518,-0.00339,-0.01493,-1.29410,-0.00347,-0.01529,-1.33753,-0.00345,-0.01227,-1.03937,-1.67097,-0.00347,0.13135,10.12169,5.65697,0.17107,10.12169,10.12169,0.08695,8.84268,10.12169,9.00759,10.12169,10.02494,0.57549,3.97087,-4.00130
2022,05,08,06,38,55,884,tr,0.000,0.000000,-0.507126,-1.669155,-0.00401,-0.00842,-0.61232,-0.00390,-0.01315,-1.09529,-0.00391,-0.01517,-1.28582,-0.00393,-0.01568,-1.34475,-0.00394,-0.01259,-1.04306,-1.67113,-0.00376,0.13083,10.12169,5.65958,0.17051,10.12169,10.12169,0.08630,8.83437,10.12169,9.00855,10.12169,10.02361,0.57498,3.97055,-4.00153
2022,05,08,06,38,56,134,tr,0.000,0.000000,-0.070158,-9.843659,-0.00416,-0.00857,-0.62573,-0.00414,-0.01345,-1.10636,-0.00415,-0.01544,-1.30127,-0.00401,-0.01580,-1.34765,-0.00400,-0.01284,-1.05572,-1.67129,-0.00368,0.13107,10.12169,5.66438,0.17075,10.12169,10.12169,0.08649,8.83596,10.12169,9.00727,10.12169,10.01590,0.57512,3.97043,-4.00173
2022,05,08,06,38,56,383,tr,0.000,0.000000,0.709295,-6.088650,-0.00418,-0.00864,-0.62511,-0.00407,-0.01333,-1.10186,-0.00408,-0.01522,-1.29041,-0.00387,-0.01572,-1.35285,-0.00386,-0.01265,-1.04095,-1.67127,-0.00390,0.13099,10.12169,5.66668,0.17029,10.12169,10.12169,0.08599,8.82959,10.12169,9.00610,10.12169,10.02521,0.57462,3.97013,-4.00197
