YYYY,MM,DD,hh,mm,ss,msec,lat,lon,alt,state,elev_set,azi_set,elev_pid_out,azi_pid_out,CH1_0,CH1_2,CH1_4,CH2_0,CH2_2,CH2_4,CH3_0,CH3_2,CH3_4,CH4_0,CH4_2,CH4_4,CH5_0,CH5_2,CH5_4,Here,CH6_0,CH6_2,CH6_4,CH7_0,CH7_2,CH7_4,CH8_0,CH8_2,CH8_4,CH9_0,CH9_2,CH9_4,SPARE,5vRef_Temp,12POS_0_33,12NEG_0_33,J7_1,J7_2,J7_3,J7_4,J7_5,J7_6,J7_7,J7_8
2022,05,11,06,21,18,886,19.5364,-155.57557,3397,tr,0.000,0.000000,-0.000000,0.000000,-0.00245,-0.01104,-1.00747,-0.00241,-0.01403,-1.30972,-0.00242,-0.01297,-1.20334,-0.00235,-0.01410,-1.31608,-0.00236,-0.01336,-1.24228,-1.66949,-0.00243,0.12126,10.12169,10.12169,0.11854,10.12169,10.12169,0.09410,9.47352,10.12169,9.63704,10.12169,9.80313,0.58477,3.97076,-3.99939,-2.81242,-3.25023,-3.94852,0.27505,0.26487,0.26673,0.25473,0.26619
2022,05,11,06,21,20,737,19.5364,-155.57557,3397,tr,0.000,0.000000,-0.000000,0.000000,-0.00245,-0.01098,-1.00264,-0.00246,-0.01403,-1.30964,-0.00243,-0.01302,-1.20967,-0.00237,-0.01409,-1.31918,-0.00235,-0.01341,-1.24616,-1.66947,-0.00242,0.12127,10.12169,10.12169,0.11842,10.12169,10.12169,0.09411,9.47436,10.12169,9.63781,10.12169,9.80487,0.58473,3.97078,-3.99942,-2.81033,-3.22411,-3.91604,0.27506,0.26476,0.26669,0.25479,0.26619
2022,05,11,06,21,20,887,19.5364,-155.57557,3397,tr,0.000,0.000000,-0.000000,0.000000,-0.00242,-0.01080,-0.98868,-0.00240,-0.01412,-1.31229,-0.00243,-0.01311,-1.21036,-0.00242,-0.01412,-1.31374,-0.00243,-0.01339,-1.24504,-1.66960,-0.00249,0.12125,10.12169,10.12169,0.11840,10.12169,10.12169,0.09418,9.47265,10.12169,9.63552,10.12169,9.81695,0.58476,3.97088,-3.99938,-2.80911,-3.21192,-3.88946,0.27498,0.26480,0.26665,0.25470,0.26612
2022,05,11,06,21,21,138,19.5364,-155.57557,3397,tr,0.000,0.000000,-0.000000,0.000000,-0.00245,-0.01096,-1.00170,-0.00244,-0.01407,-1.31069,-0.00243,-0.01301,-1.20473,-0.00235,-0.01412,-1.31763,-0.00240,-0.01352,-1.25486,-1.66951,-0.00242,0.12128,10.12169,10.12169,0.11843,10.12169,10.12169,0.09411,9.47434,10.12169,9.63741,10.12169,9.82708,0.58475,3.97082,-3.99935,-2.79123,-3.18660,-3.86140,0.27508,0.26485,0.26671,0.25471,0.26616
2022,05,11,06,21,21,386,19.5364,-155.57557,3397,tr,0.000,0.000000,-0.000000,0.000000,-0.00248,-0.01096,-1.00619,-0.00238,-0.01403,-1.31547,-0.00241,-0.01304,-1.20821,-0.00245,-0.01415,-1.31629,-0.00242,-0.01357,-1.25630,-1.66956,-0.00248,0.12125,10.12169,10.12169,0.11845,10.12169,10.12169,0.09416,9.47300,10.12169,9.63591,10.12169,9.82584,0.58479,3.97086,-3.99935,-2.79053,-3.18063,-3.83525,0.27491,0.26465,0.26666,0.25466,0.26617
2022,05,11,06,21,21,636,19.5364,-155.57557,3397,tr,0.000,0.000000,-0.000000,0.000000,-0.00247,-0.01111,-1.01277,-0.00245,-0.01417,-1.32002,-0.00239,-0.01306,-1.20908,-0.00237,-0.01412,-1.31652,-0.00237,-0.01348,-1.25645,-1.66956,-0.00246,0.12131,10.12169,10.12169,0.11838,10.12169,10.12169,0.09420,9.47495,10.12169,9.63687,10.12169,9.84396,0.58478,3.97079,-3.99937,-2.76907,-3.15023,-3.79734,0.27495,0.26479,0.26668,0.26748,0.27794
2022,05,11,06,21,21,887,19.5364,-155.57557,3397,tr,0.000,0.000000,-0.000000,0.000000,-0.00246,-0.01103,-1.00894,-0.00237,-0.01413,-1.31758,-0.00238,-0.01308,-1.20821,-0.00245,-0.01415,-1.31882,-0.00241,-0.01348,-1.25138,-1.66958,-0.00245,0.12122,10.12169,10.12169,0.11842,10.12169,10.12169,0.09417,9.47264,10.12169,9.63623,10.12169,9.86367,0.58478,3.97079,-3.99939,-2.77202,-3.14364,-3.77354,0.27489,0.26476,0.26660,0.26743,0.26618
2022,05,11,06,21,22,137,19.5364,-155.57557,3397,tr,0.000,0.000000,-0.000000,0.000000,-0.00247,-0.01108,-1.00836,-0.00246,-0.01418,-1.32030,-0.00243,-0.01301,-1.20780,-0.00241,-0.01413,-1.31738,-0.00238,-0.01341,-1.25020,-1.66954,-0.00244,0.12131,10.12169,10.12169,0.11845,10.12169,10.12169,0.09419,9.47415,10.12169,9.63715,10.12169,9.87542,0.58475,3.97076,-3.99951,-2.74132,-3.10633,-3.72003,0.27491,0.26479,0.26668,0.26750,0.26619
2022,05,11,06,21,22,387,19.5364,-155.57557,3397,tr,0.000,0.000000,-0.000000,0.000000,-0.00246,-0.01096,-0.99937,-0.00237,-0.01405,-1.31429,-0.00238,-0.01299,-1.20585,-0.00242,-0.01424,-1.32470,-0.00243,-0.01346,-1.24789,-1.66960,-0.00245,0.12130,10.12169,10.12169,0.11838,10.12169,10.12169,0.09420,9.47300,10.12169,9.63562,10.12169,9.88949,0.58484,3.97085,-3.99942,-2.74715,-3.10794,-3.70830,0.27488,0.26462,0.26661,0.26746,0.26612
2022,05,11,06,21,22,637,19.5364,-155.57557,3397,tr,0.000,0.000000,-0.000000,0.000000,-0.00251,-0.01099,-1.00678,-0.00245,-0.01414,-1.31901,-0.00244,-0.01310,-1.21029,-0.00236,-0.01421,-1.31761,-0.00239,-0.01343,-1.24558,-1.66951,-0.00242,0.12124,10.12169,10.12169,0.11845,10.12169,10.12169,0.09413,9.47425,10.12169,9.63774,10.12169,9.90261,0.58473,3.97077,-3.99945,-2.73337,-3.08959,-3.67977,0.27488,0.26474,0.26671,0.26753,0.26617
2022,05,11,06,21,22,886,19.5364,-155.57557,3397,tr,0.000,0.000000,-0.000000,0.000000,-0.00244,-0.01093,-0.99971,-0.00237,-0.01417,-1.32244,-0.00242,-0.01304,-1.20381,-0.00242,-0.01421,-1.32411,-0.00239,-0.01350,-1.25243,-1.66953,-0.00252,0.12126,10.12169,10.12169,0.11837,10.12169,10.12169,0.09415,9.47242,10.12169,9.63574,10.12169,9.91481,0.58479,3.97077,-3.99936,-2.74232,-3.09423,-3.66543,0.27487,0.26470,0.26661,0.26738,0.26615
2022,05,11,06,21,23,137,19.5364,-155.57557,3397,tr,0.000,0.000000,-0.000000,0.000000,-0.00240,-0.01098,-0.99875,-0.00244,-0.01411,-1.31802,-0.00243,-0.01306,-1.20442,-0.00240,-0.01418,-1.32322,-0.00240,-0.01348,-1.25334,-1.66951,-0.00244,0.12124,10.12169,10.12169,0.11846,10.12169,10.12169,0.09407,9.47063,10.12169,9.63435,10.12169,9.92814,0.58478,3.97081,-3.99942,-2.72633,-3.07877,-3.64019,0.27482,0.26477,0.26664,0.26748,0.26619
2022,05,11,06,21,23,388,19.5364,-155.57557,3397,tr,0.000,0.000000,-0.000000,0.000000,-0.00241,-0.01100,-1.00435,-0.00241,-0.01415,-1.32469,-0.00243,-0.01300,-1.20070,-0.00244,-0.01420,-1.32214,-0.00243,-0.01353,-1.25496,-1.66955,-0.00252,0.12123,10.12169,10.12169,0.11843,10.12169,10.12169,0.09421,9.47406,10.12169,9.63751,10.12169,9.92879,0.58480,3.97084,-3.99934,-2.72352,-3.07068,-3.62218,0.27492,0.26472,0.26665,0.26740,0.26614
2022,05,11,06,21,23,637,19.5364,-155.57557,3397,tr,0.000,0.000000,-0.000000,0.000000,-0.00248,-0.01123,-1.02663,-0.00246,-0.01426,-1.32785,-0.00247,-0.01298,-1.20477,-0.00236,-0.01418,-1.32713,-0.00239,-0.01347,-1.25005,-1.66952,-0.00236,0.12124,10.12169,10.12169,0.11846,10.12169,10.12169,0.09414,9.47439,10.12169,9.63712,10.12169,9.93741,0.58476,3.97080,-3.99940,-2.70826,-3.05774,-3.60123,0.27486,0.26485,0.26670,0.26746,0.26625
2022,05,11,06,21,23,887,19.5364,-155.57557,3397,tr,0.000,0.000000,-0.000000,0.000000,-0.00238,-0.01087,-0.99322,-0.00242,-0.01407,-1.31955,-0.00241,-0.01300,-1.20409,-0.00245,-0.01423,-1.32049,-0.00246,-0.01355,-1.25366,-1.66959,-0.00244,0.12125,10.12169,10.12169,0.11843,10.12169,10.12169,0.09421,9.47484,10.12169,9.63817,10.12169,9.94920,0.58477,3.97081,-3.99939,-2.70141,-3.04247,-3.58159,0.27484,0.26480,0.26671,0.26749,0.26615
2022,05,11,06,21,24,137,19.5364,-155.57557,3397,tr,0.000,0.000000,-0.000000,0.000000,-0.00246,-0.01102,-1.01090,-0.00241,-0.01418,-1.32535,-0.00244,-0.01297,-1.20280,-0.00244,-0.01417,-1.32375,-0.00238,-0.01349,-1.25568,-1.66950,-0.00244,0.12133,10.12169,10.12169,0.11850,10.12169,10.12169,0.09413,9.47317,10.12169,9.63592,10.12169,9.95302,0.58473,3.97075,-3.99940,-2.69516,-3.03552,-3.56307,0.27488,0.26487,0.27858,0.26760,0.26615
2022,05,11,06,21,24,386,19.5364,-155.57557,3397,tr,0.000,0.000000,-0.000000,0.000000,-0.00244,-0.01089,-0.99480,-0.00242,-0.01409,-1.31945,-0.00241,-0.01307,-1.20979,-0.00250,-0.01424,-1.32374,-0.00238,-0.01349,-1.24825,-1.66955,-0.00244,0.12118,10.12169,10.12169,0.11835,10.12169,10.12169,0.09419,9.47260,10.12169,9.63585,10.12169,9.96362,0.58482,3.97076,-3.99933,-2.70168,-3.04668,-3.55997,0.27482,0.26478,0.26670,0.26748,0.26619
2022,05,11,06,21,24,637,19.5364,-155.57557,3397,tr,0.000,0.000000,-0.000000,0.000000,-0.00249,-0.01117,-1.01743,-0.00242,-0.01416,-1.32148,-0.00242,-0.01304,-1.20933,-0.00241,-0.01421,-1.32228,-0.00231,-0.01351,-1.25292,-1.66959,-0.00242,0.12126,10.12169,10.12169,0.11841,10.12169,10.12169,0.09415,9.47299,10.12169,9.63642,10.12169,9.96794,0.58474,3.97076,-3.99938,-2.68609,-3.02743,-3.53595,0.27487,0.26482,0.26664,0.26750,0.26621
2022,05,11,06,21,24,887,19.5364,-155.57557,3397,tr,0.000,0.000000,-0.000000,0.000000,-0.00244,-0.01103,-1.00690,-0.00239,-0.01410,-1.32027,-0.00238,-0.01308,-1.20998,-0.00240,-0.01430,-1.32664,-0.00244,-0.01353,-1.25229,-1.66962,-0.00247,0.12125,10.12169,10.12169,0.11840,10.12169,10.12169,0.09422,9.47505,10.12169,9.63817,10.12169,9.98056,0.58482,3.97084,-3.99933,-2.68335,-3.01589,-3.52923,0.27485,0.26482,0.26667,0.26752,0.26615
2022,05,11,06,21,25,137,19.5364,-155.57557,3397,tr,0.000,0.000000,-0.000000,0.000000,-0.00248,-0.01124,-1.02525,-0.00245,-0.01419,-1.32290,-0.00246,-0.01301,-1.20688,-0.00240,-0.01411,-1.31719,-0.00236,-0.01344,-1.25395,-1.66948,-0.00249,0.12132,10.12169,10.12169,0.11850,10.12169,10.12169,0.09422,9.47671,10.12169,9.64018,10.12169,9.98233,0.58483,3.97079,-3.99943,-2.68680,-3.02003,-3.52250,0.27482,0.26489,0.26670,0.26746,0.26620
2022,05,11,06,21,25,387,19.5364,-155.57557,3397,tr,0.000,0.000000,-0.000000,0.000000,-0.00243,-0.01110,-1.01524,-0.00239,-0.01407,-1.31362,-0.00234,-0.01311,-1.21319,-0.00241,-0.01419,-1.32257,-0.00241,-0.01344,-1.24781,-1.66954,-0.00248,0.12123,10.12169,10.12169,0.11840,10.12169,10.12169,0.09416,9.47472,10.12169,9.63846,10.12169,9.98945,0.58485,3.97084,-3.99931,-2.69024,-3.02147,-3.52046,0.27480,0.26476,0.26665,0.26746,0.26616
2022,05,11,06,21,25,637,19.5364,-155.57557,3397,tr,0.000,0.000000,-0.000000,0.000000,-0.00244,-0.01111,-1.01294,-0.00244,-0.01415,-1.32347,-0.00244,-0.01307,-1.21060,-0.00239,-0.01413,-1.31891,-0.00243,-0.01344,-1.25313,-1.66947,-0.00239,0.12132,10.12169,10.12169,0.11845,10.12169,10.12169,0.09420,9.47415,10.12169,9.63732,10.12169,9.98882,0.58480,3.97081,-3.99938,-2.68421,-3.01776,-3.51548,0.27489,0.26475,0.26674,0.26755,0.26620
2022,05,11,06,21,25,887,19.5364,-155.57557,3397,tr,0.000,0.000000,-0.000000,0.000000,-0.00242,-0.01096,-1.00221,-0.00239,-0.01411,-1.32121,-0.00239,-0.01304,-1.20521,-0.00245,-0.01414,-1.31666,-0.00246,-0.01349,-1.25249,-1.66954,-0.00248,0.12127,10.12169,10.12169,0.11840,10.12169,10.12169,0.09418,9.47543,10.12169,9.63873,10.12169,9.98798,0.58482,3.97086,-3.99939,-2.68158,-3.01651,-3.51605,0.27477,0.26475,0.26670,0.26749,0.26615
2022,05,11,06,21,26,137,19.5364,-155.57557,3397,tr,0.000,0.000000,-0.000000,0.000000,-0.00245,-0.01106,-1.01148,-0.00246,-0.01411,-1.32095,-0.00247,-0.01304,-1.20825,-0.00237,-0.01411,-1.31423,-0.00234,-0.01350,-1.25269,-1.66951,-0.00243,0.12131,10.12169,10.12169,0.11849,10.12169,10.12169,0.09414,9.47487,10.12169,9.63761,10.12169,9.99683,0.58473,3.97079,-3.99937,-2.67782,-3.01175,-3.51293,0.27492,0.26478,0.27865,0.25484,0.26614
2022,05,11,06,21,26,387,19.5364,-155.57557,3397,tr,0.000,0.000000,-0.000000,0.000000,-0.00243,-0.01103,-1.00692,-0.00245,-0.01420,-1.32513,-0.00243,-0.01306,-1.20859,-0.00248,-0.01417,-1.31755,-0.00236,-0.01350,-1.25247,-1.66952,-0.00246,0.12124,10.12169,10.12169,0.11836,10.12169,10.12169,0.09421,9.47540,10.12169,9.63877,10.12169,9.99570,0.58477,3.97078,-3.99933,-2.68496,-3.01719,-3.51778,0.27480,0.26471,0.26664,0.26736,0.26612
2022,05,11,06,21,26,637,19.5364,-155.57557,3397,tr,0.000,0.000000,-0.000000,0.000000,-0.00247,-0.01103,-1.00678,-0.00241,-0.01421,-1.32479,-0.00245,-0.01296,-1.20262,-0.00236,-0.01414,-1.31533,-0.00240,-0.01349,-1.25455,-1.66954,-0.00240,0.12123,10.12169,10.12169,0.11841,10.12169,10.12169,0.09415,9.47460,10.12169,9.63779,10.12169,10.00491,0.58482,3.97076,-3.99944,-2.68064,-3.01422,-3.50902,0.27486,0.26477,0.26671,0.26750,0.26624
2022,05,11,06,21,26,887,19.5364,-155.57557,3397,tr,0.000,0.000000,-0.000000,0.000000,-0.00245,-0.01090,-0.99981,-0.00241,-0.01417,-1.32456,-0.00239,-0.01299,-1.20227,-0.00240,-0.01421,-1.31868,-0.00239,-0.01357,-1.25494,-1.66959,-0.00251,0.12124,10.12169,10.12169,0.11839,10.12169,10.12169,0.09424,9.47630,10.12169,9.63921,10.12169,10.00975,0.58482,3.97079,-3.99931,-2.68536,-3.01662,-3.51100,0.27482,0.26475,0.26667,0.26753,0.26620
2022,05,11,06,21,27,136,19.5364,-155.57557,3397,tr,0.000,0.000000,-0.000000,0.000000,-0.00250,-0.01118,-1.02557,-0.00242,-0.01424,-1.32307,-0.00247,-0.01306,-1.21206,-0.00235,-0.01408,-1.31777,-0.00237,-0.01342,-1.25300,-1.66956,-0.00243,0.12123,10.12169,10.12169,0.11842,10.12169,10.12169,0.09414,9.47450,10.12169,9.63706,10.12169,10.00871,0.58480,3.97075,-3.99948,-2.67812,-3.01155,-3.50357,0.27492,0.26480,0.26671,0.26747,0.26621
2022,05,11,06,21,27,387,19.5364,-155.57557,3397,tr,0.000,0.000000,-0.000000,0.000000,-0.00239,-0.01109,-1.01082,-0.00243,-0.01410,-1.31557,-0.00240,-0.01308,-1.20812,-0.00239,-0.01416,-1.31763,-0.00244,-0.01353,-1.25075,-1.66952,-0.00250,0.12120,10.12169,10.12169,0.11838,10.12169,10.12169,0.09418,9.47493,10.12169,9.63722,10.12169,10.01261,0.58485,3.97084,-3.99937,-2.67027,-3.00383,-3.49660,0.27484,0.26473,0.26663,0.26751,0.26610
2022,05,11,06,21,27,637,19.5364,-155.57557,3397,tr,0.000,0.000000,-0.000000,0.000000,-0.00247,-0.01111,-1.01733,-0.00243,-0.01419,-1.32415,-0.00246,-0.01309,-1.21513,-0.00240,-0.01416,-1.31953,-0.00240,-0.01346,-1.25777,-1.66949,-0.00243,0.12123,10.12169,10.12169,0.11838,10.12169,10.12169,0.09405,9.46444,10.12169,9.62773,10.12169,10.01551,0.58480,3.97079,-3.99942,-2.68098,-3.01308,-3.50439,0.27485,0.26487,0.26666,0.26756,0.26617
2022,05,11,06,21,27,887,19.5364,-155.57557,3397,tr,0.000,0.000000,-0.000000,0.000000,-0.00243,-0.01106,-1.01283,-0.00242,-0.01416,-1.32048,-0.00237,-0.01318,-1.21577,-0.00241,-0.01413,-1.31533,-0.00245,-0.01350,-1.25263,-1.66956,-0.00245,0.12121,10.12169,10.12169,0.11836,10.12169,10.12169,0.09413,9.46422,10.12169,9.62737,10.12169,10.01766,0.58484,3.97087,-3.99933,-2.68631,-3.01624,-3.51092,0.27486,0.26480,0.26653,0.26748,0.26616
2022,05,11,06,21,28,137,19.5364,-155.57557,3397,tr,0.000,0.000000,-0.000000,0.000000,-0.00247,-0.01117,-1.01563,-0.00248,-0.01419,-1.31981,-0.00242,-0.01310,-1.20859,-0.00237,-0.01412,-1.31630,-0.00237,-0.01348,-1.25222,-1.66955,-0.00246,0.12121,10.12169,10.12169,0.11847,10.12169,10.12169,0.09401,9.46395,10.12169,9.62778,10.12169,10.01076,0.58479,3.97076,-3.99944,-2.67948,-3.01202,-3.50314,0.27487,0.26483,0.26670,0.26747,0.26613
2022,05,11,06,21,28,387,19.5364,-155.57557,3397,tr,0.000,0.000000,-0.000000,0.000000,-0.00242,-0.01104,-1.01506,-0.00244,-0.01417,-1.32227,-0.00238,-0.01310,-1.20818,-0.00243,-0.01418,-1.31995,-0.00244,-0.01347,-1.24908,-1.66959,-0.00249,0.12120,10.12169,10.12169,0.11837,10.12169,10.12169,0.09405,9.46463,10.12169,9.62831,10.12169,10.01382,0.58480,3.97082,-3.99938,-2.67636,-3.00609,-3.50226,0.27494,0.26476,0.27855,0.26743,0.26610
2022,05,11,06,21,28,637,19.5364,-155.57557,3397,tr,0.000,0.000000,-0.000000,0.000000,-0.00247,-0.01123,-1.02507,-0.00245,-0.01415,-1.32143,-0.00247,-0.01306,-1.21301,-0.00241,-0.01415,-1.31969,-0.00233,-0.01343,-1.24812,-1.66954,-0.00241,0.12124,10.12169,10.12169,0.11837,10.12169,10.12169,0.09408,9.46422,10.12169,9.62750,10.12169,10.01356,0.58478,3.97077,-3.99935,-2.67312,-3.00042,-3.49782,0.27483,0.26476,0.26672,0.26752,0.26612
2022,05,11,06,21,28,887,19.5364,-155.57557,3397,tr,0.000,0.000000,-0.000000,0.000000,-0.00243,-0.01109,-1.01498,-0.00237,-0.01418,-1.32530,-0.00240,-0.01303,-1.20509,-0.00242,-0.01420,-1.32195,-0.00241,-0.01344,-1.24495,-1.66956,-0.00245,0.12117,10.12169,10.12169,0.11832,10.12169,10.12169,0.09410,9.46245,10.12169,9.62537,10.12169,10.01738,0.58482,3.97083,-3.99932,-2.68584,-3.01548,-3.50558,0.27490,0.26477,0.26665,0.26748,0.26611
2022,05,11,06,21,29,137,19.5364,-155.57557,3397,tr,0.000,0.000000,-0.000000,0.000000,-0.00247,-0.01106,-1.01258,-0.00244,-0.01419,-1.33095,-0.00243,-0.01310,-1.20807,-0.00241,-0.01418,-1.31838,-0.00234,-0.01333,-1.24150,-1.66952,-0.00241,0.12123,10.12169,10.12169,0.11839,10.12169,10.12169,0.09408,9.46371,10.12169,9.62603,10.12169,10.01650,0.58482,3.97075,-3.99941,-2.67974,-3.00827,-3.49907,0.27486,0.26485,0.26672,0.26761,0.26621
2022,05,11,06,21,29,387,19.5364,-155.57557,3397,tr,0.000,0.000000,-0.000000,0.000000,-0.00246,-0.01098,-1.00628,-0.00240,-0.01415,-1.32244,-0.00244,-0.01308,-1.20803,-0.00241,-0.01418,-1.31758,-0.00243,-0.01343,-1.24525,-1.66954,-0.00248,0.12122,10.12169,10.12169,0.11828,10.12169,10.12169,0.09403,9.46098,10.12169,9.62365,10.12169,10.02051,0.58479,3.97082,-3.99939,-2.67909,-3.00648,-3.49755,0.27474,0.26462,0.26667,0.26752,0.26618
2022,05,11,06,21,29,637,19.5364,-155.57557,3397,tr,0.000,0.000000,-0.000000,0.000000,-0.00244,-0.01116,-1.01760,-0.00242,-0.01418,-1.32172,-0.00242,-0.01308,-1.21179,-0.00239,-0.01420,-1.32800,-0.00237,-0.01344,-1.24908,-1.66955,-0.00251,0.12123,10.12169,10.12169,0.11836,10.12169,10.12169,0.09403,9.46412,10.12169,9.62749,10.12169,10.02154,0.58479,3.97075,-3.99934,-2.67259,-2.99796,-3.49084,0.27478,0.26474,0.26669,0.26762,0.26627
2022,05,11,06,21,29,886,19.5364,-155.57557,3397,tr,0.000,0.000000,-0.000000,0.000000,-0.00240,-0.01109,-1.01259,-0.00238,-0.01408,-1.31910,-0.00243,-0.01305,-1.20789,-0.00242,-0.01426,-1.32702,-0.00244,-0.01347,-1.24923,-1.66953,-0.00246,0.12115,10.12169,10.12169,0.11837,10.12169,10.12169,0.09414,9.46338,10.12169,9.62658,10.12169,10.01978,0.58478,3.97083,-3.99932,-2.69300,-3.02232,-3.51227,0.27478,0.26469,0.26662,0.26749,0.26620
2022,05,11,06,21,30,136,19.5364,-155.57557,3397,tr,0.000,0.000000,-0.000000,0.000000,-0.00244,-0.01127,-1.02961,-0.00244,-0.01429,-1.33103,-0.00243,-0.01307,-1.20582,-0.00236,-0.01415,-1.31997,-0.00241,-0.01339,-1.24438,-1.66947,-0.00243,0.12122,10.12169,10.12169,0.11840,10.12169,10.12169,0.09403,9.46101,10.12169,9.62407,10.12169,10.01856,0.58477,3.97078,-3.99937,-2.68377,-3.01677,-3.50335,0.27484,0.26477,0.26673,0.26753,0.26622
2022,05,11,06,21,30,387,19.5364,-155.57557,3397,tr,0.000,0.000000,-0.000000,0.000000,-0.00241,-0.01110,-1.01636,-0.00241,-0.01412,-1.32199,-0.00237,-0.01306,-1.20985,-0.00238,-0.01419,-1.32302,-0.00243,-0.01349,-1.24919,-1.66953,-0.00248,0.12119,10.12169,10.12169,0.11832,10.12169,10.12169,0.09409,9.46517,10.12169,9.62825,10.12169,10.01697,0.58482,3.97080,-3.99933,-2.68065,-3.01234,-3.50484,0.27473,0.26467,0.26665,0.26743,0.26623
2022,05,11,06,21,30,637,19.5364,-155.57557,3397,tr,0.000,0.000000,-0.000000,0.000000,-0.00246,-0.01112,-1.01337,-0.00244,-0.01414,-1.32113,-0.00245,-0.01299,-1.20311,-0.00241,-0.01416,-1.32061,-0.00241,-0.01347,-1.24757,-1.66951,-0.00244,0.12125,10.12169,10.12169,0.11844,10.12169,10.12169,0.09407,9.46375,10.12169,9.62676,10.12169,10.01946,0.58475,3.97077,-3.99938,-2.67838,-3.00583,-3.50079,0.27476,0.26467,0.27865,0.26741,0.26614
2022,05,11,06,21,30,887,19.5364,-155.57557,3397,tr,0.000,0.000000,-0.000000,0.000000,-0.00240,-0.01105,-1.00837,-0.00241,-0.01413,-1.32442,-0.00240,-0.01303,-1.20275,-0.00246,-0.01414,-1.31644,-0.00242,-0.01341,-1.24537,-1.66955,-0.00248,0.12117,10.12169,10.12169,0.11828,10.12169,10.12169,0.09409,9.46366,10.12169,9.62659,10.12169,10.01808,0.58477,3.97080,-3.99936,-2.67814,-3.00512,-3.50259,0.27481,0.26469,0.26670,0.26745,0.26612
2022,05,11,06,21,31,137,19.5364,-155.57557,3397,tr,0.000,0.000000,-0.000000,0.000000,-0.00243,-0.01097,-1.00379,-0.00244,-0.01421,-1.32074,-0.00246,-0.01284,-1.18627,-0.00243,-0.01417,-1.32034,-0.00238,-0.01338,-1.24397,-1.66951,-0.00241,0.12121,10.12169,10.12169,0.11833,10.12169,10.12169,0.09408,9.46375,10.12169,9.62690,10.12169,10.01657,0.58476,3.97086,-3.99938,-2.67719,-3.00193,-3.49738,0.27486,0.26477,0.26669,0.26752,0.26623
2022,05,11,06,21,31,386,19.5364,-155.57557,3397,tr,0.000,0.000000,-0.000000,0.000000,-0.00245,-0.01108,-1.02026,-0.00241,-0.01416,-1.32175,-0.00240,-0.01304,-1.20855,-0.00239,-0.01420,-1.31963,-0.00241,-0.01346,-1.24948,-1.66954,-0.00243,0.12119,10.12169,10.12169,0.11831,10.12169,10.12169,0.09412,9.46395,10.12169,9.62700,10.12169,10.01920,0.58483,3.97078,-3.99929,-2.68181,-3.01143,-3.50371,0.27487,0.26467,0.26674,0.26753,0.26618
2022,05,11,06,21,31,637,19.5364,-155.57557,3397,tr,0.000,0.000000,-0.000000,0.000000,-0.00250,-0.01125,-1.02675,-0.00242,-0.01419,-1.32211,-0.00242,-0.01307,-1.20827,-0.00236,-0.01415,-1.31867,-0.00235,-0.01340,-1.24737,-1.66949,-0.00241,0.12127,10.12169,10.12169,0.11842,10.12169,10.12169,0.09410,9.46557,10.12169,9.62948,10.12169,10.01966,0.58477,3.97080,-3.99937,-2.67552,-3.00282,-3.49362,0.27481,0.26477,0.26668,0.26750,0.26628
2022,05,11,06,21,31,887,19.5364,-155.57557,3397,tr,0.000,0.000000,-0.000000,0.000000,-0.00241,-0.01124,-1.02670,-0.00237,-0.01414,-1.32364,-0.00241,-0.01306,-1.20443,-0.00240,-0.01413,-1.31777,-0.00243,-0.01338,-1.24623,-1.66953,-0.00250,0.12121,10.12169,10.12169,0.11832,10.12169,10.12169,0.09417,9.47247,10.12169,9.63504,10.12169,10.01852,0.58485,3.97078,-3.99931,-2.68111,-3.00678,-3.50250,0.27487,0.26474,0.26667,0.26746,0.26618
2022,05,11,06,21,32,137,19.5364,-155.57557,3397,tr,0.000,0.000000,-0.000000,0.000000,-0.00243,-0.01127,-1.02778,-0.00246,-0.01414,-1.32289,-0.00242,-0.01301,-1.20707,-0.00238,-0.01410,-1.31377,-0.00240,-0.01331,-1.23653,-1.66952,-0.00242,0.12121,10.12169,10.12169,0.11835,10.12169,10.12169,0.09413,9.47253,10.12169,9.63543,10.12169,10.01747,0.58483,3.97075,-3.99936,-2.67275,-2.99594,-3.49220,0.27494,0.26482,0.26671,0.26754,0.26616
2022,05,11,06,21,32,387,19.5364,-155.57557,3397,tr,0.000,0.000000,-0.000000,0.000000,-0.00239,-0.01110,-1.01605,-0.00239,-0.01421,-1.32837,-0.00235,-0.01314,-1.21101,-0.00241,-0.01411,-1.31709,-0.00241,-0.01337,-1.24458,-1.66953,-0.00247,0.12120,10.12169,10.12169,0.11826,10.12169,10.12169,0.09415,9.46955,10.12169,9.63276,10.12169,10.02190,0.58487,3.97082,-3.99929,-2.68211,-3.01161,-3.50680,0.27502,0.26478,0.26663,0.26738,0.26616
2022,05,11,06,21,32,636,19.5364,-155.57557,3397,tr,0.000,0.000000,-0.000000,0.000000,-0.00245,-0.01116,-1.02345,-0.00250,-0.01423,-1.32561,-0.00239,-0.01307,-1.21457,-0.00235,-0.01416,-1.31835,-0.00237,-0.01337,-1.24287,-1.66950,-0.00242,0.12128,10.12169,10.12169,0.11833,10.12169,10.12169,0.09407,9.47095,10.12169,9.63404,10.12169,10.01767,0.58482,3.97076,-3.99939,-2.67894,-3.01401,-3.50115,0.27495,0.26479,0.26672,0.26749,0.26622
2022,05,11,06,21,32,886,19.5364,-155.57557,3397,tr,0.000,0.000000,-0.000000,0.000000,-0.00237,-0.01080,-0.98748,-0.00237,-0.01420,-1.32582,-0.00234,-0.01310,-1.21126,-0.00247,-0.01414,-1.31846,-0.00240,-0.01339,-1.24131,-1.66952,-0.00242,0.12117,10.12169,10.12169,0.11826,10.12169,10.12169,0.09409,9.46935,10.12169,9.63179,10.12169,10.02095,0.58484,3.97086,-3.99933,-2.68500,-3.01091,-3.50612,0.27500,0.26482,0.26665,0.26742,0.26617
2022,05,11,06,21,33,137,19.5364,-155.57557,3397,tr,0.000,0.000000,-0.000000,0.000000,-0.00250,-0.01082,-0.98649,-0.00239,-0.01425,-1.32687,-0.00244,-0.01299,-1.20622,-0.00244,-0.01406,-1.31454,-0.00236,-0.01331,-1.23665,-1.66955,-0.00246,0.12124,10.12169,10.12169,0.11836,10.12169,10.12169,0.09413,9.47168,10.12169,9.63393,10.12169,10.02057,0.58478,3.97084,-3.99935,-2.68183,-3.00853,-3.50391,0.27490,0.26481,0.26667,0.26747,0.26630
2022,05,11,06,21,33,387,19.5364,-155.57557,3397,tr,0.000,0.000000,-0.000000,0.000000,-0.00241,-0.01097,-1.00315,-0.00245,-0.01418,-1.32615,-0.00240,-0.01299,-1.20365,-0.00241,-0.01418,-1.31599,-0.00242,-0.01342,-1.24255,-1.66951,-0.00250,0.12121,10.12169,10.12169,0.11828,10.12169,10.12169,0.09422,9.47197,10.12169,9.63421,10.12169,10.02148,0.58492,3.97077,-3.99932,-2.68421,-3.01133,-3.50408,0.27493,0.26482,0.26672,0.26737,0.26620
2022,05,11,06,21,33,637,19.5364,-155.57557,3397,tr,0.000,0.000000,-0.000000,0.000000,-0.00250,-0.01087,-0.98939,-0.00243,-0.01419,-1.32175,-0.00242,-0.01290,-1.19981,-0.00231,-0.01405,-1.31433,-0.00241,-0.01343,-1.24487,-1.66952,-0.00244,0.12122,10.12169,10.12169,0.11831,10.12169,10.12169,0.09413,9.46939,10.12169,9.63237,10.12169,10.02026,0.58479,3.97078,-3.99940,-2.67399,-3.00029,-3.49339,0.27492,0.26485,0.26670,0.26746,0.26621
2022,05,11,06,21,33,887,19.5364,-155.57557,3397,tr,0.000,0.000000,-0.000000,0.000000,-0.00247,-0.01084,-0.99499,-0.00233,-0.01416,-1.32232,-0.00235,-0.01308,-1.20722,-0.00241,-0.01413,-1.31120,-0.00239,-0.01348,-1.24612,-1.66960,-0.00249,0.12120,10.12169,10.12169,0.11819,10.12169,10.12169,0.09421,9.47115,10.12169,9.63349,10.12169,10.02301,0.58482,3.97086,-3.99939,-2.68011,-3.00682,-3.50108,0.27482,0.26480,0.26666,0.26746,0.26625
2022,05,11,06,21,34,136,19.5364,-155.57557,3397,tr,0.000,0.000000,-0.000000,0.000000,-0.00245,-0.01101,-1.00169,-0.00245,-0.01429,-1.33133,-0.00249,-0.01294,-1.20280,-0.00237,-0.01412,-1.31576,-0.00237,-0.01342,-1.25179,-1.66947,-0.00248,0.12125,10.12169,10.12169,0.11827,10.12169,10.12169,0.09416,9.47155,10.12169,9.63441,10.12169,10.02116,0.58480,3.97078,-3.99940,-2.67277,-2.99986,-3.49058,0.27494,0.26492,0.26670,0.26749,0.26629
2022,05,11,06,21,34,386,19.5364,-155.57557,3397,tr,0.000,0.000000,-0.000000,0.000000,-0.00240,-0.01101,-1.00241,-0.00241,-0.01418,-1.32265,-0.00240,-0.01309,-1.20909,-0.00241,-0.01411,-1.31455,-0.00240,-0.01346,-1.24575,-1.66957,-0.00247,0.12115,10.12169,10.12169,0.11824,10.12169,10.12169,0.09420,9.47054,10.12169,9.63351,10.12169,10.02143,0.58486,3.97083,-3.99936,-2.68298,-3.00961,-3.50151,0.27494,0.26486,0.26666,0.26741,0.26621
2022,05,11,06,21,34,637,19.5364,-155.57557,3397,tr,0.000,0.000000,-0.000000,0.000000,-0.00243,-0.01087,-0.98905,-0.00244,-0.01424,-1.32556,-0.00245,-0.01313,-1.21459,-0.00242,-0.01400,-1.30659,-0.00240,-0.01347,-1.25341,-1.66951,-0.00241,0.12116,10.12169,10.12169,0.11825,10.12169,10.12169,0.09411,9.46967,10.12169,9.63265,10.12169,10.02180,0.58485,3.97077,-3.99936,-2.67515,-3.00305,-3.49469,0.27490,0.26487,0.26665,0.26736,0.26627
2022,05,11,06,21,34,887,19.5364,-155.57557,3397,tr,0.000,0.000000,-0.000000,0.000000,-0.00239,-0.01077,-0.98606,-0.00240,-0.01422,-1.32812,-0.00235,-0.01301,-1.20431,-0.00241,-0.01415,-1.31847,-0.00242,-0.01348,-1.25280,-1.66955,-0.00251,0.12115,10.12169,10.12169,0.11817,10.12169,10.12169,0.09416,9.47044,10.12169,9.63393,10.12169,10.01477,0.58484,3.97085,-3.99933,-2.67624,-3.00464,-3.49888,0.27490,0.26487,0.26675,0.26743,0.26616
2022,05,11,06,21,35,137,19.5364,-155.57557,3397,tr,0.000,0.000000,-0.000000,0.000000,-0.00244,-0.01096,-1.00086,-0.00250,-0.01422,-1.32215,-0.00241,-0.01299,-1.20230,-0.00241,-0.01411,-1.31762,-0.00240,-0.01349,-1.25039,-1.66948,-0.00243,0.12117,10.12169,10.12169,0.11830,10.12169,10.12169,0.09411,9.47017,10.12169,9.63411,10.12169,10.01916,0.58479,3.97078,-3.99937,-2.67760,-3.00366,-3.49953,0.27501,0.26491,0.26675,0.26750,0.26627
2022,05,11,06,21,35,387,19.5364,-155.57557,3397,tr,0.000,0.000000,-0.000000,0.000000,-0.00240,-0.01096,-1.00491,-0.00241,-0.01413,-1.32107,-0.00238,-0.01305,-1.20659,-0.00243,-0.01412,-1.31832,-0.00243,-0.01354,-1.25320,-1.66957,-0.00249,0.12113,10.12169,10.12169,0.11825,10.12169,10.12169,0.09417,9.47090,10.12169,9.63408,10.12169,10.01808,0.58485,3.97085,-3.99936,-2.68231,-3.00722,-3.50605,0.27505,0.26484,0.26671,0.26743,0.26609
2022,05,11,06,21,35,636,19.5364,-155.57557,3397,tr,0.000,0.000000,-0.000000,0.000000,-0.00247,-0.01091,-0.99515,-0.00244,-0.01420,-1.31983,-0.00238,-0.01300,-1.20275,-0.00245,-0.01413,-1.31914,-0.00235,-0.01327,-1.23081,-1.66951,-0.00241,0.12128,10.12169,10.12169,0.11832,10.12169,10.12169,0.09413,9.47096,10.12169,9.63371,10.12169,10.02447,0.58479,3.97079,-3.99938,-2.67640,-3.00395,-3.49469,0.27479,0.26493,0.26678,0.26754,0.26627
2022,05,11,06,21,35,887,19.5364,-155.57557,3397,tr,0.000,0.000000,-0.000000,0.000000,-0.00247,-0.01103,-1.00680,-0.00241,-0.01414,-1.32207,-0.00237,-0.01306,-1.20808,-0.00240,-0.01415,-1.31718,-0.00242,-0.01328,-1.22859,-1.66957,-0.00249,0.12122,10.12169,10.12169,0.11820,10.12169,10.12169,0.09412,9.47069,10.12169,9.63372,10.12169,10.02152,0.58486,3.97080,-3.99930,-2.68282,-3.01192,-3.50103,0.27496,0.26500,0.26665,0.26746,0.26625
2022,05,11,06,21,36,137,19.5364,-155.57557,3397,tr,0.000,0.000000,-0.000000,0.000000,-0.00248,-0.01099,-1.00215,-0.00245,-0.01417,-1.31863,-0.00242,-0.01303,-1.20729,-0.00242,-0.01413,-1.31477,-0.00238,-0.01321,-1.22713,-1.66951,-0.00244,0.12124,10.12169,10.12169,0.11828,10.12169,10.12169,0.09415,9.47050,10.12169,9.63338,10.12169,10.02117,0.58480,3.97075,-3.99944,-2.67895,-3.00648,-3.49860,0.27491,0.26494,0.26673,0.26749,0.26625
2022,05,11,06,21,36,387,19.5364,-155.57557,3397,tr,0.000,0.000000,-0.000000,0.000000,-0.00247,-0.01088,-0.99288,-0.00239,-0.01411,-1.32171,-0.00246,-0.01300,-1.20172,-0.00243,-0.01420,-1.31982,-0.00240,-0.01350,-1.25111,-1.66956,-0.00249,0.12117,10.12169,10.12169,0.11821,10.12169,10.12169,0.09414,9.47071,10.12169,9.63292,10.12169,10.02126,0.58490,3.97078,-3.99935,-2.67714,-3.00241,-3.49814,0.27486,0.26498,0.26676,0.26751,0.26624
2022,05,11,06,21,36,637,19.5364,-155.57557,3397,tr,0.000,0.000000,-0.000000,0.000000,-0.00242,-0.01104,-1.00783,-0.00245,-0.01416,-1.31976,-0.00246,-0.01303,-1.20811,-0.00234,-0.01414,-1.31769,-0.00240,-0.01348,-1.25399,-1.66953,-0.00240,0.12123,10.12169,10.12169,0.11824,10.12169,10.12169,0.09417,9.47315,10.12169,9.63572,10.12169,10.01602,0.58479,3.97074,-3.99940,-2.68357,-3.00775,-3.50244,0.27497,0.26498,0.26673,0.26752,0.26628
2022,05,11,06,21,36,886,19.5364,-155.57557,3397,tr,0.000,0.000000,-0.000000,0.000000,-0.00239,-0.01093,-0.99629,-0.00237,-0.01415,-1.31971,-0.00236,-0.01313,-1.21255,-0.00240,-0.01417,-1.31583,-0.00245,-0.01347,-1.25035,-1.66954,-0.00247,0.12114,10.12169,10.12169,0.11837,10.12169,10.12169,0.09419,9.47075,10.12169,9.63365,10.12169,10.02272,0.58490,3.97089,-3.99939,-2.68545,-3.01736,-3.50438,0.27498,0.26502,0.26669,0.26753,0.26623
2022,05,11,06,21,37,136,19.5364,-155.57557,3397,tr,0.000,0.000000,-0.000000,0.000000,-0.00247,-0.01092,-0.99495,-0.00245,-0.01418,-1.32203,-0.00244,-0.01303,-1.20951,-0.00236,-0.01414,-1.32008,-0.00239,-0.01350,-1.25311,-1.66952,-0.00241,0.12121,10.12169,10.12169,0.11836,10.12169,10.12169,0.09409,9.47128,10.12169,9.63376,10.12169,10.01507,0.58489,3.97087,-3.99940,-2.67920,-3.01323,-3.50402,0.27501,0.26513,0.26681,0.26758,0.26627
2022,05,11,06,21,37,387,19.5364,-155.57557,3397,tr,0.000,0.000000,-0.000000,0.000000,-0.00241,-0.01073,-0.98393,-0.00242,-0.01410,-1.31673,-0.00237,-0.01303,-1.20353,-0.00239,-0.01423,-1.32778,-0.00239,-0.01360,-1.26188,-1.66952,-0.00246,0.12113,10.12169,10.12169,0.11824,10.12169,10.12169,0.09418,9.47165,10.12169,9.63488,10.12169,10.01867,0.58487,3.97086,-3.99937,-2.68009,-3.00757,-3.50458,0.27498,0.26508,0.26678,0.26747,0.26624
2022,05,11,06,21,37,637,19.5364,-155.57557,3397,tr,0.000,0.000000,-0.000000,0.000000,-0.00245,-0.01092,-0.99623,-0.00241,-0.01419,-1.32486,-0.00243,-0.01315,-1.21985,-0.00242,-0.01414,-1.31915,-0.00239,-0.01361,-1.26218,-1.66950,-0.00245,0.12122,10.12169,10.12169,0.11831,10.12169,10.12169,0.09415,9.47179,10.12169,9.63485,10.12169,10.02024,0.58482,3.97082,-3.99932,-2.67788,-3.00484,-3.50016,0.27501,0.26512,0.26678,0.26757,0.26626
2022,05,11,06,21,37,887,19.5364,-155.57557,3397,tr,0.000,0.000000,-0.000000,0.000000,-0.00236,-0.01087,-0.99042,-0.00236,-0.01418,-1.32203,-0.00239,-0.01311,-1.21218,-0.00242,-0.01415,-1.31793,-0.00240,-0.01341,-1.24558,-1.66956,-0.00249,0.12114,10.12169,10.12169,0.11828,10.12169,10.12169,0.09417,9.47068,10.12169,9.63342,10.12169,10.02058,0.58481,3.97082,-3.99930,-2.68067,-3.00791,-3.50302,0.27496,0.26514,0.26681,0.26758,0.26625
2022,05,11,06,21,38,137,19.5364,-155.57557,3397,tr,0.000,0.000000,-0.000000,0.000000,-0.00248,-0.01106,-1.00611,-0.00245,-0.01418,-1.31925,-0.00242,-0.01310,-1.21046,-0.00239,-0.01414,-1.32047,-0.00238,-0.01339,-1.24848,-1.66953,-0.00245,0.12123,10.12169,10.12169,0.11825,10.12169,10.12169,0.09409,9.47053,10.12169,9.63391,10.12169,10.02033,0.58484,3.97075,-3.99936,-2.67605,-3.00313,-3.49747,0.27501,0.26515,0.26690,0.26763,0.26630
2022,05,11,06,21,38,386,19.5364,-155.57557,3397,tr,0.000,0.000000,-0.000000,0.000000,-0.00239,-0.01100,-1.00662,-0.00240,-0.01415,-1.32180,-0.00238,-0.01314,-1.21328,-0.00238,-0.01421,-1.31967,-0.00241,-0.01348,-1.25097,-1.66954,-0.00245,0.12116,10.12169,10.12169,0.11824,10.12169,10.12169,0.09417,9.47143,10.12169,9.63467,10.12169,10.02229,0.58487,3.97082,-3.99937,-2.68303,-3.01233,-3.50306,0.27515,0.26505,0.26683,0.26761,0.26625
2022,05,11,06,21,38,636,19.5364,-155.57557,3397,tr,0.000,0.000000,-0.000000,0.000000,-0.00246,-0.01093,-0.99411,-0.00245,-0.01422,-1.32430,-0.00244,-0.01313,-1.21180,-0.00233,-0.01417,-1.32131,-0.00240,-0.01344,-1.25294,-1.66944,-0.00243,0.12121,10.12169,10.12169,0.11839,10.12169,10.12169,0.09413,9.47311,10.12169,9.63581,10.12169,10.02093,0.58480,3.97078,-3.99944,-2.67805,-3.00652,-3.49608,0.27504,0.26509,0.26683,0.26764,0.26626
2022,05,11,06,21,38,887,19.5364,-155.57557,3397,tr,0.000,0.000000,-0.000000,0.000000,-0.00245,-0.01093,-0.99973,-0.00239,-0.01414,-1.32105,-0.00242,-0.01309,-1.21171,-0.00240,-0.01415,-1.31750,-0.00243,-0.01353,-1.25526,-1.66951,-0.00251,0.12116,10.12169,10.12169,0.11826,10.12169,10.12169,0.09416,9.47139,10.12169,9.63453,10.12169,10.02093,0.58484,3.97079,-3.99933,-2.68354,-3.00815,-3.50238,0.27510,0.26514,0.27866,0.26761,0.27792
2022,05,11,06,21,39,137,19.5364,-155.57557,3397,tr,0.000,0.000000,-0.000000,0.000000,-0.00244,-0.01096,-0.99935,-0.00242,-0.01420,-1.32405,-0.00244,-0.01309,-1.20689,-0.00238,-0.01417,-1.31711,-0.00242,-0.01352,-1.25837,-1.66953,-0.00242,0.12123,10.12169,10.12169,0.11834,10.12169,10.12169,0.09417,9.47467,10.12169,9.63748,10.12169,10.02479,0.58483,3.97077,-3.99939,-2.67540,-3.00478,-3.49492,0.27505,0.26524,0.26687,0.26762,0.26637
2022,05,11,06,21,39,387,19.5364,-155.57557,3397,tr,0.000,0.000000,-0.000000,0.000000,-0.00245,-0.01097,-1.00709,-0.00237,-0.01418,-1.32309,-0.00238,-0.01314,-1.20919,-0.00244,-0.01418,-1.32147,-0.00247,-0.01348,-1.24748,-1.66953,-0.00249,0.12116,10.12169,10.12169,0.11831,10.12169,10.12169,0.09420,9.47407,10.12169,9.63659,10.12169,10.01824,0.58484,3.97086,-3.99934,-2.68079,-3.01038,-3.49994,0.27509,0.26514,0.26688,0.26759,0.26627
2022,05,11,06,21,39,637,19.5364,-155.57557,3397,tr,0.000,0.000000,-0.000000,0.000000,-0.00249,-0.01087,-0.99637,-0.00242,-0.01422,-1.32807,-0.00242,-0.01304,-1.21137,-0.00240,-0.01412,-1.31791,-0.00237,-0.01340,-1.24590,-1.66952,-0.00240,0.12119,10.12169,10.12169,0.11835,10.12169,10.12169,0.09412,9.47320,10.12169,9.63640,10.12169,10.01551,0.58486,3.97084,-3.99948,-2.67590,-3.00238,-3.49620,0.27514,0.26521,0.26686,0.26763,0.26628
2022,05,11,06,21,39,886,19.5364,-155.57557,3397,tr,0.000,0.000000,-0.000000,0.000000,-0.00244,-0.01092,-0.99984,-0.00239,-0.01415,-1.31997,-0.00238,-0.01311,-1.21368,-0.00245,-0.01418,-1.31999,-0.00236,-0.01353,-1.25374,-1.66956,-0.00246,0.12119,10.12169,10.12169,0.11831,10.12169,10.12169,0.09422,9.47365,10.12169,9.63579,10.12169,10.01953,0.58482,3.97083,-3.99932,-2.68434,-3.01299,-3.50591,0.27498,0.26510,0.26689,0.26763,0.26621
2022,05,11,06,21,40,137,19.5364,-155.57557,3397,tr,0.000,0.000000,-0.000000,0.000000,-0.00241,-0.01088,-0.99373,-0.00242,-0.01426,-1.32347,-0.00243,-0.01307,-1.20939,-0.00244,-0.01415,-1.31504,-0.00243,-0.01348,-1.25525,-1.66950,-0.00241,0.12121,10.12169,10.12169,0.11837,10.12169,10.12169,0.09412,9.47269,10.12169,9.63583,10.12169,10.02097,0.58486,3.97078,-3.99939,-2.67563,-3.00429,-3.49621,0.27506,0.26511,0.26688,0.26766,0.26632
2022,05,11,06,21,40,387,19.5364,-155.57557,3397,tr,0.000,0.000000,-0.000000,0.000000,-0.00237,-0.01098,-1.00778,-0.00237,-0.01414,-1.32355,-0.00238,-0.01299,-1.20512,-0.00242,-0.01419,-1.31710,-0.00240,-0.01348,-1.25203,-1.66952,-0.00247,0.12119,10.12169,10.12169,0.11832,10.12169,10.12169,0.09421,9.47542,10.12169,9.63849,10.12169,10.01924,0.58490,3.97086,-3.99932,-2.68150,-3.01072,-3.50682,0.27489,0.26514,0.26687,0.26758,0.26631
2022,05,11,06,21,40,638,19.5364,-155.57557,3397,tr,0.000,0.000000,-0.000000,0.000000,-0.00247,-0.01107,-1.01527,-0.00243,-0.01419,-1.32341,-0.00243,-0.01311,-1.21503,-0.00235,-0.01419,-1.32077,-0.00237,-0.01339,-1.24811,-1.66955,-0.00240,0.12122,10.12169,10.12169,0.11836,10.12169,10.12169,0.09419,9.47312,10.12169,9.63597,10.12169,10.01962,0.58484,3.97076,-3.99936,-2.66486,-2.99257,-3.49386,0.27499,0.26508,0.26682,0.26759,0.26632
2022,05,11,06,21,40,887,19.5364,-155.57557,3397,tr,0.000,0.000000,-0.000000,0.000000,-0.00240,-0.01098,-1.00637,-0.00235,-0.01411,-1.32459,-0.00243,-0.01305,-1.21164,-0.00240,-0.01417,-1.32076,-0.00244,-0.01347,-1.24782,-1.66951,-0.00249,0.12117,10.12169,10.12169,0.11832,10.12169,10.12169,0.09416,9.47250,10.12169,9.63586,10.12169,10.02155,0.58484,3.97086,-3.99935,-2.67407,-2.99989,-3.49203,0.27498,0.26508,0.26688,0.26751,0.26631
2022,05,11,06,21,41,136,19.5364,-155.57557,3397,tr,0.000,0.000000,-0.000000,0.000000,-0.00249,-0.01109,-1.00845,-0.00245,-0.01419,-1.32618,-0.00241,-0.01308,-1.21327,-0.00237,-0.01411,-1.31740,-0.00241,-0.01351,-1.25741,-1.66946,-0.00241,0.12125,10.12169,10.12169,0.11842,10.12169,10.12169,0.09418,9.47164,10.12169,9.63474,10.12169,10.02145,0.58486,3.97080,-3.99942,-2.67933,-3.00629,-3.49378,0.27507,0.26524,0.26688,0.26764,0.26635
2022,05,11,06,21,41,386,19.5364,-155.57557,3397,tr,0.000,0.000000,-0.000000,0.000000,-0.00241,-0.01093,-1.00271,-0.00240,-0.01411,-1.32350,-0.00246,-0.01307,-1.20968,-0.00237,-0.01423,-1.32365,-0.00243,-0.01342,-1.24699,-1.66955,-0.00246,0.12119,10.12169,10.12169,0.11830,10.12169,10.12169,0.09425,9.47097,10.12169,9.63333,10.12169,10.02426,0.58488,3.97088,-3.99930,-2.67883,-3.00821,-3.49759,0.27513,0.26518,0.26691,0.26763,0.26628
2022,05,11,06,21,41,637,19.5364,-155.57557,3397,tr,0.000,0.000000,-0.000000,0.000000,-0.00247,-0.01100,-1.00078,-0.00241,-0.01417,-1.32499,-0.00238,-0.01298,-1.20326,-0.00238,-0.01419,-1.32572,-0.00237,-0.01338,-1.24228,-1.66948,-0.00242,0.12128,10.12169,10.12169,0.11838,10.12169,10.12169,0.09410,9.47132,10.12169,9.63440,10.12169,10.01880,0.58480,3.97086,-3.99938,-2.67828,-3.00887,-3.49831,0.27510,0.26513,0.26692,0.26756,0.26632
2022,05,11,06,21,41,887,19.5364,-155.57557,3397,tr,0.000,0.000000,-0.000000,0.000000,-0.00242,-0.01085,-0.99230,-0.00237,-0.01406,-1.31501,-0.00236,-0.01308,-1.20955,-0.00243,-0.01420,-1.32019,-0.00238,-0.01342,-1.24879,-1.66954,-0.00244,0.12123,10.12169,10.12169,0.11835,10.12169,10.12169,0.09417,9.47226,10.12169,9.63570,10.12169,10.01861,0.58485,3.97085,-3.99935,-2.68301,-3.01188,-3.50507,0.27501,0.26511,0.26683,0.26756,0.26631
2022,05,11,06,21,42,137,19.5364,-155.57557,3397,tr,0.000,0.000000,-0.000000,0.000000,-0.00250,-0.01126,-1.02782,-0.00247,-0.01424,-1.32868,-0.00243,-0.01305,-1.20903,-0.00238,-0.01417,-1.32074,-0.00237,-0.01351,-1.25408,-1.66950,-0.00244,0.12126,10.12169,10.12169,0.11836,10.12169,10.12169,0.09415,9.47233,10.12169,9.63451,10.12169,10.02014,0.58477,3.97083,-3.99932,-2.67369,-3.00134,-3.49920,0.27515,0.26524,0.26689,0.26748,0.26637
2022,05,11,06,21,42,387,19.5364,-155.57557,3397,tr,0.000,0.000000,-0.000000,0.000000,-0.00237,-0.01095,-1.00156,-0.00234,-0.01417,-1.31944,-0.00239,-0.01310,-1.21006,-0.00241,-0.01423,-1.32352,-0.00241,-0.01348,-1.24696,-1.66956,-0.00246,0.12121,10.12169,10.12169,0.11828,10.12169,10.12169,0.09413,9.47214,10.12169,9.63596,10.12169,10.02075,0.58482,3.97080,-3.99945,-2.68198,-3.01053,-3.50528,0.27512,0.26517,0.26687,0.26751,0.26632
2022,05,11,06,21,42,636,19.5364,-155.57557,3397,tr,0.000,0.000000,-0.000000,0.000000,-0.00245,-0.01093,-1.00119,-0.00250,-0.01423,-1.32647,-0.00243,-0.01303,-1.20790,-0.00241,-0.01414,-1.32350,-0.00236,-0.01346,-1.25311,-1.66953,-0.00241,0.12131,10.12169,10.12169,0.11840,10.12169,10.12169,0.09417,9.47229,10.12169,9.63523,10.12169,10.02183,0.58482,3.97079,-3.99937,-2.67870,-3.00729,-3.49536,0.27511,0.26523,0.26686,0.26755,0.26636
2022,05,11,06,21,42,887,19.5364,-155.57557,3397,tr,0.000,0.000000,-0.000000,0.000000,-0.00244,-0.01099,-1.00487,-0.00234,-0.01405,-1.31706,-0.00240,-0.01320,-1.21676,-0.00240,-0.01416,-1.31516,-0.00243,-0.01348,-1.25287,-1.66955,-0.00243,0.12124,10.12169,10.12169,0.11835,10.12169,10.12169,0.09420,9.47300,10.12169,9.63585,10.12169,10.02072,0.58483,3.97085,-3.99934,-2.67756,-3.00634,-3.49670,0.27511,0.26520,0.26682,0.26749,0.26634
2022,05,11,06,21,43,137,19.5364,-155.57557,3397,tr,0.000,0.000000,-0.000000,0.000000,-0.00252,-0.01100,-1.00749,-0.00237,-0.01424,-1.32724,-0.00245,-0.01309,-1.21272,-0.00239,-0.01410,-1.32101,-0.00239,-0.01340,-1.25198,-1.66949,-0.00242,0.12129,10.12169,10.12169,0.11845,10.12169,10.12169,0.09419,9.47445,10.12169,9.63716,10.12169,10.02352,0.58486,3.97081,-3.99942,-2.67074,-2.99962,-3.49037,0.27522,0.26526,0.26691,0.26755,0.26634
2022,05,11,06,21,43,387,19.5364,-155.57557,3397,tr,0.000,0.000000,-0.000000,0.000000,-0.00244,-0.01083,-0.98977,-0.00235,-0.01402,-1.31187,-0.00244,-0.01316,-1.21759,-0.00240,-0.01414,-1.31815,-0.00240,-0.01349,-1.25630,-1.66949,-0.00247,0.12124,10.12169,10.12169,0.11841,10.12169,10.12169,0.09423,9.47583,10.12169,9.63922,10.12169,10.02205,0.58487,3.97086,-3.99938,-2.66896,-2.99610,-3.48857,0.27511,0.26528,0.27871,0.26746,0.27795
2022,05,11,06,21,43,637,19.5364,-155.57557,3397,tr,0.000,0.000000,-0.000000,0.000000,-0.00241,-0.01090,-0.99605,-0.00240,-0.01427,-1.32667,-0.00246,-0.01315,-1.21905,-0.00240,-0.01409,-1.31766,-0.00238,-0.01337,-1.24753,-1.66950,-0.00242,0.12130,10.12169,10.12169,0.11839,10.12169,10.12169,0.09424,9.47763,10.12169,9.64023,10.12169,10.02250,0.58483,3.97074,-3.99940,-2.67184,-2.99674,-3.49027,0.27513,0.26528,0.26686,0.26759,0.26635
2022,05,11,06,21,43,887,19.5364,-155.57557,3397,tr,0.000,0.000000,-0.000000,0.000000,-0.00239,-0.01101,-1.00872,-0.00239,-0.01415,-1.32083,-0.00239,-0.01319,-1.21700,-0.00242,-0.01410,-1.31322,-0.00244,-0.01349,-1.24489,-1.66952,-0.00250,0.12120,10.12169,10.12169,0.11841,10.12169,10.12169,0.09419,9.47676,10.12169,9.63977,10.12169,10.01839,0.58483,3.97082,-3.99940,-2.67829,-3.00846,-3.50100,0.27520,0.26525,0.26683,0.26743,0.26632
2022,05,11,06,21,44,136,19.5364,-155.57557,3397,tr,0.000,0.000000,-0.000000,0.000000,-0.00247,-0.01087,-0.98988,-0.00248,-0.01421,-1.32304,-0.00243,-0.01308,-1.21307,-0.00237,-0.01405,-1.31428,-0.00238,-0.01332,-1.23744,-1.66949,-0.00243,0.12130,10.12169,10.12169,0.11847,10.12169,10.12169,0.09419,9.47797,10.12169,9.64103,10.12169,10.01789,0.58481,3.97079,-3.99939,-2.67650,-3.00686,-3.50041,0.27527,0.26526,0.26689,0.26750,0.26643
2022,05,11,06,21,44,387,19.5364,-155.57557,3397,tr,0.000,0.000000,-0.000000,0.000000,-0.00242,-0.01090,-0.99778,-0.00241,-0.01419,-1.32524,-0.00239,-0.01307,-1.20982,-0.00239,-0.01421,-1.32043,-0.00241,-0.01344,-1.24318,-1.66957,-0.00241,0.12126,10.12169,10.12169,0.11838,10.12169,10.12169,0.09425,9.47646,10.12169,9.63986,10.12169,10.02063,0.58487,3.97083,-3.99937,-2.68334,-3.01346,-3.50822,0.27524,0.26523,0.26685,0.26750,0.26626
2022,05,11,06,21,44,637,19.5364,-155.57557,3397,tr,0.000,0.000000,-0.000000,0.000000,-0.00246,-0.01088,-0.98951,-0.00243,-0.01426,-1.32992,-0.00243,-0.01312,-1.21207,-0.00247,-0.01415,-1.31552,-0.00238,-0.01335,-1.24413,-1.66954,-0.00246,0.12131,10.12169,10.12169,0.11841,10.12169,10.12169,0.09419,9.47661,10.12169,9.63872,10.12169,10.02143,0.58481,3.97077,-3.99941,-2.67772,-3.00614,-3.49687,0.27516,0.26529,0.26694,0.26758,0.26636
2022,05,11,06,21,44,887,19.5364,-155.57557,3397,tr,0.000,0.000000,-0.000000,0.000000,-0.00239,-0.01090,-1.00095,-0.00239,-0.01418,-1.32748,-0.00244,-0.01303,-1.20564,-0.00244,-0.01409,-1.30895,-0.00245,-0.01349,-1.25304,-1.66953,-0.00245,0.12128,10.12169,10.12169,0.11837,10.12169,10.12169,0.09425,9.47946,10.12169,9.64247,10.12169,10.02231,0.58483,3.97077,-3.99938,-2.68012,-3.00719,-3.49839,0.27508,0.26531,0.26692,0.26753,0.26634
2022,05,11,06,21,45,137,19.5364,-155.57557,3397,tr,0.000,0.000000,-0.000000,0.000000,-0.00251,-0.01104,-1.00976,-0.00238,-0.01414,-1.32018,-0.00244,-0.01307,-1.20854,-0.00244,-0.01406,-1.31216,-0.00237,-0.01324,-1.23067,-1.66955,-0.00242,0.12129,10.12169,10.12169,0.11834,10.12169,10.12169,0.09419,9.47863,10.12169,9.64172,10.12169,10.01841,0.58482,3.97080,-3.99945,-2.67380,-3.00106,-3.49525,0.27518,0.26525,0.26691,0.26760,0.26637
2022,05,11,06,21,45,386,19.5364,-155.57557,3397,tr,0.000,0.000000,-0.000000,0.000000,-0.00244,-0.01085,-0.99670,-0.00238,-0.01421,-1.33283,-0.00243,-0.01308,-1.21072,-0.00237,-0.01417,-1.31562,-0.00240,-0.01322,-1.22708,-1.66957,-0.00247,0.12123,10.12169,10.12169,0.11835,10.12169,10.12169,0.09425,9.47901,10.12169,9.64144,10.12169,10.02317,0.58488,3.97080,-3.99942,-2.67651,-3.00609,-3.49381,0.27510,0.26521,0.26683,0.26750,0.26635
2022,05,11,06,21,45,636,19.5364,-155.57557,3397,tr,0.000,0.000000,-0.000000,0.000000,-0.00249,-0.01096,-1.00148,-0.00248,-0.01426,-1.33143,-0.00239,-0.01301,-1.20459,-0.00235,-0.01407,-1.31830,-0.00242,-0.01326,-1.23308,-1.66956,-0.00248,0.12128,10.12169,10.12169,0.11841,10.12169,10.12169,0.09423,9.47897,10.12169,9.64169,10.12169,10.02194,0.58482,3.97082,-3.99940,-2.67546,-3.00354,-3.49197,0.27512,0.26535,0.26692,0.26750,0.26641
2022,05,11,06,21,45,887,19.5364,-155.57557,3397,tr,0.000,0.000000,-0.000000,0.000000,-0.00237,-0.01075,-0.97990,-0.00239,-0.01419,-1.32899,-0.00235,-0.01309,-1.20728,-0.00240,-0.01407,-1.31204,-0.00244,-0.01325,-1.22910,-1.66955,-0.00246,0.12124,10.12169,10.12169,0.11838,10.12169,10.12169,0.09423,9.47652,10.12169,9.63944,10.12169,10.02341,0.58488,3.97085,-3.99937,-2.68651,-3.01486,-3.50580,0.27514,0.26520,0.26684,0.26756,0.26640
2022,05,11,06,21,46,137,19.5364,-155.57557,3397,tr,0.000,0.000000,-0.000000,0.000000,-0.00244,-0.01062,-0.96813,-0.00247,-0.01422,-1.32874,-0.00241,-0.01309,-1.21415,-0.00236,-0.01408,-1.31383,-0.00239,-0.01321,-1.22899,-1.66946,-0.00240,0.12125,10.12169,10.12169,0.11840,10.12169,10.12169,0.09418,9.47668,10.12169,9.63929,10.12169,10.01907,0.58481,3.97082,-3.99951,-2.67660,-3.00878,-3.49727,0.27520,0.26528,0.26693,0.26761,0.26638
2022,05,11,06,21,46,387,19.5364,-155.57557,3397,tr,0.000,0.000000,-0.000000,0.000000,-0.00239,-0.01067,-0.97168,-0.00241,-0.01420,-1.32959,-0.00246,-0.01305,-1.20779,-0.00239,-0.01417,-1.31991,-0.00245,-0.01334,-1.23453,-1.66956,-0.00246,0.12124,10.12169,10.12169,0.11837,10.12169,10.12169,0.09418,9.47705,10.12169,9.63989,10.12169,10.01793,0.58484,3.97083,-3.99942,-2.68275,-3.01434,-3.50663,0.27515,0.26525,0.26690,0.26749,0.26636
2022,05,11,06,21,46,638,19.5364,-155.57557,3397,tr,0.000,0.000000,-0.000000,0.000000,-0.00241,-0.01072,-0.97897,-0.00243,-0.01426,-1.33147,-0.00242,-0.01306,-1.21097,-0.00235,-0.01409,-1.31570,-0.00237,-0.01325,-1.23111,-1.66950,-0.00239,0.12128,10.12169,10.12169,0.11836,10.12169,10.12169,0.09413,9.47656,10.12169,9.63967,10.12169,10.01719,0.58490,3.97078,-3.99944,-2.67056,-2.99755,-3.49650,0.27516,0.26516,0.26691,0.26748,0.26636
2022,05,11,06,21,46,886,19.5364,-155.57557,3397,tr,0.000,0.000000,-0.000000,0.000000,-0.00235,-0.01072,-0.97355,-0.00236,-0.01426,-1.33252,-0.00237,-0.01308,-1.21149,-0.00240,-0.01415,-1.31817,-0.00239,-0.01323,-1.22638,-1.66953,-0.00244,0.12120,10.12169,10.12169,0.11837,10.12169,10.12169,0.09423,9.47662,10.12169,9.63941,10.12169,10.02155,0.58483,3.97084,-3.99938,-2.68609,-3.02033,-3.51005,0.27514,0.26520,0.26695,0.26745,0.26634
2022,05,11,06,21,47,137,19.5364,-155.57557,3397,tr,0.000,0.000000,-0.000000,0.000000,-0.00248,-0.01099,-1.00383,-0.00236,-0.01429,-1.33239,-0.00242,-0.01305,-1.21158,-0.00234,-0.01415,-1.31811,-0.00239,-0.01327,-1.23348,-1.66951,-0.00242,0.12123,10.12169,10.12169,0.11821,10.12169,10.12169,0.09418,9.47626,10.12169,9.63961,10.12169,10.02084,0.58487,3.97078,-3.99946,-2.67864,-3.00991,-3.49809,0.27514,0.26523,0.26695,0.26751,0.26642
2022,05,11,06,21,47,387,19.5364,-155.57557,3397,tr,0.000,0.000000,-0.000000,0.000000,-0.00241,-0.01095,-1.00048,-0.00238,-0.01419,-1.32299,-0.00238,-0.01311,-1.21781,-0.00242,-0.01414,-1.31496,-0.00243,-0.01331,-1.23341,-1.66951,-0.00250,0.12123,10.12169,10.12169,0.11839,10.12169,10.12169,0.09421,9.47481,10.12169,9.63803,10.12169,10.01902,0.58491,3.97083,-3.99940,-2.68490,-3.01583,-3.50634,0.27503,0.26510,0.26689,0.26749,0.26639
2022,05,11,06,21,47,637,19.5364,-155.57557,3397,tr,0.000,0.000000,-0.000000,0.000000,-0.00247,-0.01095,-0.99896,-0.00241,-0.01427,-1.33057,-0.00242,-0.01313,-1.21587,-0.00238,-0.01409,-1.30892,-0.00234,-0.01330,-1.23781,-1.66949,-0.00241,0.12127,10.12169,10.12169,0.11836,10.12169,10.12169,0.09420,9.47553,10.12169,9.63844,10.12169,10.02013,0.58481,3.97081,-3.99943,-2.67043,-3.00141,-3.49226,0.27510,0.26514,0.26699,0.26751,0.26638
2022,05,11,06,21,47,887,19.5364,-155.57557,3397,tr,0.000,0.000000,-0.000000,0.000000,-0.00240,-0.01095,-0.99657,-0.00234,-0.01424,-1.32938,-0.00239,-0.01309,-1.21207,-0.00241,-0.01406,-1.31549,-0.00243,-0.01331,-1.23569,-1.66955,-0.00252,0.12126,10.12169,10.12169,0.11833,10.12169,10.12169,0.09419,9.47560,10.12169,9.63900,10.12169,10.02095,0.58483,3.97087,-3.99941,-2.66489,-2.99413,-3.48532,0.27510,0.26510,0.26685,0.26750,0.26635
2022,05,11,06,21,48,137,19.5364,-155.57557,3397,tr,0.000,0.000000,-0.000000,0.000000,-0.00242,-0.01100,-0.99932,-0.00243,-0.01428,-1.32868,-0.00240,-0.01307,-1.21538,-0.00236,-0.01418,-1.32274,-0.00241,-0.01331,-1.23631,-1.66952,-0.00245,0.12124,10.12169,10.12169,0.11836,10.12169,10.12169,0.09419,9.47472,10.12169,9.63798,10.12169,10.02169,0.58483,3.97080,-3.99950,-2.67677,-3.00367,-3.49211,0.27524,0.26517,0.26684,0.26748,0.26639
2022,05,11,06,21,48,386,19.5364,-155.57557,3397,tr,0.000,0.000000,-0.000000,0.000000,-0.00246,-0.01074,-0.98616,-0.00244,-0.01415,-1.32321,-0.00237,-0.01311,-1.20926,-0.00245,-0.01420,-1.32264,-0.00244,-0.01326,-1.23372,-1.66954,-0.00246,0.12118,10.12169,10.12169,0.11834,10.12169,10.12169,0.09417,9.47498,10.12169,9.63796,10.12169,10.01683,0.58486,3.97083,-3.99941,-2.68695,-3.02351,-3.50822,0.27508,0.26521,0.26685,0.26741,0.26634
2022,05,11,06,21,48,637,19.5364,-155.57557,3397,tr,0.000,0.000000,-0.000000,0.000000,-0.00250,-0.01087,-0.99054,-0.00248,-0.01420,-1.32478,-0.00239,-0.01310,-1.21432,-0.00243,-0.01412,-1.31608,-0.00238,-0.01335,-1.23530,-1.66951,-0.00245,0.12128,10.12169,10.12169,0.11837,10.12169,10.12169,0.09415,9.47349,10.12169,9.63651,10.12169,10.01889,0.58483,3.97082,-3.99948,-2.67481,-3.00860,-3.49837,0.27517,0.26524,0.26695,0.26749,0.26647
2022,05,11,06,21,48,887,19.5364,-155.57557,3397,tr,0.000,0.000000,-0.000000,0.000000,-0.00241,-0.01074,-0.98509,-0.00239,-0.01426,-1.32603,-0.00241,-0.01315,-1.21800,-0.00239,-0.01418,-1.32145,-0.00240,-0.01330,-1.23371,-1.66953,-0.00251,0.12119,10.12169,10.12169,0.11836,10.12169,10.12169,0.09420,9.47596,10.12169,9.63904,10.12169,10.01965,0.58485,3.97082,-3.99937,-2.68036,-3.01127,-3.50590,0.27512,0.26518,0.26680,0.26744,0.26637
2022,05,11,06,21,49,137,19.5364,-155.57557,3397,tr,0.000,0.000000,-0.000000,0.000000,-0.00248,-0.01016,-0.92334,-0.00236,-0.01419,-1.32269,-0.00245,-0.01304,-1.21029,-0.00243,-0.01411,-1.31987,-0.00233,-0.01328,-1.23421,-1.66960,-0.00244,0.12131,10.12169,10.12169,0.11835,10.12169,10.12169,0.09412,9.47347,10.12169,9.63650,10.12169,10.02230,0.58478,3.97079,-3.99946,-2.67701,-3.00777,-3.49904,0.27521,0.26529,0.26690,0.26755,0.26639
2022,05,11,06,21,49,387,19.5364,-155.57557,3397,tr,0.000,0.000000,-0.000000,0.000000,-0.00245,-0.01020,-0.92858,-0.00238,-0.01413,-1.32131,-0.00237,-0.01306,-1.20662,-0.00247,-0.01425,-1.32489,-0.00242,-0.01333,-1.23906,-1.66955,-0.00245,0.12119,10.12169,10.12169,0.11833,10.12169,10.12169,0.09423,9.47469,10.12169,9.63728,10.12169,10.02111,0.58486,3.97076,-3.99936,-2.68471,-3.01524,-3.50345,0.27511,0.26527,0.26686,0.26748,0.26638
2022,05,11,06,21,49,636,19.5364,-155.57557,3397,tr,0.000,0.000000,-0.000000,0.000000,-0.00243,-0.01027,-0.92854,-0.00244,-0.01429,-1.33192,-0.00241,-0.01313,-1.21479,-0.00239,-0.01418,-1.32186,-0.00237,-0.01333,-1.23546,-1.66955,-0.00243,0.12125,10.12169,10.12169,0.11837,10.12169,10.12169,0.09417,9.47356,10.12169,9.63601,10.12169,10.02156,0.58480,3.97074,-3.99948,-2.67462,-3.01102,-3.49710,0.27514,0.26526,0.26686,0.26743,0.26646
2022,05,11,06,21,49,886,19.5364,-155.57557,3397,tr,0.000,0.000000,-0.000000,0.000000,-0.00248,-0.01040,-0.94870,-0.00237,-0.01414,-1.32136,-0.00240,-0.01318,-1.21469,-0.00247,-0.01418,-1.31700,-0.00244,-0.01334,-1.23865,-1.66953,-0.00250,0.12123,10.12169,10.12169,0.11835,10.12169,10.12169,0.09420,9.47500,10.12169,9.63780,10.12169,10.02247,0.58482,3.97085,-3.99943,-2.68242,-3.01525,-3.50427,0.27517,0.26524,0.26678,0.26747,0.26639
2022,05,11,06,21,50,137,19.5364,-155.57557,3397,tr,0.000,0.000000,-0.000000,0.000000,-0.00245,-0.01052,-0.95446,-0.00242,-0.01421,-1.32720,-0.00244,-0.01302,-1.20988,-0.00238,-0.01415,-1.32410,-0.00237,-0.01332,-1.23825,-1.66946,-0.00244,0.12123,10.12169,10.12169,0.11839,10.12169,10.12169,0.09413,9.47250,10.12169,9.63578,10.12169,10.02264,0.58476,3.97074,-3.99938,-2.67761,-3.00723,-3.49610,0.27521,0.26536,0.26680,0.26748,0.26645
2022,05,11,06,21,50,387,19.5364,-155.57557,3397,tr,0.000,0.000000,-0.000000,0.000000,-0.00242,-0.01038,-0.94254,-0.00239,-0.01416,-1.32165,-0.00243,-0.01318,-1.21902,-0.00244,-0.01418,-1.32268,-0.00241,-0.01328,-1.23242,-1.66957,-0.00246,0.12118,10.12169,10.12169,0.11838,10.12169,10.12169,0.09417,9.47487,10.12169,9.63782,10.12169,10.02151,0.58484,3.97087,-3.99942,-2.68788,-3.01647,-3.50390,0.27512,0.26526,0.26673,0.26744,0.26641
2022,05,11,06,21,50,637,19.5364,-155.57557,3397,tr,0.000,0.000000,-0.000000,0.000000,-0.00241,-0.01039,-0.94617,-0.00242,-0.01426,-1.33050,-0.00238,-0.01315,-1.21973,-0.00239,-0.01412,-1.31886,-0.00245,-0.01323,-1.23375,-1.66950,-0.00244,0.12123,10.12169,10.12169,0.11844,10.12169,10.12169,0.09414,9.47316,10.12169,9.63611,10.12169,10.02016,0.58478,3.97080,-3.99947,-2.67636,-3.01026,-3.49551,0.27534,0.26527,0.26679,0.26749,0.26648
2022,05,11,06,21,50,887,19.5364,-155.57557,3397,tr,0.000,0.000000,-0.000000,0.000000,-0.00240,-0.01034,-0.94440,-0.00240,-0.01417,-1.32811,-0.00236,-0.01314,-1.21378,-0.00244,-0.01427,-1.32513,-0.00240,-0.01330,-1.23152,-1.66956,-0.00243,0.12125,10.12169,10.12169,0.11836,10.12169,10.12169,0.09419,9.47399,10.12169,9.63683,10.12169,10.01547,0.58479,3.97089,-3.99938,-2.68444,-3.01446,-3.50320,0.27523,0.26533,0.26684,0.26737,0.26642
2022,05,11,06,21,51,136,19.5364,-155.57557,3397,tr,0.000,0.000000,-0.000000,0.000000,-0.00249,-0.01040,-0.94931,-0.00247,-0.01424,-1.32588,-0.00242,-0.01313,-1.21332,-0.00238,-0.01417,-1.31874,-0.00237,-0.01331,-1.23344,-1.66947,-0.00242,0.12118,10.12169,10.12169,0.11837,10.12169,10.12169,0.09411,9.47241,10.12169,9.63596,10.12169,10.02152,0.58475,3.97076,-3.99944,-2.68169,-3.01579,-3.50609,0.27528,0.26535,0.26685,0.26740,0.26641
2022,05,11,06,21,51,387,19.5364,-155.57557,3397,tr,0.000,0.000000,-0.000000,0.000000,-0.00238,-0.01029,-0.93565,-0.00239,-0.01419,-1.32570,-0.00244,-0.01316,-1.21503,-0.00240,-0.01412,-1.31922,-0.00242,-0.01357,-1.26363,-1.66958,-0.00247,0.12118,10.12169,10.12169,0.11838,10.12169,10.12169,0.09420,9.47201,10.12169,9.63469,10.12169,10.02180,0.58484,3.97078,-3.99945,-2.68364,-3.01630,-3.50460,0.27531,0.26529,0.26681,0.26739,0.26644
2022,05,11,06,21,51,637,19.5364,-155.57557,3397,tr,0.000,0.000000,-0.000000,0.000000,-0.00248,-0.01038,-0.94176,-0.00245,-0.01427,-1.33105,-0.00241,-0.01309,-1.21404,-0.00240,-0.01417,-1.32013,-0.00236,-0.01362,-1.26933,-1.66955,-0.00242,0.12125,10.12169,10.12169,0.11843,10.12169,10.12169,0.09418,9.47460,10.12169,9.63770,10.12169,10.02204,0.58477,3.97072,-3.99943,-2.67832,-3.01309,-3.50310,0.27533,0.26537,0.26687,0.26739,0.26651
2022,05,11,06,21,51,887,19.5364,-155.57557,3397,tr,0.000,0.000000,-0.000000,0.000000,-0.00242,-0.01025,-0.93165,-0.00240,-0.01412,-1.32383,-0.00236,-0.01311,-1.20944,-0.00243,-0.01419,-1.32078,-0.00242,-0.01366,-1.26744,-1.66955,-0.00249,0.12119,10.12169,10.12169,0.11836,10.12169,10.12169,0.09420,9.47251,10.12169,9.63528,10.12169,10.02058,0.58482,3.97076,-3.99938,-2.68274,-3.01365,-3.50235,0.27540,0.26535,0.27884,0.26747,0.26648
2022,05,11,06,21,52,137,19.5364,-155.57557,3397,tr,0.000,0.000000,-0.000000,0.000000,-0.00245,-0.01037,-0.94001,-0.00245,-0.01421,-1.32569,-0.00241,-0.01303,-1.21201,-0.00236,-0.01411,-1.31520,-0.00232,-0.01363,-1.27162,-1.66951,-0.00245,0.12125,10.12169,10.12169,0.11844,10.12169,10.12169,0.09419,9.47436,10.12169,9.63676,10.12169,10.01880,0.58480,3.97081,-3.99944,-2.67635,-3.00713,-3.49560,0.27533,0.26534,0.26690,0.26740,0.26650
2022,05,11,06,21,52,387,19.5364,-155.57557,3397,tr,0.000,0.000000,-0.000000,0.000000,-0.00242,-0.01062,-0.97032,-0.00241,-0.01422,-1.32521,-0.00242,-0.01317,-1.21502,-0.00243,-0.01420,-1.32193,-0.00241,-0.01364,-1.26938,-1.66953,-0.00247,0.12116,10.12169,10.12169,0.11844,10.12169,10.12169,0.09424,9.47490,10.12169,9.63826,10.12169,10.02048,0.58483,3.97090,-3.99941,-2.67633,-3.00800,-3.49729,0.27533,0.26527,0.26687,0.26750,0.26649
2022,05,11,06,21,52,636,19.5364,-155.57557,3397,tr,0.000,0.000000,-0.000000,0.000000,-0.00244,-0.01059,-0.96361,-0.00245,-0.01428,-1.33141,-0.00240,-0.01321,-1.22128,-0.00240,-0.01409,-1.31943,-0.00239,-0.01359,-1.26573,-1.66950,-0.00241,0.12115,10.12169,10.12169,0.11844,10.12169,10.12169,0.09418,9.47415,10.12169,9.63766,10.12169,10.02416,0.58476,3.97076,-3.99935,-2.68137,-3.01725,-3.50239,0.27529,0.26541,0.26690,0.26747,0.26653
2022,05,11,06,21,52,887,19.5364,-155.57557,3397,tr,0.000,0.000000,-0.000000,0.000000,-0.00247,-0.01065,-0.97384,-0.00234,-0.01413,-1.32115,-0.00239,-0.01321,-1.21880,-0.00238,-0.01413,-1.31361,-0.00241,-0.01361,-1.26572,-1.66956,-0.00249,0.12121,10.12169,10.12169,0.11843,10.12169,10.12169,0.09415,9.47493,10.12169,9.63782,10.12169,10.01945,0.58480,3.97084,-3.99937,-2.68430,-3.02397,-3.50986,0.27520,0.26536,0.26690,0.26744,0.26646
2022,05,11,06,21,53,137,19.5364,-155.57557,3397,tr,0.000,0.000000,-0.000000,0.000000,-0.00242,-0.01068,-0.97231,-0.00247,-0.01424,-1.32843,-0.00241,-0.01309,-1.21337,-0.00238,-0.01415,-1.31893,-0.00235,-0.01326,-1.23048,-1.66954,-0.00243,0.12126,10.12169,10.12169,0.11835,10.12169,10.12169,0.09420,9.47477,10.12169,9.63788,10.12169,10.01681,0.58478,3.97077,-3.99946,-2.67778,-3.01373,-3.49938,0.27532,0.26540,0.26687,0.26743,0.26650
2022,05,11,06,21,53,387,19.5364,-155.57557,3397,tr,0.000,0.000000,-0.000000,0.000000,-0.00241,-0.01057,-0.96412,-0.00238,-0.01421,-1.32829,-0.00238,-0.01308,-1.21141,-0.00241,-0.01422,-1.32087,-0.00242,-0.01332,-1.23217,-1.66957,-0.00252,0.12116,10.12169,10.12169,0.11840,10.12169,10.12169,0.09418,9.47487,10.12169,9.63805,10.12169,10.02025,0.58479,3.97084,-3.99945,-2.68215,-3.01435,-3.50669,0.27534,0.26523,0.26680,0.26743,0.26649
2022,05,11,06,21,53,637,19.5364,-155.57557,3397,tr,0.000,0.000000,-0.000000,0.000000,-0.00241,-0.01062,-0.96228,-0.00245,-0.01432,-1.33037,-0.00245,-0.01309,-1.21507,-0.00241,-0.01410,-1.31390,-0.00236,-0.01326,-1.23371,-1.66953,-0.00243,0.12127,10.12169,10.12169,0.11840,10.12169,10.12169,0.09420,9.47447,10.12169,9.63745,10.12169,10.02067,0.58472,3.97076,-3.99942,-2.67871,-3.01010,-3.50047,0.27540,0.26542,0.26689,0.26745,0.26647
2022,05,11,06,21,53,886,19.5364,-155.57557,3397,tr,0.000,0.000000,-0.000000,0.000000,-0.00245,-0.01063,-0.96944,-0.00234,-0.01420,-1.32462,-0.00240,-0.01314,-1.21606,-0.00241,-0.01415,-1.31614,-0.00242,-0.01324,-1.23158,-1.66957,-0.00244,0.12121,10.12169,10.12169,0.11827,10.12169,10.12169,0.09419,9.47584,10.12169,9.63892,10.12169,10.02106,0.58479,3.97084,-3.99943,-2.68869,-3.02470,-3.50980,0.27527,0.26534,0.26688,0.26743,0.26647
2022,05,11,06,21,54,136,19.5364,-155.57557,3397,tr,0.000,0.000000,-0.000000,0.000000,-0.00247,-0.01051,-0.95922,-0.00241,-0.01427,-1.33227,-0.00240,-0.01300,-1.20915,-0.00241,-0.01416,-1.31734,-0.00237,-0.01325,-1.23096,-1.66957,-0.00242,0.12124,10.12169,10.12169,0.11845,10.12169,10.12169,0.09421,9.47773,10.12169,9.64044,10.12169,10.02181,0.58476,3.97072,-3.99943,-2.67660,-3.00888,-3.49551,0.27539,0.26544,0.26693,0.26741,0.26647
2022,05,11,06,21,54,387,19.5364,-155.57557,3397,tr,0.000,0.000000,-0.000000,0.000000,-0.00242,-0.01066,-0.97799,-0.00239,-0.01413,-1.31713,-0.00244,-0.01315,-1.21066,-0.00241,-0.01417,-1.31766,-0.00237,-0.01326,-1.23097,-1.66959,-0.00250,0.12121,10.12169,10.12169,0.11838,10.12169,10.12169,0.09425,9.47701,10.12169,9.63963,10.12169,10.02033,0.58478,3.97079,-3.99943,-2.68450,-3.01850,-3.50642,0.27541,0.26537,0.26685,0.26746,0.26650
2022,05,11,06,21,54,637,19.5364,-155.57557,3397,tr,0.000,0.000000,-0.000000,0.000000,-0.00247,-0.01070,-0.96879,-0.00241,-0.01432,-1.32978,-0.00245,-0.01311,-1.21622,-0.00244,-0.01412,-1.31748,-0.00237,-0.01335,-1.23866,-1.66948,-0.00242,0.12125,10.12169,10.12169,0.11845,10.12169,10.12169,0.09417,9.47413,10.12169,9.63728,10.12169,10.02219,0.58471,3.97072,-3.99945,-2.67980,-3.01003,-3.50080,0.27544,0.26539,0.26691,0.26743,0.26647
2022,05,11,06,21,54,887,19.5364,-155.57557,3397,tr,0.000,0.000000,-0.000000,0.000000,-0.00242,-0.01047,-0.95468,-0.00241,-0.01418,-1.32724,-0.00244,-0.01305,-1.21026,-0.00241,-0.01417,-1.31526,-0.00240,-0.01340,-1.24145,-1.66959,-0.00242,0.12123,10.12169,10.12169,0.11841,10.12169,10.12169,0.09416,9.47315,10.12169,9.63644,10.12169,10.02000,0.58475,3.97083,-3.99945,-2.68687,-3.01635,-3.50311,0.27544,0.26541,0.26691,0.26746,0.26652
2022,05,11,06,21,55,137,19.5364,-155.57557,3397,tr,0.000,0.000000,-0.000000,0.000000,-0.00247,-0.01061,-0.96970,-0.00241,-0.01425,-1.32775,-0.00242,-0.01309,-1.21382,-0.00241,-0.01416,-1.32021,-0.00237,-0.01333,-1.23705,-1.66950,-0.00245,0.12125,10.12169,10.12169,0.11840,10.12169,10.12169,0.09415,9.47585,10.12169,9.63875,10.12169,10.02191,0.58477,3.97078,-3.99949,-2.67836,-3.00973,-3.49637,0.27547,0.26544,0.26697,0.26749,0.26650
2022,05,11,06,21,55,386,19.5364,-155.57557,3397,tr,0.000,0.000000,-0.000000,0.000000,-0.00239,-0.01058,-0.96123,-0.00243,-0.01417,-1.32370,-0.00243,-0.01311,-1.21451,-0.00242,-0.01419,-1.31954,-0.00241,-0.01331,-1.23110,-1.66956,-0.00244,0.12127,10.12169,10.12169,0.11839,10.12169,10.12169,0.09414,9.47418,10.12169,9.63761,10.12169,10.01880,0.58475,3.97081,-3.99945,-2.68568,-3.02127,-3.51006,0.27547,0.26542,0.26692,0.26734,0.26648
2022,05,11,06,21,55,637,19.5364,-155.57557,3397,tr,0.000,0.000000,-0.000000,0.000000,-0.00239,-0.01050,-0.95582,-0.00242,-0.01423,-1.32784,-0.00240,-0.01303,-1.21040,-0.00240,-0.01413,-1.31683,-0.00237,-0.01341,-1.24459,-1.66948,-0.00241,0.12135,10.12169,10.12169,0.11847,10.12169,10.12169,0.09417,9.47635,10.12169,9.63965,10.12169,10.02237,0.58475,3.97081,-3.99949,-2.67818,-3.01033,-3.50124,0.27553,0.26543,0.26701,0.26752,0.26646
2022,05,11,06,21,55,887,19.5364,-155.57557,3397,tr,0.000,0.000000,-0.000000,0.000000,-0.00244,-0.01054,-0.96062,-0.00239,-0.01421,-1.32882,-0.00246,-0.01301,-1.20418,-0.00246,-0.01415,-1.31858,-0.00239,-0.01328,-1.23148,-1.66958,-0.00250,0.12119,10.12169,10.12169,0.11848,10.12169,10.12169,0.09426,9.47443,10.12169,9.63678,10.12169,10.01963,0.58473,3.97082,-3.99947,-2.68797,-3.01885,-3.51063,0.27556,0.26537,0.26690,0.26744,0.26648
2022,05,11,06,21,56,137,19.5364,-155.57557,3397,tr,0.000,0.000000,-0.000000,0.000000,-0.00242,-0.01064,-0.96730,-0.00243,-0.01425,-1.32688,-0.00240,-0.01311,-1.21140,-0.00240,-0.01413,-1.31715,-0.00239,-0.01317,-1.22395,-1.66953,-0.00246,0.12130,10.12169,10.12169,0.11841,10.12169,10.12169,0.09424,9.47515,10.12169,9.63845,10.12169,10.02013,0.58476,3.97075,-3.99942,-2.67575,-3.00929,-3.49782,0.27545,0.26545,0.26697,0.26737,0.26646
2022,05,11,06,21,56,387,19.5364,-155.57557,3397,tr,0.000,0.000000,-0.000000,0.000000,-0.00246,-0.01065,-0.96862,-0.00243,-0.01422,-1.32429,-0.00241,-0.01305,-1.20661,-0.00244,-0.01418,-1.32211,-0.00243,-0.01333,-1.22966,-1.66961,-0.00251,0.12124,10.12169,10.12169,0.11841,10.12169,10.12169,0.09421,9.47666,10.12169,9.63964,10.12169,10.02071,0.58481,3.97080,-3.99936,-2.68217,-3.01230,-3.50169,0.27549,0.26547,0.26697,0.26738,0.26647
2022,05,11,06,21,56,636,19.5364,-155.57557,3397,tr,0.000,0.000000,-0.000000,0.000000,-0.00249,-0.01067,-0.97009,-0.00245,-0.01420,-1.32292,-0.00244,-0.01311,-1.21362,-0.00238,-0.01418,-1.32425,-0.00240,-0.01329,-1.23470,-1.66954,-0.00250,0.12125,10.12169,10.12169,0.11850,10.12169,10.12169,0.09423,9.47821,10.12169,9.64137,10.12169,10.02118,0.58475,3.97084,-3.99949,-2.67684,-3.00967,-3.49784,0.27554,0.26542,0.26702,0.26756,0.26652
2022,05,11,06,21,56,886,19.5364,-155.57557,3397,tr,0.000,0.000000,-0.000000,0.000000,-0.00246,-0.01039,-0.95044,-0.00235,-0.01421,-1.32834,-0.00246,-0.01311,-1.21322,-0.00238,-0.01419,-1.32208,-0.00243,-0.01328,-1.23622,-1.66952,-0.00253,0.12123,10.12169,10.12169,0.11845,10.12169,10.12169,0.09422,9.47938,10.12169,9.64240,10.12169,10.02089,0.58480,3.97083,-3.99944,-2.66353,-2.99679,-3.48420,0.27545,0.26540,0.26698,0.26752,0.26640
2022,05,11,06,21,57,137,19.5364,-155.57557,3397,tr,0.000,0.000000,-0.000000,0.000000,-0.00245,-0.01064,-0.96253,-0.00243,-0.01424,-1.32966,-0.00244,-0.01311,-1.21462,-0.00238,-0.01392,-1.29853,-0.00239,-0.01327,-1.23048,-1.66951,-0.00243,0.12130,10.12169,10.12169,0.11851,10.12169,10.12169,0.09423,9.47965,10.12169,9.64281,10.12169,10.02181,0.58470,3.97076,-3.99938,-2.68119,-3.01231,-3.49987,0.27553,0.26544,0.26696,0.26753,0.26653
2022,05,11,06,21,57,387,19.5364,-155.57557,3397,tr,0.000,0.000000,-0.000000,0.000000,-0.00239,-0.01063,-0.96839,-0.00239,-0.01414,-1.32061,-0.00242,-0.01312,-1.21256,-0.00244,-0.01403,-1.30299,-0.00245,-0.01329,-1.23179,-1.66956,-0.00244,0.12124,10.12169,10.12169,0.11857,10.12169,10.12169,0.09423,9.47787,10.12169,9.64114,10.12169,10.02101,0.58475,3.97093,-3.99945,-2.68283,-3.01145,-3.50459,0.27545,0.26541,0.26702,0.26751,0.26647
2022,05,11,06,21,57,637,19.5364,-155.57557,3397,tr,0.000,0.000000,-0.000000,0.000000,-0.00242,-0.01062,-0.96620,-0.00239,-0.01430,-1.33270,-0.00240,-0.01310,-1.21497,-0.00239,-0.01382,-1.29180,-0.00237,-0.01328,-1.23222,-1.66950,-0.00239,0.12135,10.12169,10.12169,0.11853,10.12169,10.12169,0.09422,9.48134,10.12169,9.64422,10.12169,10.01561,0.58469,3.97080,-3.99938,-2.68117,-3.01766,-3.50529,0.27549,0.26538,0.26703,0.26762,0.26655
2022,05,11,06,21,57,887,19.5364,-155.57557,3397,tr,0.000,0.000000,-0.000000,0.000000,-0.00241,-0.01053,-0.95453,-0.00237,-0.01420,-1.32973,-0.00239,-0.01307,-1.21157,-0.00243,-0.01400,-1.30085,-0.00243,-0.01333,-1.23350,-1.66949,-0.00252,0.12127,10.12169,10.12169,0.11845,10.12169,10.12169,0.09421,9.47973,10.12169,9.64264,10.12169,10.01867,0.58483,3.97085,-3.99944,-2.67949,-3.00874,-3.50337,0.27549,0.26546,0.26697,0.26747,0.26640
2022,05,11,06,21,58,136,19.5364,-155.57557,3397,tr,0.000,0.000000,-0.000000,0.000000,-0.00247,-0.01047,-0.94941,-0.00242,-0.01429,-1.32875,-0.00242,-0.01312,-1.21467,-0.00240,-0.01391,-1.29597,-0.00236,-0.01325,-1.23248,-1.66952,-0.00241,0.12128,10.12169,10.12169,0.11857,10.12169,10.12169,0.09418,9.47749,10.12169,9.64014,10.12169,10.02388,0.58473,3.97081,-3.99938,-2.68157,-3.01432,-3.50372,0.27547,0.26539,0.26694,0.26756,0.26648
2022,05,11,06,21,58,386,19.5364,-155.57557,3397,tr,0.000,0.000000,-0.000000,0.000000,-0.00240,-0.01066,-0.97670,-0.00238,-0.01421,-1.32660,-0.00241,-0.01314,-1.21195,-0.00243,-0.01395,-1.29459,-0.00245,-0.01339,-1.24208,-1.66952,-0.00248,0.12135,10.12169,10.12169,0.11855,10.12169,10.12169,0.09422,9.47827,10.12169,9.64126,10.12169,10.02197,0.58475,3.97081,-3.99943,-2.69113,-3.02111,-3.50843,0.27546,0.26546,0.26696,0.26756,0.26643
2022,05,11,06,21,58,637,19.5364,-155.57557,3397,tr,0.000,0.000000,-0.000000,0.000000,-0.00247,-0.01066,-0.97542,-0.00240,-0.01414,-1.32277,-0.00239,-0.01304,-1.20991,-0.00242,-0.01391,-1.29087,-0.00234,-0.01327,-1.23360,-1.66957,-0.00243,0.12130,10.12169,10.12169,0.11853,10.12169,10.12169,0.09422,9.47928,10.12169,9.64230,10.12169,10.02338,0.58474,3.97075,-3.99952,-2.67870,-3.00776,-3.49574,0.27553,0.26546,0.26705,0.26756,0.26649
2022,05,11,06,21,58,887,19.5364,-155.57557,3397,tr,0.000,0.000000,-0.000000,0.000000,-0.00246,-0.01050,-0.95859,-0.00239,-0.01424,-1.33267,-0.00241,-0.01305,-1.20714,-0.00244,-0.01397,-1.29697,-0.00238,-0.01327,-1.23521,-1.66959,-0.00247,0.12126,10.12169,10.12169,0.11855,10.12169,10.12169,0.09427,9.47975,10.12169,9.64208,10.12169,10.01866,0.58474,3.97083,-3.99940,-2.68026,-3.01172,-3.50134,0.27543,0.26539,0.26696,0.26756,0.26642
2022,05,11,06,21,59,137,19.5364,-155.57557,3397,tr,0.000,0.000000,-0.000000,0.000000,-0.00243,-0.01077,-0.97657,-0.00241,-0.01428,-1.32967,-0.00243,-0.01306,-1.21218,-0.00240,-0.01389,-1.29500,-0.00233,-0.01324,-1.22960,-1.66951,-0.00243,0.12129,10.12169,10.12169,0.11851,10.12169,10.12169,0.09421,9.48043,10.12169,9.64252,10.12169,10.02320,0.58472,3.97085,-3.99949,-2.66984,-3.00074,-3.49155,0.27551,0.26556,0.26698,0.26757,0.26648
2022,05,11,06,21,59,387,19.5364,-155.57557,3397,tr,0.000,0.000000,-0.000000,0.000000,-0.00240,-0.01043,-0.94847,-0.00238,-0.01414,-1.32362,-0.00243,-0.01305,-1.20911,-0.00244,-0.01394,-1.29534,-0.00243,-0.01329,-1.23036,-1.66953,-0.00249,0.12121,10.12169,10.12169,0.11849,10.12169,10.12169,0.09419,9.47868,10.12169,9.64135,10.12169,10.01934,0.58473,3.97083,-3.99938,-2.67109,-3.00148,-3.49282,0.27548,0.26555,0.26701,0.26752,0.26645
2022,05,11,06,21,59,636,19.5364,-155.57557,3397,tr,0.000,0.000000,-0.000000,0.000000,-0.00248,-0.01084,-0.98736,-0.00237,-0.01422,-1.31953,-0.00242,-0.01308,-1.20862,-0.00235,-0.01380,-1.28845,-0.00244,-0.01324,-1.23212,-1.66950,-0.00244,0.12122,10.12169,10.12169,0.11856,10.12169,10.12169,0.09423,9.47999,10.12169,9.64262,10.12169,10.02209,0.58470,3.97082,-3.99944,-2.67730,-3.01169,-3.49803,0.27560,0.26556,0.26706,0.26749,0.26660
2022,05,11,06,21,59,887,19.5364,-155.57557,3397,tr,0.000,0.000000,-0.000000,0.000000,-0.00243,-0.01039,-0.94981,-0.00237,-0.01410,-1.31952,-0.00242,-0.01307,-1.20578,-0.00240,-0.01389,-1.29200,-0.00239,-0.01332,-1.23129,-1.66952,-0.00251,0.12123,10.12169,10.12169,0.11851,10.12169,10.12169,0.09422,9.48022,10.12169,9.64303,10.12169,10.01584,0.58473,3.97080,-3.99938,-2.68840,-3.02467,-3.50804,0.27550,0.26561,0.26695,0.26753,0.26649
2022,05,11,06,22,00,137,19.5364,-155.57557,3397,tr,0.000,0.000000,-0.000000,0.000000,-0.00246,-0.01069,-0.97441,-0.00246,-0.01417,-1.32270,-0.00243,-0.01305,-1.21055,-0.00234,-0.01393,-1.29704,-0.00240,-0.01329,-1.23039,-1.66955,-0.00247,0.12131,10.12169,10.12169,0.11853,10.12169,10.12169,0.09419,9.47749,10.12169,9.64036,10.12169,10.02213,0.58466,3.97077,-3.99937,-2.67782,-3.00939,-3.50126,0.27562,0.26560,0.26704,0.26749,0.26644
2022,05,11,06,22,00,387,19.5364,-155.57557,3397,tr,0.000,0.000000,-0.000000,0.000000,-0.00239,-0.01065,-0.97046,-0.00236,-0.01416,-1.32614,-0.00243,-0.01309,-1.20715,-0.00247,-0.01400,-1.29964,-0.00239,-0.01323,-1.22666,-1.66954,-0.00246,0.12128,10.12169,10.12169,0.11857,10.12169,10.12169,0.09427,9.47890,10.12169,9.64221,10.12169,10.02001,0.58475,3.97083,-3.99941,-2.68565,-3.01647,-3.50883,0.27566,0.26564,0.26698,0.26743,0.26647
2022,05,11,06,22,00,637,19.5364,-155.57557,3397,tr,0.000,0.000000,-0.000000,0.000000,-0.00245,-0.01059,-0.96601,-0.00246,-0.01426,-1.32415,-0.00242,-0.01314,-1.21519,-0.00243,-0.01391,-1.29768,-0.00238,-0.01328,-1.23157,-1.66949,-0.00242,0.12127,10.12169,10.12169,0.11858,10.12169,10.12169,0.09418,9.47771,10.12169,9.63997,10.12169,10.02055,0.58475,3.97080,-3.99942,-2.67984,-3.01292,-3.50029,0.27574,0.26568,0.26699,0.26753,0.26657
2022,05,11,06,22,00,886,19.5364,-155.57557,3397,tr,0.000,0.000000,-0.000000,0.000000,-0.00241,-0.01072,-0.97667,-0.00235,-0.01423,-1.32872,-0.00241,-0.01305,-1.20952,-0.00239,-0.01402,-1.30181,-0.00243,-0.01326,-1.23036,-1.66957,-0.00245,0.12135,10.12169,10.12169,0.11856,10.12169,10.12169,0.09425,9.47829,10.12169,9.64133,10.12169,10.02075,0.58477,3.97074,-3.99943,-2.67898,-3.01311,-3.50071,0.27558,0.26564,0.26692,0.26741,0.26650
2022,05,11,06,22,01,136,19.5364,-155.57557,3397,tr,0.000,0.000000,-0.000000,0.000000,-0.00247,-0.01068,-0.96800,-0.00244,-0.01419,-1.32815,-0.00243,-0.01302,-1.20899,-0.00240,-0.01389,-1.29290,-0.00235,-0.01317,-1.22462,-1.66953,-0.00244,0.12135,10.12169,10.12169,0.11856,10.12169,10.12169,0.09418,9.47664,10.12169,9.63874,10.12169,10.02157,0.58475,3.97080,-3.99939,-2.67499,-3.00875,-3.49712,0.27563,0.26564,0.26699,0.26755,0.26654
2022,05,11,06,22,01,387,19.5364,-155.57557,3397,tr,0.000,0.000000,-0.000000,0.000000,-0.00240,-0.01052,-0.95333,-0.00235,-0.01408,-1.31808,-0.00245,-0.01303,-1.20419,-0.00238,-0.01395,-1.29782,-0.00234,-0.01326,-1.22892,-1.66956,-0.00252,0.12131,10.12169,10.12169,0.11860,10.12169,10.12169,0.09425,9.47916,10.12169,9.64164,10.12169,10.02136,0.58473,3.97085,-3.99938,-2.67872,-3.01127,-3.50214,0.27566,0.26567,0.26694,0.26740,0.26642
2022,05,11,06,22,01,637,19.5364,-155.57557,3397,tr,0.000,0.000000,-0.000000,0.000000,-0.00249,-0.01058,-0.96087,-0.00246,-0.01421,-1.32588,-0.00243,-0.01307,-1.20936,-0.00238,-0.01393,-1.29974,-0.00240,-0.01326,-1.23005,-1.66952,-0.00244,0.12131,10.12169,10.12169,0.11863,10.12169,10.12169,0.09412,9.47656,10.12169,9.63922,10.12169,10.02378,0.58478,3.97080,-3.99940,-2.68120,-3.01174,-3.49843,0.27568,0.26565,0.26693,0.26738,0.26653
2022,05,11,06,22,01,887,19.5364,-155.57557,3397,tr,0.000,0.000000,-0.000000,0.000000,-0.00242,-0.01045,-0.95171,-0.00240,-0.01419,-1.32317,-0.00241,-0.01308,-1.20569,-0.00239,-0.01383,-1.29023,-0.00248,-0.01333,-1.23459,-1.66955,-0.00251,0.12121,10.12169,10.12169,0.11848,10.12169,10.12169,0.09422,9.47493,10.12169,9.63826,10.12169,10.02149,0.58479,3.97086,-3.99931,-2.68598,-3.01708,-3.50398,0.27565,0.26559,0.26689,0.26747,0.26641
2022,05,11,06,22,02,137,19.5364,-155.57557,3397,tr,0.000,0.000000,-0.000000,0.000000,-0.00241,-0.01056,-0.96199,-0.00246,-0.01420,-1.32480,-0.00242,-0.01298,-1.20279,-0.00238,-0.01383,-1.28577,-0.00236,-0.01323,-1.23044,-1.66947,-0.00239,0.12133,10.12169,10.12169,0.11852,10.12169,10.12169,0.09420,9.47908,10.12169,9.64187,10.12169,10.01516,0.58470,3.97081,-3.99938,-2.68101,-3.01477,-3.50285,0.27570,0.26573,0.26695,0.26745,0.26655
2022,05,11,06,22,02,386,19.5364,-155.57557,3397,tr,0.000,0.000000,-0.000000,0.000000,-0.00241,-0.01054,-0.96442,-0.00239,-0.01418,-1.32327,-0.00237,-0.01310,-1.20632,-0.00241,-0.01392,-1.29758,-0.00238,-0.01325,-1.22659,-1.66956,-0.00246,0.12124,10.12169,10.12169,0.11848,10.12169,10.12169,0.09418,9.47632,10.12169,9.63956,10.12169,10.01995,0.58477,3.97088,-3.99939,-2.68319,-3.01541,-3.50967,0.27566,0.26565,0.26695,0.26747,0.26643
2022,05,11,06,22,02,637,19.5364,-155.57557,3397,tr,0.000,0.000000,-0.000000,0.000000,-0.00238,-0.01062,-0.96839,-0.00244,-0.01422,-1.32867,-0.00245,-0.01297,-1.20089,-0.00240,-0.01389,-1.29404,-0.00238,-0.01330,-1.23208,-1.66955,-0.00245,0.12133,10.12169,10.12169,0.11853,10.12169,10.12169,0.09418,9.47462,10.12169,9.63803,10.12169,10.01956,0.58470,3.97080,-3.99940,-2.67947,-3.01131,-3.50228,0.27579,0.26576,0.26700,0.26743,0.26652
2022,05,11,06,22,02,887,19.5364,-155.57557,3397,tr,0.000,0.000000,-0.000000,0.000000,-0.00240,-0.01063,-0.97253,-0.00240,-0.01416,-1.31966,-0.00242,-0.01306,-1.20448,-0.00248,-0.01391,-1.29706,-0.00242,-0.01319,-1.22628,-1.66951,-0.00248,0.12125,10.12169,10.12169,0.11852,10.12169,10.12169,0.09421,9.47731,10.12169,9.64064,10.12169,10.01865,0.58478,3.97083,-3.99941,-2.68498,-3.01694,-3.50822,0.27565,0.26573,0.26696,0.26743,0.26645
2022,05,11,06,22,03,137,19.5364,-155.57557,3397,tr,0.000,0.000000,-0.000000,0.000000,-0.00244,-0.01069,-0.97211,-0.00240,-0.01418,-1.32232,-0.00240,-0.01308,-1.20226,-0.00235,-0.01393,-1.29799,-0.00238,-0.01315,-1.22305,-1.66950,-0.00241,0.12127,10.12169,10.12169,0.11850,10.12169,10.12169,0.09422,9.48077,10.12169,9.64398,10.12169,10.01937,0.58475,3.97083,-3.99942,-2.67211,-3.00061,-3.49216,0.27567,0.26574,0.26701,0.26752,0.26652
2022,05,11,06,22,03,387,19.5364,-155.57557,3397,tr,0.000,0.000000,-0.000000,0.000000,-0.00241,-0.01067,-0.97436,-0.00236,-0.01406,-1.31498,-0.00240,-0.01310,-1.21049,-0.00242,-0.01403,-1.30196,-0.00241,-0.01334,-1.23736,-1.66956,-0.00244,0.12131,10.12169,10.12169,0.11857,10.12169,10.12169,0.09427,9.48168,10.12169,9.64388,10.12169,10.02167,0.58481,3.97086,-3.99937,-2.68319,-3.01343,-3.50336,0.27578,0.26570,0.26694,0.26741,0.26647
2022,05,11,06,22,03,637,19.5364,-155.57557,3397,tr,0.000,0.000000,-0.000000,0.000000,-0.00248,-0.01074,-0.97615,-0.00247,-0.01419,-1.32095,-0.00246,-0.01304,-1.20603,-0.00239,-0.01396,-1.30384,-0.00237,-0.01328,-1.23381,-1.66949,-0.00243,0.12130,10.12169,10.12169,0.11860,10.12169,10.12169,0.09423,9.48174,10.12169,9.64526,10.12169,10.01844,0.58473,3.97088,-3.99943,-2.67108,-3.00081,-3.49202,0.27574,0.26574,0.26704,0.26759,0.26654
2022,05,11,06,22,03,886,19.5364,-155.57557,3397,tr,0.000,0.000000,-0.000000,0.000000,-0.00240,-0.01059,-0.96549,-0.00238,-0.01410,-1.31752,-0.00241,-0.01312,-1.21327,-0.00239,-0.01397,-1.29808,-0.00249,-0.01330,-1.23266,-1.66955,-0.00252,0.12126,10.12169,10.12169,0.11851,10.12169,10.12169,0.09425,9.47974,10.12169,9.64247,10.12169,10.02153,0.58477,3.97089,-3.99947,-2.69108,-3.01664,-3.50223,0.27572,0.26576,0.26696,0.26739,0.26645
2022,05,11,06,22,04,137,19.5364,-155.57557,3397,tr,0.000,0.000000,-0.000000,0.000000,-0.00246,-0.01049,-0.95639,-0.00240,-0.01414,-1.31904,-0.00242,-0.01301,-1.20682,-0.00237,-0.01397,-1.29968,-0.00235,-0.01331,-1.23931,-1.66953,-0.00245,0.12133,10.12169,10.12169,0.11855,10.12169,10.12169,0.09420,9.47985,10.12169,9.64269,10.12169,10.02222,0.58475,3.97088,-3.99938,-2.67189,-2.99697,-3.48632,0.27579,0.26580,0.26694,0.26739,0.26647
2022,05,11,06,22,04,387,19.5364,-155.57557,3397,tr,0.000,0.000000,-0.000000,0.000000,-0.00241,-0.01058,-0.96831,-0.00237,-0.01420,-1.32452,-0.00238,-0.01314,-1.21185,-0.00240,-0.01394,-1.29686,-0.00248,-0.01331,-1.23460,-1.66957,-0.00244,0.12125,10.12169,10.12169,0.11860,10.12169,10.12169,0.09427,9.48015,10.12169,9.64312,10.12169,10.01762,0.58479,3.97085,-3.99929,-2.68080,-3.01424,-3.50172,0.27572,0.26574,0.26700,0.26738,0.26645
2022,05,11,06,22,04,637,19.5364,-155.57557,3397,tr,0.000,0.000000,-0.000000,0.000000,-0.00247,-0.01048,-0.95253,-0.00244,-0.01426,-1.32974,-0.00243,-0.01305,-1.20947,-0.00237,-0.01395,-1.29675,-0.00240,-0.01343,-1.23949,-1.66949,-0.00239,0.12134,10.12169,10.12169,0.11854,10.12169,10.12169,0.09417,9.47809,10.12169,9.64163,10.12169,10.01802,0.58472,3.97084,-3.99945,-2.67400,-3.00366,-3.49878,0.27579,0.26585,0.26704,0.26749,0.26647
2022,05,11,06,22,04,887,19.5364,-155.57557,3397,tr,0.000,0.000000,-0.000000,0.000000,-0.00240,-0.01068,-0.97927,-0.00238,-0.01411,-1.32252,-0.00242,-0.01307,-1.20837,-0.00244,-0.01397,-1.29732,-0.00244,-0.01339,-1.23769,-1.66955,-0.00247,0.12129,10.12169,10.12169,0.11852,10.12169,10.12169,0.09427,9.48012,10.12169,9.64272,10.12169,10.02165,0.58472,3.97084,-3.99935,-2.67487,-3.00447,-3.50081,0.27574,0.26586,0.26694,0.26735,0.26636
2022,05,11,06,22,05,136,19.5364,-155.57557,3397,tr,0.000,0.000000,-0.000000,0.000000,-0.00244,-0.01076,-0.98348,-0.00240,-0.01423,-1.32054,-0.00243,-0.01296,-1.20390,-0.00241,-0.01387,-1.29159,-0.00240,-0.01330,-1.23874,-1.66951,-0.00246,0.12135,10.12169,10.12169,0.11850,10.12169,10.12169,0.09423,9.47941,10.12169,9.64213,10.12169,10.02291,0.58476,3.97082,-3.99947,-2.67792,-3.01004,-3.49742,0.27583,0.26587,0.26698,0.26745,0.26650
2022,05,11,06,22,05,386,19.5364,-155.57557,3397,tr,0.000,0.000000,-0.000000,0.000000,-0.00243,-0.01044,-0.95431,-0.00242,-0.01411,-1.32065,-0.00240,-0.01300,-1.20942,-0.00239,-0.01395,-1.29912,-0.00238,-0.01328,-1.23665,-1.66954,-0.00246,0.12133,10.12169,10.12169,0.11841,10.12169,10.12169,0.09427,9.47853,10.12169,9.64138,10.12169,10.02320,0.58478,3.97086,-3.99939,-2.67737,-3.00818,-3.49591,0.27580,0.26588,0.26692,0.26731,0.26645
