%Mission: MLO2022
%Operator: 
%Time: 2022,05,11,05:55:51.110
%File: C:\Users\pop\Documents\5STARG_Data\5STARG_20220511_055551_RADIOMETERS.dat
%Notes: 
YYYY,MM,DD,hh:mm:ss,state,elev_set,azi_set,elev_pid_out,azi_pid_out,CH1_0,CH1_2,CH1_4,CH2_0,CH2_2,CH2_4,CH3_0,CH3_2,CH3_4,CH4_0,CH4_2,CH4_4,CH5_0,CH5_2,CH5_4,Here,CH6_0,CH6_2,CH6_4,CH7_0,CH7_2,CH7_4,CH8_0,CH8_2,CH8_4,CH9_0,CH9_2,CH9_4,SPARE,5vRef_Temp,12POS_0_33,12NEG_0_33,J7_1,J7_2,J7_3,J7_4,J7_5,J7_6,J7_7,J7_8
2022,05,11,05:55:51.111,tr,0.000,0.000000,-0.000000,0.000000,-0.00335,-0.01266,-1.11373,-0.00334,-0.01614,-1.45391,-0.00330,-0.01241,-1.08820,-0.00333,-0.01501,-1.34871,-0.00329,-0.01515,-1.36609,-1.66982,-0.00323,0.10790,10.12169,10.12169,0.10590,10.12169,10.12169,0.08471,8.59087,10.12169,8.77520,10.12169,9.75808,0.58907,3.96818,-3.99879,-2.87873,-3.34544,-4.12188,0.26967,0.25580,0.25739,0.24755,0.25503
2022,05,11,05:55:53.287,tr,0.000,0.000000,-0.000000,0.000000,-0.00338,-0.01265,-1.11160,-0.00338,-0.01612,-1.45147,-0.00338,-0.01245,-1.08200,-0.00329,-0.01500,-1.33977,-0.00331,-0.01507,-1.35564,-1.66992,-0.00323,0.10795,10.12169,10.12169,0.10596,10.12169,10.12169,0.08468,8.58371,10.12169,8.76726,10.12169,9.75187,0.58897,3.96822,-3.99877,-2.89792,-3.33297,-4.06421,0.26962,0.25565,0.25736,0.24758,0.25500
2022,05,11,05:55:53.428,tr,0.000,0.000000,-0.000000,0.000000,-0.00345,-0.01249,-1.09712,-0.00332,-0.01602,-1.45496,-0.00325,-0.01228,-1.07304,-0.00325,-0.01497,-1.34162,-0.00326,-0.01503,-1.35236,-1.66995,-0.00330,0.10788,10.12169,10.12169,0.10592,10.12169,10.12169,0.08467,8.58212,10.12169,8.76647,10.12169,9.77116,0.58898,3.96833,-3.99874,-2.86225,-3.30469,-4.05888,0.26963,0.25563,0.25733,0.24771,0.25506
2022,05,11,05:55:53.636,tr,0.000,0.000000,-0.000000,0.000000,-0.00329,-0.01262,-1.11535,-0.00329,-0.01593,-1.44208,-0.00324,-0.01233,-1.07647,-0.00328,-0.01495,-1.33853,-0.00328,-0.01516,-1.35294,-1.66996,-0.00333,0.10790,10.12169,10.12169,0.10591,10.12169,10.12169,0.08476,8.60245,10.12169,8.78762,10.12169,9.77760,0.58901,3.96839,-3.99870,-2.88974,-3.31281,-4.02264,0.26967,0.25574,0.25731,0.24756,0.25510
2022,05,11,05:55:53.887,tr,0.000,0.000000,-0.000000,0.000000,-0.00337,-0.01275,-1.11507,-0.00342,-0.01607,-1.44734,-0.00332,-0.01237,-1.07386,-0.00334,-0.01501,-1.33845,-0.00340,-0.01523,-1.35975,-1.66993,-0.00319,0.10791,10.12169,10.12169,0.10595,10.12169,10.12169,0.08488,8.60673,10.12169,8.79015,10.12169,9.78945,0.58893,3.96825,-3.99876,-2.87682,-3.28963,-3.99286,0.26956,0.25572,0.25723,0.24754,0.25502
2022,05,11,05:55:54.137,tr,0.000,0.000000,-0.000000,0.000000,-0.00337,-0.01258,-1.10483,-0.00330,-0.01606,-1.45211,-0.00327,-0.01241,-1.08410,-0.00333,-0.01493,-1.33612,-0.00328,-0.01513,-1.35430,-1.66996,-0.00332,0.10784,10.12169,10.12169,0.10591,10.12169,10.12169,0.08483,8.60711,10.12169,8.79148,10.12169,9.81355,0.58890,3.96835,-3.99878,-2.86947,-3.26824,-3.95506,0.26964,0.25572,0.25739,0.24763,0.25509
2022,05,11,05:55:54.387,tr,0.000,0.000000,-0.000000,0.000000,-0.00341,-0.01251,-1.08801,-0.00332,-0.01621,-1.45994,-0.00335,-0.01246,-1.08351,-0.00342,-0.01509,-1.34572,-0.00333,-0.01509,-1.35830,-1.66988,-0.00324,0.10802,10.12169,10.12169,0.10597,10.12169,10.12169,0.08494,8.60856,10.12169,8.79228,10.12169,9.81478,0.58892,3.96827,-3.99875,-2.85121,-3.23640,-3.91317,0.26954,0.25566,0.25726,0.26010,0.25510
2022,05,11,05:55:54.637,tr,0.000,0.000000,-0.000000,0.000000,-0.00336,-0.01263,-1.10975,-0.00324,-0.01612,-1.45401,-0.00325,-0.01249,-1.09325,-0.00330,-0.01500,-1.34385,-0.00326,-0.01544,-1.38718,-1.67002,-0.00335,0.10796,10.12169,10.12169,0.10590,10.12169,10.12169,0.08491,8.60780,10.12169,8.79226,10.12169,9.83665,0.58900,3.96831,-3.99871,-2.84081,-3.21671,-3.87636,0.26960,0.25576,0.25737,0.26024,0.25515
2022,05,11,05:55:54.887,tr,0.000,0.000000,-0.000000,0.000000,-0.00342,-0.01276,-1.11388,-0.00333,-0.01617,-1.45661,-0.00332,-0.01255,-1.09355,-0.00335,-0.01506,-1.34158,-0.00330,-0.01532,-1.37725,-1.66991,-0.00320,0.10800,10.12169,10.12169,0.10601,10.12169,10.12169,0.08494,8.60911,10.12169,8.79153,10.12169,9.84493,0.58888,3.96836,-3.99876,-2.83072,-3.19841,-3.84470,0.26963,0.25567,0.25726,0.26002,0.25505
2022,05,11,05:55:55.136,tr,0.000,0.000000,-0.000000,0.000000,-0.00335,-0.01264,-1.11073,-0.00329,-0.01589,-1.44331,-0.00333,-0.01249,-1.09712,-0.00323,-0.01498,-1.34446,-0.00330,-0.01544,-1.38188,-1.66992,-0.00334,0.10797,10.12169,10.12169,0.10595,10.12169,10.12169,0.08490,8.60873,10.12169,8.79347,10.12169,9.86341,0.58891,3.96840,-3.99874,-2.83118,-3.19480,-3.82558,0.26966,0.25578,0.26913,0.26022,0.26650
2022,05,11,05:55:55.387,tr,0.000,0.000000,-0.000000,0.000000,-0.00340,-0.01266,-1.10664,-0.00337,-0.01608,-1.45355,-0.00336,-0.01264,-1.10119,-0.00337,-0.01500,-1.34281,-0.00339,-0.01542,-1.38814,-1.66986,-0.00325,0.10799,10.12169,10.12169,0.10603,10.12169,10.12169,0.08493,8.60998,10.12169,8.79299,10.12169,9.87006,0.58888,3.96833,-3.99877,-2.81819,-3.17795,-3.79481,0.26959,0.25565,0.25727,0.26010,0.25505
2022,05,11,05:55:55.637,tr,0.000,0.000000,-0.000000,0.000000,-0.00335,-0.01285,-1.13039,-0.00332,-0.01598,-1.44632,-0.00330,-0.01262,-1.09955,-0.00328,-0.01498,-1.34294,-0.00336,-0.01548,-1.38432,-1.66996,-0.00331,0.10790,10.12169,10.12169,0.10599,10.12169,10.12169,0.08483,8.60604,10.12169,8.79048,10.12169,9.88574,0.58895,3.96842,-3.99869,-2.80915,-3.16335,-3.76454,0.26954,0.25582,0.26917,0.26016,0.26663
2022,05,11,05:55:55.887,tr,0.000,0.000000,-0.000000,0.000000,-0.00337,-0.01267,-1.10859,-0.00333,-0.01603,-1.44442,-0.00332,-0.01261,-1.09690,-0.00336,-0.01509,-1.34772,-0.00336,-0.01534,-1.37937,-1.66992,-0.00320,0.10797,10.12169,10.12169,0.10603,10.12169,10.12169,0.08494,8.60951,10.12169,8.79250,10.12169,9.88156,0.58890,3.96835,-3.99876,-2.79765,-3.14697,-3.74467,0.26963,0.25572,0.25728,0.26003,0.26648
2022,05,11,05:55:56.137,tr,0.000,0.000000,-0.000000,0.000000,-0.00334,-0.01263,-1.10616,-0.00334,-0.01598,-1.44579,-0.00328,-0.01246,-1.08872,-0.00325,-0.01500,-1.34847,-0.00328,-0.01545,-1.37952,-1.66996,-0.00327,0.10791,10.12169,10.12169,0.10597,10.12169,10.12169,0.08485,8.60876,10.12169,8.79298,10.12169,9.90314,0.58888,3.96840,-3.99873,-2.79176,-3.13590,-3.72453,0.26973,0.25582,0.25735,0.26012,0.25512
2022,05,11,05:55:56.386,tr,0.000,0.000000,-0.000000,0.000000,-0.00339,-0.01254,-1.09674,-0.00336,-0.01604,-1.44359,-0.00335,-0.01261,-1.10157,-0.00340,-0.01507,-1.34853,-0.00334,-0.01531,-1.37817,-1.66984,-0.00325,0.10808,10.12169,10.12169,0.10605,10.12169,10.12169,0.08497,8.60973,10.12169,8.79314,10.12169,9.90990,0.58876,3.96835,-3.99878,-2.78135,-3.12448,-3.69711,0.26963,0.25570,0.25729,0.26013,0.26655
2022,05,11,05:55:56.636,tr,0.000,0.000000,-0.000000,0.000000,-0.00332,-0.01249,-1.09809,-0.00330,-0.01597,-1.44426,-0.00326,-0.01241,-1.09181,-0.00331,-0.01501,-1.34717,-0.00329,-0.01536,-1.37609,-1.66997,-0.00329,0.10795,10.12169,10.12169,0.10599,10.12169,10.12169,0.08491,8.60942,10.12169,8.79367,10.12169,9.92297,0.58887,3.96842,-3.99864,-2.78107,-3.12321,-3.68018,0.26967,0.25584,0.26921,0.26022,0.26659
2022,05,11,05:55:56.887,tr,0.000,0.000000,-0.000000,0.000000,-0.00340,-0.01241,-1.08128,-0.00332,-0.01602,-1.44727,-0.00335,-0.01263,-1.09917,-0.00335,-0.01503,-1.34081,-0.00335,-0.01531,-1.37716,-1.66994,-0.00326,0.10804,10.12169,10.12169,0.10595,10.12169,10.12169,0.08495,8.61316,10.12169,8.79612,10.12169,9.92214,0.58881,3.96835,-3.99876,-2.76859,-3.10385,-3.65625,0.26959,0.25577,0.26914,0.26015,0.26658
2022,05,11,05:55:57.137,tr,0.000,0.000000,-0.000000,0.000000,-0.00339,-0.01243,-1.09658,-0.00330,-0.01593,-1.44767,-0.00329,-0.01249,-1.09736,-0.00323,-0.01492,-1.33788,-0.00327,-0.01538,-1.37858,-1.66996,-0.00328,0.10803,10.12169,10.12169,0.10593,10.12169,10.12169,0.08493,8.61182,10.12169,8.79537,10.12169,9.94010,0.58883,3.96845,-3.99870,-2.76309,-3.10112,-3.63785,0.26970,0.25579,0.26922,0.26020,0.25522
2022,05,11,05:55:57.387,tr,0.000,0.000000,-0.000000,0.000000,-0.00336,-0.01254,-1.09452,-0.00331,-0.01595,-1.44142,-0.00330,-0.01261,-1.09871,-0.00329,-0.01500,-1.34455,-0.00333,-0.01530,-1.38210,-1.66990,-0.00326,0.10805,10.12169,10.12169,0.10600,10.12169,10.12169,0.08498,8.61637,10.12169,8.79901,10.12169,9.93897,0.58877,3.96840,-3.99874,-2.75760,-3.09176,-3.62057,0.26954,0.25572,0.26909,0.26011,0.26656
2022,05,11,05:55:57.637,tr,0.000,0.000000,-0.000000,0.000000,-0.00333,-0.01254,-1.09396,-0.00327,-0.01598,-1.44725,-0.00333,-0.01253,-1.10217,-0.00322,-0.01489,-1.33633,-0.00329,-0.01542,-1.38170,-1.66995,-0.00333,0.10795,10.12169,10.12169,0.10594,10.12169,10.12169,0.08493,8.61278,10.12169,8.79657,10.12169,9.94949,0.58876,3.96846,-3.99866,-2.76843,-3.09612,-3.61872,0.26971,0.25585,0.25726,0.26015,0.26671
2022,05,11,05:55:57.886,tr,0.000,0.000000,-0.000000,0.000000,-0.00337,-0.01247,-1.09312,-0.00336,-0.01607,-1.44733,-0.00337,-0.01259,-1.09474,-0.00333,-0.01496,-1.33868,-0.00340,-0.01537,-1.38388,-1.66984,-0.00321,0.10803,10.12169,10.12169,0.10599,10.12169,10.12169,0.08497,8.61384,10.12169,8.79653,10.12169,9.95029,0.58876,3.96837,-3.99873,-2.75592,-3.09158,-3.60885,0.26971,0.25576,0.26900,0.26003,0.26662
2022,05,11,05:55:58.137,tr,0.000,0.000000,-0.000000,0.000000,-0.00331,-0.01255,-1.10574,-0.00325,-0.01596,-1.44792,-0.00326,-0.01254,-1.10243,-0.00327,-0.01491,-1.33965,-0.00324,-0.01541,-1.37990,-1.66991,-0.00330,0.10801,10.12169,10.12169,0.10595,10.12169,10.12169,0.08490,8.61342,10.12169,8.79697,10.12169,9.95910,0.58878,3.96847,-3.99867,-2.75696,-3.09460,-3.60471,0.26979,0.25584,0.26908,0.26016,0.26669
2022,05,11,05:55:58.387,tr,0.000,0.000000,-0.000000,0.000000,-0.00342,-0.01233,-1.07467,-0.00333,-0.01606,-1.44889,-0.00333,-0.01266,-1.10117,-0.00334,-0.01504,-1.34550,-0.00332,-0.01546,-1.39024,-1.66988,-0.00322,0.10804,10.12169,10.12169,0.10610,10.12169,10.12169,0.08499,8.61288,10.12169,8.79559,10.12169,9.96286,0.58870,3.96839,-3.99872,-2.74694,-3.08058,-3.59628,0.26959,0.25581,0.25728,0.26008,0.26650
2022,05,11,05:55:58.637,tr,0.000,0.000000,-0.000000,0.000000,-0.00332,-0.01241,-1.09117,-0.00328,-0.01601,-1.45125,-0.00323,-0.01242,-1.09303,-0.00326,-0.01495,-1.34206,-0.00322,-0.01538,-1.38141,-1.66993,-0.00331,0.10800,10.12169,10.12169,0.10606,10.12169,10.12169,0.08495,8.61258,10.12169,8.79598,10.12169,9.97394,0.58870,3.96849,-3.99866,-2.75134,-3.08253,-3.59211,0.26970,0.25584,0.26911,0.26011,0.26654
2022,05,11,05:55:58.887,tr,0.000,0.000000,-0.000000,0.000000,-0.00338,-0.01244,-1.08142,-0.00333,-0.01608,-1.45143,-0.00336,-0.01259,-1.10057,-0.00342,-0.01504,-1.34153,-0.00331,-0.01485,-1.33166,-1.66985,-0.00327,0.10813,10.12169,10.12169,0.10602,10.12169,10.12169,0.08502,8.61357,10.12169,8.79619,10.12169,9.97002,0.58862,3.96835,-3.99868,-2.74079,-3.06881,-3.57825,0.26967,0.25579,0.26907,0.26002,0.26666
2022,05,11,05:55:59.136,tr,0.000,0.000000,-0.000000,0.000000,-0.00333,-0.01242,-1.09282,-0.00328,-0.01600,-1.44924,-0.00330,-0.01248,-1.09468,-0.00324,-0.01500,-1.34655,-0.00329,-0.01494,-1.33718,-1.66996,-0.00332,0.10800,10.12169,10.12169,0.10596,10.12169,10.12169,0.08491,8.61394,10.12169,8.79751,10.12169,9.98335,0.58875,3.96845,-3.99874,-2.74616,-3.07912,-3.58018,0.26976,0.25586,0.26920,0.26018,0.26671
2022,05,11,05:55:59.386,tr,0.000,0.000000,-0.000000,0.000000,-0.00345,-0.01231,-1.07381,-0.00338,-0.01604,-1.44733,-0.00334,-0.01263,-1.10233,-0.00332,-0.01504,-1.34274,-0.00336,-0.01495,-1.34267,-1.66986,-0.00321,0.10809,10.12169,10.12169,0.10607,10.12169,10.12169,0.08499,8.61610,10.12169,8.79825,10.12169,9.98317,0.58868,3.96839,-3.99877,-2.73796,-3.06758,-3.56622,0.26968,0.25580,0.25736,0.26011,0.26653
2022,05,11,05:55:59.637,tr,0.000,0.000000,-0.000000,0.000000,-0.00333,-0.01258,-1.09974,-0.00330,-0.01604,-1.45215,-0.00332,-0.01254,-1.09872,-0.00325,-0.01495,-1.34328,-0.00330,-0.01489,-1.33198,-1.66994,-0.00334,0.10804,10.12169,10.12169,0.10598,10.12169,10.12169,0.08493,8.61325,10.12169,8.79656,10.12169,9.99007,0.58867,3.96850,-3.99868,-2.74560,-3.07284,-3.57059,0.26975,0.25581,0.26914,0.26018,0.26654
2022,05,11,05:55:59.887,tr,0.000,0.000000,-0.000000,0.000000,-0.00338,-0.01267,-1.10136,-0.00333,-0.01598,-1.44613,-0.00341,-0.01266,-1.10195,-0.00334,-0.01505,-1.34377,-0.00333,-0.01482,-1.32639,-1.66985,-0.00322,0.10812,10.12169,10.12169,0.10612,10.12169,10.12169,0.08503,8.61461,10.12169,8.79727,10.12169,9.98772,0.58863,3.96842,-3.99878,-2.73193,-3.05853,-3.55274,0.26962,0.25580,0.26898,0.26020,0.26649
2022,05,11,05:56:00.137,tr,0.000,0.000000,-0.000000,0.000000,-0.00330,-0.01276,-1.11926,-0.00328,-0.01610,-1.45677,-0.00326,-0.01256,-1.09854,-0.00320,-0.01493,-1.34179,-0.00331,-0.01481,-1.32543,-1.66995,-0.00331,0.10803,10.12169,10.12169,0.10604,10.12169,10.12169,0.08493,8.61387,10.12169,8.79732,10.12169,9.99518,0.58861,3.96849,-3.99862,-2.75046,-3.07896,-3.57266,0.26978,0.25585,0.26915,0.26021,0.26675
2022,05,11,05:56:00.387,tr,0.000,0.000000,-0.000000,0.000000,-0.00340,-0.01272,-1.11243,-0.00334,-0.01608,-1.45419,-0.00337,-0.01266,-1.10356,-0.00326,-0.01503,-1.34421,-0.00331,-0.01485,-1.33696,-1.66988,-0.00324,0.10814,10.12169,10.12169,0.10610,10.12169,10.12169,0.08498,8.61547,10.12169,8.79796,10.12169,9.98620,0.58860,3.96843,-3.99871,-2.73926,-3.06576,-3.56313,0.26962,0.25579,0.26904,0.26007,0.25520
2022,05,11,05:56:00.637,tr,0.000,0.000000,-0.000000,0.000000,-0.00332,-0.01257,-1.10216,-0.00333,-0.01592,-1.44170,-0.00326,-0.01253,-1.09596,-0.00326,-0.01504,-1.34597,-0.00331,-0.01495,-1.33222,-1.66990,-0.00328,0.10812,10.12169,10.12169,0.10611,10.12169,10.12169,0.08489,8.61399,10.12169,8.79757,10.12169,9.99487,0.58868,3.96848,-3.99868,-2.74348,-3.06722,-3.56993,0.26976,0.25591,0.25743,0.26022,0.26666
2022,05,11,05:56:00.886,tr,0.000,0.000000,-0.000000,0.000000,-0.00336,-0.01250,-1.09531,-0.00335,-0.01605,-1.44925,-0.00335,-0.01261,-1.10291,-0.00337,-0.01500,-1.34386,-0.00332,-0.01493,-1.34131,-1.66989,-0.00323,0.10817,10.12169,10.12169,0.10618,10.12169,10.12169,0.08502,8.61697,10.12169,8.79957,10.12169,9.99400,0.58849,3.96849,-3.99872,-2.73833,-3.06904,-3.56383,0.26967,0.25578,0.26920,0.26009,0.25517
2022,05,11,05:56:01.137,tr,0.000,0.000000,-0.000000,0.000000,-0.00331,-0.01249,-1.09842,-0.00329,-0.01605,-1.44841,-0.00326,-0.01252,-1.09301,-0.00329,-0.01499,-1.34787,-0.00330,-0.01485,-1.33031,-1.66997,-0.00331,0.10806,10.12169,10.12169,0.10607,10.12169,10.12169,0.08494,8.61529,10.12169,8.79856,10.12169,10.00118,0.58859,3.96843,-3.99867,-2.74128,-3.07116,-3.56287,0.26970,0.25586,0.25745,0.26024,0.26681
2022,05,11,05:56:01.387,tr,0.000,0.000000,-0.000000,0.000000,-0.00335,-0.01237,-1.07768,-0.00333,-0.01611,-1.45016,-0.00332,-0.01262,-1.10316,-0.00338,-0.01510,-1.34546,-0.00335,-0.01489,-1.33480,-1.66996,-0.00325,0.10816,10.12169,10.12169,0.10614,10.12169,10.12169,0.08500,8.61527,10.12169,8.79727,10.12169,9.99478,0.58851,3.96843,-3.99871,-2.73921,-3.06457,-3.55908,0.26956,0.25571,0.25735,0.26015,0.26662
2022,05,11,05:56:01.637,tr,0.000,0.000000,-0.000000,0.000000,-0.00333,-0.01227,-1.07441,-0.00328,-0.01601,-1.45066,-0.00326,-0.01253,-1.09507,-0.00323,-0.01495,-1.33806,-0.00331,-0.01496,-1.33743,-1.66998,-0.00332,0.10813,10.12169,10.12169,0.10602,10.12169,10.12169,0.08492,8.61397,10.12169,8.79743,10.12169,10.00059,0.58859,3.96846,-3.99871,-2.74098,-3.06375,-3.55939,0.26981,0.25587,0.26915,0.26019,0.26675
2022,05,11,05:56:01.887,tr,0.000,0.000000,-0.000000,0.000000,-0.00342,-0.01233,-1.07092,-0.00335,-0.01619,-1.45679,-0.00339,-0.01263,-1.10172,-0.00334,-0.01502,-1.34407,-0.00332,-0.01498,-1.33923,-1.66991,-0.00326,0.10816,10.12169,10.12169,0.10616,10.12169,10.12169,0.08501,8.61534,10.12169,8.79779,10.12169,9.99777,0.58852,3.96845,-3.99880,-2.73341,-3.06098,-3.55322,0.26965,0.25578,0.26911,0.26015,0.26666
2022,05,11,05:56:02.136,tr,0.000,0.000000,-0.000000,0.000000,-0.00325,-0.01222,-1.07028,-0.00331,-0.01596,-1.44636,-0.00329,-0.01259,-1.10528,-0.00320,-0.01503,-1.34498,-0.00326,-0.01497,-1.33957,-1.66996,-0.00331,0.10805,10.12169,10.12169,0.10604,10.12169,10.12169,0.08498,8.61575,10.12169,8.79896,10.12169,10.00590,0.58858,3.96848,-3.99865,-2.74463,-3.07266,-3.56081,0.26972,0.25585,0.26921,0.26028,0.25528
2022,05,11,05:56:02.387,tr,0.000,0.000000,-0.000000,0.000000,-0.00338,-0.01234,-1.07717,-0.00333,-0.01601,-1.44709,-0.00330,-0.01273,-1.10483,-0.00333,-0.01503,-1.34922,-0.00340,-0.01495,-1.33950,-1.66986,-0.00326,0.10812,10.12169,10.12169,0.10615,10.12169,10.12169,0.08502,8.61837,10.12169,8.80074,10.12169,10.00427,0.58848,3.96842,-3.99868,-2.74048,-3.07305,-3.55945,0.26974,0.25587,0.25734,0.26009,0.26672
2022,05,11,05:56:02.637,tr,0.000,0.000000,-0.000000,0.000000,-0.00329,-0.01245,-1.08718,-0.00329,-0.01609,-1.45759,-0.00329,-0.01258,-1.10197,-0.00326,-0.01491,-1.33776,-0.00331,-0.01498,-1.33795,-1.66995,-0.00324,0.10810,10.12169,10.12169,0.10609,10.12169,10.12169,0.08494,8.61818,10.12169,8.80134,10.12169,10.00091,0.58857,3.96849,-3.99863,-2.74106,-3.07382,-3.56155,0.26969,0.25593,0.25746,0.26013,0.26685
2022,05,11,05:56:02.887,tr,0.000,0.000000,-0.000000,0.000000,-0.00339,-0.01249,-1.08699,-0.00340,-0.01609,-1.45168,-0.00339,-0.01272,-1.10994,-0.00331,-0.01505,-1.34761,-0.00333,-0.01487,-1.33058,-1.66991,-0.00322,0.10823,10.12169,10.12169,0.10620,10.12169,10.12169,0.08500,8.61832,10.12169,8.79992,10.12169,10.00318,0.58846,3.96840,-3.99870,-2.73711,-3.06666,-3.56175,0.26965,0.25576,0.26907,0.26013,0.26657
2022,05,11,05:56:03.137,tr,0.000,0.000000,-0.000000,0.000000,-0.00332,-0.01239,-1.08735,-0.00329,-0.01602,-1.45226,-0.00329,-0.01262,-1.11076,-0.00326,-0.01495,-1.34283,-0.00321,-0.01496,-1.33311,-1.66995,-0.00326,0.10811,10.12169,10.12169,0.10609,10.12169,10.12169,0.08492,8.61561,10.12169,8.79832,10.12169,10.00358,0.58847,3.96846,-3.99855,-2.74403,-3.06901,-3.56475,0.26969,0.25588,0.26927,0.26028,0.25532
2022,05,11,05:56:03.386,tr,0.000,0.000000,-0.000000,0.000000,-0.00336,-0.01241,-1.07694,-0.00330,-0.01610,-1.45148,-0.00336,-0.01266,-1.10411,-0.00339,-0.01499,-1.34207,-0.00334,-0.01481,-1.32604,-1.66988,-0.00325,0.10825,10.12169,10.12169,0.10622,10.12169,10.12169,0.08503,8.62018,10.12169,8.80159,10.12169,10.00722,0.58847,3.96841,-3.99872,-2.73940,-3.07382,-3.56439,0.26971,0.25584,0.25738,0.26011,0.26670
2022,05,11,05:56:03.636,tr,0.000,0.000000,-0.000000,0.000000,-0.00332,-0.01234,-1.07845,-0.00333,-0.01601,-1.44444,-0.00327,-0.01251,-1.10106,-0.00324,-0.01499,-1.34063,-0.00325,-0.01489,-1.33364,-1.67000,-0.00327,0.10815,10.12169,10.12169,0.10610,10.12169,10.12169,0.08498,8.61823,10.12169,8.80082,10.12169,10.00654,0.58847,3.96835,-3.99864,-2.74450,-3.07523,-3.56503,0.26975,0.25592,0.26928,0.26028,0.26680
2022,05,11,05:56:03.887,tr,0.000,0.000000,-0.000000,0.000000,-0.00343,-0.01242,-1.08769,-0.00335,-0.01609,-1.45018,-0.00333,-0.01304,-1.14179,-0.00334,-0.01511,-1.34678,-0.00329,-0.01481,-1.32953,-1.66993,-0.00324,0.10822,10.12169,10.12169,0.10615,10.12169,10.12169,0.08503,8.61951,10.12169,8.80106,10.12169,10.00100,0.58848,3.96842,-3.99872,-2.74111,-3.07038,-3.55959,0.26968,0.25579,0.26913,0.26022,0.25538
2022,05,11,05:56:04.137,tr,0.000,0.000000,-0.000000,0.000000,-0.00336,-0.01234,-1.07750,-0.00326,-0.01599,-1.44723,-0.00333,-0.01296,-1.13800,-0.00325,-0.01499,-1.34496,-0.00326,-0.01498,-1.33750,-1.66997,-0.00331,0.10823,10.12169,10.12169,0.10616,10.12169,10.12169,0.08497,8.61884,10.12169,8.80151,10.12169,10.00730,0.58845,3.96851,-3.99869,-2.73783,-3.06621,-3.55508,0.26977,0.25587,0.26927,0.26018,0.26678
2022,05,11,05:56:04.387,tr,0.000,0.000000,-0.000000,0.000000,-0.00337,-0.01246,-1.07973,-0.00336,-0.01601,-1.44693,-0.00336,-0.01308,-1.14351,-0.00336,-0.01505,-1.34593,-0.00333,-0.01489,-1.33332,-1.66987,-0.00325,0.10827,10.12169,10.12169,0.10621,10.12169,10.12169,0.08507,8.62104,10.12169,8.80209,10.12169,10.00558,0.58841,3.96838,-3.99866,-2.74335,-3.07099,-3.56000,0.26962,0.25588,0.25732,0.26022,0.26676
2022,05,11,05:56:04.637,tr,0.000,0.000000,-0.000000,0.000000,-0.00332,-0.01223,-1.06696,-0.00326,-0.01599,-1.44667,-0.00323,-0.01293,-1.13423,-0.00327,-0.01497,-1.34490,-0.00333,-0.01487,-1.32762,-1.66993,-0.00327,0.10818,10.12169,10.12169,0.10678,10.12169,10.12169,0.08502,8.62024,10.12169,8.80262,10.12169,10.00931,0.58847,3.96849,-3.99853,-2.74086,-3.06779,-3.55656,0.26972,0.25591,0.25746,0.26024,0.26694
2022,05,11,05:56:04.886,tr,0.000,0.000000,-0.000000,0.000000,-0.00336,-0.01228,-1.07521,-0.00335,-0.01604,-1.44782,-0.00334,-0.01309,-1.14760,-0.00331,-0.01511,-1.35135,-0.00338,-0.01484,-1.32918,-1.66989,-0.00322,0.10823,10.12169,10.12169,0.10680,10.12169,10.12169,0.08500,8.61881,10.12169,8.80058,10.12169,10.00051,0.58839,3.96841,-3.99864,-2.74054,-3.07706,-3.56380,0.26966,0.25587,0.26925,0.26014,0.25533
2022,05,11,05:56:05.137,tr,0.000,0.000000,-0.000000,0.000000,-0.00335,-0.01216,-1.05974,-0.00334,-0.01600,-1.44779,-0.00327,-0.01302,-1.14830,-0.00325,-0.01494,-1.34294,-0.00325,-0.01491,-1.32939,-1.67001,-0.00325,0.10828,10.12169,10.12169,0.10678,10.12169,10.12169,0.08498,8.61957,10.12169,8.80289,10.12169,10.00862,0.58840,3.96844,-3.99862,-2.74120,-3.07552,-3.56747,0.26979,0.25591,0.26924,0.26031,0.25540
2022,05,11,05:56:05.387,tr,0.000,0.000000,-0.000000,0.000000,-0.00337,-0.01234,-1.07745,-0.00339,-0.01604,-1.45037,-0.00332,-0.01306,-1.14631,-0.00336,-0.01508,-1.35057,-0.00330,-0.01483,-1.32698,-1.66990,-0.00318,0.10828,10.12169,10.12169,0.10688,10.12169,10.12169,0.08504,8.61798,10.12169,8.79946,10.12169,10.00631,0.58829,3.96844,-3.99871,-2.73571,-3.06624,-3.55820,0.26967,0.25586,0.25733,0.26022,0.26670
2022,05,11,05:56:05.637,tr,0.000,0.000000,-0.000000,0.000000,-0.00329,-0.01241,-1.08949,-0.00326,-0.01600,-1.44257,-0.00323,-0.01296,-1.14214,-0.00331,-0.01498,-1.34327,-0.00325,-0.01487,-1.32688,-1.66995,-0.00331,0.10829,10.12169,10.12169,0.10686,10.12169,10.12169,0.08498,8.62044,10.12169,8.80264,10.12169,10.00920,0.58835,3.96854,-3.99862,-2.73871,-3.06573,-3.55529,0.26971,0.25595,0.25752,0.26031,0.26694
2022,05,11,05:56:05.887,tr,0.000,0.000000,-0.000000,0.000000,-0.00338,-0.01242,-1.07859,-0.00332,-0.01609,-1.44757,-0.00333,-0.01312,-1.15590,-0.00333,-0.01508,-1.34314,-0.00329,-0.01481,-1.33204,-1.66989,-0.00319,0.10830,10.12169,10.12169,0.10620,10.12169,10.12169,0.08500,8.61327,10.12169,8.79011,10.12169,10.00641,0.58832,3.96838,-3.99870,-2.74120,-3.06899,-3.55847,0.26960,0.25582,0.25736,0.26015,0.26687
2022,05,11,05:56:06.137,tr,0.000,0.000000,-0.000000,0.000000,-0.00332,-0.01221,-1.07271,-0.00325,-0.01599,-1.44566,-0.00328,-0.01302,-1.14819,-0.00323,-0.01510,-1.34888,-0.00324,-0.01491,-1.33230,-1.67001,-0.00326,0.10823,10.12169,10.12169,0.10613,10.12169,10.12169,0.08476,8.59460,10.12169,8.77708,10.12169,10.00443,0.58836,3.96852,-3.99862,-2.73485,-3.06291,-3.55307,0.26976,0.25589,0.25749,0.26020,0.26684
2022,05,11,05:56:06.386,tr,0.000,0.000000,-0.000000,0.000000,-0.00335,-0.01232,-1.06995,-0.00334,-0.01601,-1.44433,-0.00334,-0.01308,-1.14447,-0.00334,-0.01502,-1.34551,-0.00330,-0.01487,-1.33429,-1.66990,-0.00324,0.10837,10.12169,10.12169,0.10629,10.12169,10.12169,0.08485,8.59799,10.12169,8.77926,10.12169,10.00764,0.58828,3.96849,-3.99873,-2.73252,-3.06427,-3.55362,0.26973,0.25581,0.26920,0.26020,0.26692
2022,05,11,05:56:06.637,tr,0.000,0.000000,-0.000000,0.000000,-0.00325,-0.01249,-1.09462,-0.00329,-0.01596,-1.44708,-0.00328,-0.01303,-1.14474,-0.00323,-0.01491,-1.33797,-0.00326,-0.01488,-1.33251,-1.66998,-0.00337,0.10819,10.12169,10.12169,0.10619,10.12169,10.12169,0.08480,8.59685,10.12169,8.77908,10.12169,10.01106,0.58831,3.96862,-3.99867,-2.74847,-3.07652,-3.56408,0.26976,0.25602,0.26935,0.26029,0.26697
2022,05,11,05:56:06.887,tr,0.000,0.000000,-0.000000,0.000000,-0.00337,-0.01225,-1.06769,-0.00332,-0.01604,-1.45121,-0.00328,-0.01322,-1.15582,-0.00333,-0.01505,-1.35016,-0.00334,-0.01484,-1.32938,-1.66992,-0.00323,0.10824,10.12169,10.12169,0.10629,10.12169,10.12169,0.08487,8.59870,10.12169,8.77994,10.12169,10.01007,0.58824,3.96855,-3.99866,-2.73828,-3.06764,-3.55715,0.26963,0.25595,0.25742,0.26015,0.26681
2022,05,11,05:56:07.137,tr,0.000,0.000000,-0.000000,0.000000,-0.00330,-0.01221,-1.06967,-0.00327,-0.01598,-1.44780,-0.00323,-0.01294,-1.13840,-0.00325,-0.01493,-1.33966,-0.00327,-0.01497,-1.33712,-1.66998,-0.00328,0.10819,10.12169,10.12169,0.10626,10.12169,10.12169,0.08471,8.59628,10.12169,8.77849,10.12169,10.00703,0.58833,3.96856,-3.99868,-2.74106,-3.07040,-3.55931,0.26978,0.25593,0.25751,0.26024,0.26692
2022,05,11,05:56:07.387,tr,0.000,0.000000,-0.000000,0.000000,-0.00337,-0.01229,-1.07710,-0.00334,-0.01606,-1.45135,-0.00337,-0.01306,-1.14724,-0.00335,-0.01448,-1.29363,-0.00330,-0.01498,-1.34285,-1.66991,-0.00321,0.10832,10.12169,10.12169,0.10633,10.12169,10.12169,0.08478,8.59808,10.12169,8.77911,10.12169,10.00366,0.58822,3.96848,-3.99865,-2.73703,-3.06611,-3.55698,0.26975,0.25591,0.26925,0.26014,0.26682
2022,05,11,05:56:07.636,tr,0.000,0.000000,-0.000000,0.000000,-0.00328,-0.01220,-1.07228,-0.00332,-0.01587,-1.43466,-0.00322,-0.01298,-1.14406,-0.00324,-0.01440,-1.28511,-0.00327,-0.01489,-1.33446,-1.66995,-0.00329,0.10828,10.12169,10.12169,0.10624,10.12169,10.12169,0.08478,8.59793,10.12169,8.78045,10.12169,10.01032,0.58821,3.96862,-3.99864,-2.75001,-3.07944,-3.57200,0.26973,0.25594,0.26928,0.26024,0.26695
2022,05,11,05:56:07.886,tr,0.000,0.000000,-0.000000,0.000000,-0.00337,-0.01219,-1.06411,-0.00329,-0.01603,-1.43896,-0.00331,-0.01304,-1.14736,-0.00337,-0.01456,-1.29383,-0.00333,-0.01489,-1.33523,-1.66982,-0.00320,0.10835,10.12169,10.12169,0.10627,10.12169,10.12169,0.08484,8.59880,10.12169,8.78002,10.12169,10.00817,0.58821,3.96855,-3.99869,-2.74116,-3.07043,-3.56142,0.26966,0.25587,0.25735,0.26015,0.26684
2022,05,11,05:56:08.137,tr,0.000,0.000000,-0.000000,0.000000,-0.00332,-0.01219,-1.06467,-0.00324,-0.01592,-1.43727,-0.00319,-0.01299,-1.14418,-0.00325,-0.01444,-1.29087,-0.00325,-0.01495,-1.33645,-1.66994,-0.00325,0.10828,10.12169,10.12169,0.10619,10.12169,10.12169,0.08469,8.59286,10.12169,8.77520,10.12169,10.01105,0.58825,3.96848,-3.99864,-2.74593,-3.07522,-3.56587,0.26967,0.25603,0.26935,0.26032,0.25561
2022,05,11,05:56:08.387,tr,0.000,0.000000,-0.000000,0.000000,-0.00338,-0.01224,-1.06835,-0.00333,-0.01601,-1.44005,-0.00333,-0.01303,-1.14386,-0.00329,-0.01459,-1.29488,-0.00330,-0.01479,-1.33104,-1.66996,-0.00323,0.10836,10.12169,10.12169,0.10627,10.12169,10.12169,0.08483,8.59306,10.12169,8.77378,10.12169,10.00835,0.58822,3.96855,-3.99871,-2.73887,-3.06281,-3.55435,0.26982,0.25589,0.26915,0.26019,0.26681
2022,05,11,05:56:08.637,tr,0.000,0.000000,-0.000000,0.000000,-0.00333,-0.01225,-1.08052,-0.00327,-0.01585,-1.43599,-0.00325,-0.01295,-1.14489,-0.00323,-0.01451,-1.29565,-0.00326,-0.01485,-1.32661,-1.66994,-0.00333,0.10828,10.12169,10.12169,0.10627,10.12169,10.12169,0.08473,8.59100,10.12169,8.77345,10.12169,10.01197,0.58823,3.96861,-3.99864,-2.73881,-3.06234,-3.55721,0.26977,0.25596,0.26932,0.26028,0.26686
2022,05,11,05:56:08.887,tr,0.000,0.000000,-0.000000,0.000000,-0.00337,-0.01230,-1.07239,-0.00332,-0.01590,-1.43564,-0.00339,-0.01303,-1.14220,-0.00334,-0.01443,-1.28889,-0.00329,-0.01481,-1.32883,-1.66984,-0.00324,0.10836,10.12169,10.12169,0.10637,10.12169,10.12169,0.08481,8.59129,10.12169,8.77243,10.12169,10.00675,0.58822,3.96853,-3.99866,-2.73784,-3.05859,-3.55051,0.26978,0.25587,0.25743,0.26027,0.26687
2022,05,11,05:56:09.136,tr,0.000,0.000000,-0.000000,0.000000,-0.00331,-0.01218,-1.06547,-0.00324,-0.01586,-1.43887,-0.00325,-0.01297,-1.13901,-0.00326,-0.01443,-1.29052,-0.00332,-0.01490,-1.33336,-1.66995,-0.00321,0.10829,10.12169,10.12169,0.10629,10.12169,10.12169,0.08474,8.59215,10.12169,8.77326,10.12169,10.00943,0.58826,3.96858,-3.99858,-2.74459,-3.06895,-3.55735,0.26980,0.25603,0.25748,0.26025,0.26696
2022,05,11,05:56:09.387,tr,0.000,0.000000,-0.000000,0.000000,-0.00336,-0.01228,-1.07607,-0.00330,-0.01595,-1.43866,-0.00329,-0.01306,-1.13985,-0.00330,-0.01444,-1.28826,-0.00327,-0.01480,-1.33073,-1.66989,-0.00316,0.10837,10.12169,10.12169,0.10635,10.12169,10.12169,0.08480,8.59286,10.12169,8.77319,10.12169,10.00356,0.58818,3.96851,-3.99866,-2.73770,-3.06696,-3.55364,0.26987,0.25600,0.25750,0.26018,0.26702
2022,05,11,05:56:09.637,tr,0.000,0.000000,-0.000000,0.000000,-0.00325,-0.01222,-1.07241,-0.00330,-0.01591,-1.44118,-0.00321,-0.01287,-1.14042,-0.00318,-0.01442,-1.29169,-0.00323,-0.01496,-1.33690,-1.66993,-0.00328,0.10840,10.12169,10.12169,0.10622,10.12169,10.12169,0.08469,8.59146,10.12169,8.77351,10.12169,10.00624,0.58823,3.96856,-3.99863,-2.74172,-3.06553,-3.55845,0.26980,0.25610,0.25759,0.26036,0.26706
2022,05,11,05:56:09.887,tr,0.000,0.000000,-0.000000,0.000000,-0.00336,-0.01222,-1.06900,-0.00336,-0.01591,-1.43789,-0.00328,-0.01302,-1.14498,-0.00330,-0.01454,-1.29108,-0.00325,-0.01489,-1.33855,-1.66990,-0.00320,0.10838,10.12169,10.12169,0.10631,10.12169,10.12169,0.08481,8.59376,10.12169,8.77504,10.12169,10.00784,0.58812,3.96854,-3.99865,-2.73831,-3.06417,-3.56238,0.26973,0.25603,0.26933,0.26013,0.25542
2022,05,11,05:56:10.137,tr,0.000,0.000000,-0.000000,0.000000,-0.00330,-0.01229,-1.07819,-0.00327,-0.01592,-1.43574,-0.00322,-0.01292,-1.14063,-0.00329,-0.01438,-1.29034,-0.00325,-0.01491,-1.33306,-1.67000,-0.00325,0.10839,10.12169,10.12169,0.10627,10.12169,10.12169,0.08473,8.59249,10.12169,8.77425,10.12169,10.00709,0.58815,3.96860,-3.99863,-2.74145,-3.06374,-3.55778,0.26986,0.25609,0.25751,0.26038,0.26704
2022,05,11,05:56:10.387,tr,0.000,0.000000,-0.000000,0.000000,-0.00337,-0.01212,-1.05418,-0.00333,-0.01605,-1.44773,-0.00334,-0.01298,-1.13829,-0.00335,-0.01455,-1.29596,-0.00330,-0.01476,-1.32815,-1.66987,-0.00318,0.10844,10.12169,10.12169,0.10634,10.12169,10.12169,0.08482,8.59465,10.12169,8.77509,10.12169,10.00496,0.58815,3.96849,-3.99871,-2.73590,-3.05795,-3.55426,0.26980,0.25595,0.25744,0.26019,0.25558
2022,05,11,05:56:10.636,tr,0.000,0.000000,-0.000000,0.000000,-0.00327,-0.01227,-1.07126,-0.00323,-0.01598,-1.44613,-0.00323,-0.01306,-1.15341,-0.00319,-0.01455,-1.30255,-0.00326,-0.01489,-1.33176,-1.66997,-0.00325,0.10837,10.12169,10.12169,0.10629,10.12169,10.12169,0.08468,8.59242,10.12169,8.77417,10.12169,10.00988,0.58812,3.96861,-3.99857,-2.74167,-3.06467,-3.55941,0.26983,0.25601,0.26932,0.26033,0.26717
2022,05,11,05:56:10.888,tr,0.000,0.000000,-0.000000,0.000000,-0.00338,-0.01222,-1.06428,-0.00331,-0.01596,-1.43845,-0.00332,-0.01313,-1.15025,-0.00331,-0.01453,-1.29616,-0.00322,-0.01484,-1.33356,-1.66992,-0.00322,0.10843,10.12169,10.12169,0.10636,10.12169,10.12169,0.08477,8.59475,10.12169,8.77579,10.12169,10.00758,0.58811,3.96853,-3.99870,-2.73130,-3.05174,-3.55201,0.26978,0.25587,0.26928,0.26030,0.26701
2022,05,11,05:56:11.137,tr,0.000,0.000000,-0.000000,0.000000,-0.00328,-0.01210,-1.06144,-0.00326,-0.01589,-1.43706,-0.00327,-0.01300,-1.14478,-0.00322,-0.01441,-1.29182,-0.00324,-0.01488,-1.33012,-1.66997,-0.00334,0.10837,10.12169,10.12169,0.10632,10.12169,10.12169,0.08478,8.59361,10.12169,8.77550,10.12169,10.00994,0.58817,3.96859,-3.99862,-2.74200,-3.06314,-3.55557,0.26988,0.25605,0.25747,0.26038,0.26701
2022,05,11,05:56:11.387,tr,0.000,0.000000,-0.000000,0.000000,-0.00333,-0.01225,-1.07268,-0.00332,-0.01590,-1.43722,-0.00336,-0.01307,-1.14823,-0.00328,-0.01443,-1.28767,-0.00331,-0.01479,-1.33306,-1.66985,-0.00325,0.10842,10.12169,10.12169,0.10634,10.12169,10.12169,0.08481,8.59404,10.12169,8.77450,10.12169,10.00707,0.58810,3.96855,-3.99865,-2.73607,-3.05687,-3.55593,0.26969,0.25595,0.26919,0.26031,0.26702
2022,05,11,05:56:11.637,tr,0.000,0.000000,-0.000000,0.000000,-0.00326,-0.01229,-1.07869,-0.00323,-0.01585,-1.43571,-0.00321,-0.01308,-1.15232,-0.00325,-0.01445,-1.29336,-0.00326,-0.01491,-1.33306,-1.66995,-0.00332,0.10832,10.12169,10.12169,0.10627,10.12169,10.12169,0.08480,8.59362,10.12169,8.77581,10.12169,10.00623,0.58810,3.96862,-3.99860,-2.73490,-3.05872,-3.55538,0.26989,0.25605,0.26937,0.26029,0.26708
2022,05,11,05:56:11.886,tr,0.000,0.000000,-0.000000,0.000000,-0.00335,-0.01232,-1.08558,-0.00335,-0.01596,-1.43888,-0.00330,-0.01310,-1.15432,-0.00329,-0.01452,-1.29732,-0.00334,-0.01489,-1.33766,-1.66989,-0.00317,0.10845,10.12169,10.12169,0.10637,10.12169,10.12169,0.08481,8.59455,10.12169,8.77541,10.12169,10.00677,0.58809,3.96858,-3.99867,-2.73763,-3.06095,-3.55899,0.26971,0.25594,0.26930,0.26024,0.26699
2022,05,11,05:56:12.136,tr,0.000,0.000000,-0.000000,0.000000,-0.00332,-0.01230,-1.08020,-0.00335,-0.01590,-1.43366,-0.00327,-0.01305,-1.14919,-0.00321,-0.01447,-1.29279,-0.00326,-0.01490,-1.32988,-1.66999,-0.00330,0.10839,10.12169,10.12169,0.10629,10.12169,10.12169,0.08475,8.59337,10.12169,8.77541,10.12169,10.00868,0.58808,3.96859,-3.99860,-2.74455,-3.06821,-3.56646,0.26980,0.25608,0.26943,0.26038,0.26705
2022,05,11,05:56:12.387,tr,0.000,0.000000,-0.000000,0.000000,-0.00334,-0.01230,-1.07899,-0.00337,-0.01592,-1.43252,-0.00330,-0.01308,-1.14540,-0.00335,-0.01447,-1.28859,-0.00326,-0.01482,-1.32927,-1.66994,-0.00321,0.10847,10.12169,10.12169,0.10643,10.12169,10.12169,0.08479,8.59362,10.12169,8.77443,10.12169,10.00746,0.58800,3.96855,-3.99862,-2.73711,-3.05905,-3.55801,0.26972,0.25599,0.25751,0.26023,0.26706
2022,05,11,05:56:12.637,tr,0.000,0.000000,-0.000000,0.000000,-0.00331,-0.01220,-1.07341,-0.00328,-0.01596,-1.43809,-0.00323,-0.01300,-1.14589,-0.00324,-0.01441,-1.28725,-0.00325,-0.01481,-1.32666,-1.66997,-0.00323,0.10839,10.12169,10.12169,0.10626,10.12169,10.12169,0.08476,8.59519,10.12169,8.77611,10.12169,10.00807,0.58808,3.96853,-3.99862,-2.73220,-3.05120,-3.54947,0.26974,0.25605,0.26934,0.26037,0.26703
2022,05,11,05:56:12.887,tr,0.000,0.000000,-0.000000,0.000000,-0.00334,-0.01240,-1.08111,-0.00334,-0.01596,-1.43826,-0.00331,-0.01300,-1.14180,-0.00328,-0.01454,-1.29101,-0.00325,-0.01484,-1.33029,-1.66996,-0.00322,0.10852,10.12169,10.12169,0.10629,10.12169,10.12169,0.08479,8.59495,10.12169,8.77482,10.12169,10.00861,0.58801,3.96855,-3.99870,-2.73038,-3.05151,-3.55141,0.26975,0.25600,0.26936,0.26035,0.26705
2022,05,11,05:56:13.137,tr,0.000,0.000000,-0.000000,0.000000,-0.00332,-0.01232,-1.07953,-0.00323,-0.01585,-1.43804,-0.00327,-0.01295,-1.14610,-0.00320,-0.01445,-1.28787,-0.00326,-0.01482,-1.32982,-1.66999,-0.00325,0.10843,10.12169,10.12169,0.10628,10.12169,10.12169,0.08476,8.59387,10.12169,8.77608,10.12169,10.00658,0.58805,3.96857,-3.99867,-2.73364,-3.05063,-3.55507,0.26983,0.25609,0.25752,0.26042,0.26716
2022,05,11,05:56:13.386,tr,0.000,0.000000,-0.000000,0.000000,-0.00335,-0.01240,-1.07731,-0.00334,-0.01596,-1.43847,-0.00340,-0.01304,-1.14385,-0.00332,-0.01455,-1.29798,-0.00334,-0.01475,-1.32577,-1.66993,-0.00322,0.10845,10.12169,10.12169,0.10635,10.12169,10.12169,0.08478,8.59445,10.12169,8.77514,10.12169,10.00957,0.58800,3.96860,-3.99871,-2.73357,-3.05344,-3.54987,0.26969,0.25601,0.26923,0.26025,0.26711
2022,05,11,05:56:13.637,tr,0.000,0.000000,-0.000000,0.000000,-0.00329,-0.01240,-1.08653,-0.00328,-0.01587,-1.43584,-0.00327,-0.01313,-1.15044,-0.00322,-0.01442,-1.29100,-0.00329,-0.01484,-1.32940,-1.66996,-0.00325,0.10839,10.12169,10.12169,0.10635,10.12169,10.12169,0.08475,8.59422,10.12169,8.77525,10.12169,10.01198,0.58805,3.96864,-3.99858,-2.73889,-3.05862,-3.55750,0.26986,0.25611,0.25752,0.26031,0.26721
2022,05,11,05:56:13.887,tr,0.000,0.000000,-0.000000,0.000000,-0.00332,-0.01241,-1.08647,-0.00328,-0.01596,-1.44482,-0.00332,-0.01315,-1.14970,-0.00334,-0.01459,-1.29762,-0.00332,-0.01477,-1.32426,-1.66986,-0.00321,0.10843,10.12169,10.12169,0.10636,10.12169,10.12169,0.08481,8.59372,10.12169,8.77383,10.12169,10.00321,0.58795,3.96861,-3.99864,-2.73308,-3.05535,-3.55400,0.26984,0.25604,0.26929,0.26022,0.26704
2022,05,11,05:56:14.137,tr,0.000,0.000000,-0.000000,0.000000,-0.00332,-0.01216,-1.06738,-0.00325,-0.01586,-1.43812,-0.00323,-0.01303,-1.15408,-0.00323,-0.01448,-1.29509,-0.00323,-0.01490,-1.32890,-1.66998,-0.00327,0.10842,10.12169,10.12169,0.10631,10.12169,10.12169,0.08477,8.59550,10.12169,8.77691,10.12169,10.00538,0.58799,3.96866,-3.99859,-2.72958,-3.04941,-3.55025,0.26985,0.25612,0.25769,0.26027,0.26716
2022,05,11,05:56:14.387,tr,0.000,0.000000,-0.000000,0.000000,-0.00332,-0.01230,-1.07383,-0.00336,-0.01596,-1.44195,-0.00331,-0.01312,-1.15208,-0.00335,-0.01511,-1.35016,-0.00330,-0.01483,-1.33080,-1.66991,-0.00320,0.10847,10.12169,10.12169,0.10638,10.12169,10.12169,0.08478,8.59512,10.12169,8.77592,10.12169,10.00772,0.58792,3.96860,-3.99871,-2.72852,-3.04566,-3.55375,0.26984,0.25607,0.25750,0.26032,0.26710
2022,05,11,05:56:14.637,tr,0.000,0.000000,-0.000000,0.000000,-0.00325,-0.01229,-1.07907,-0.00333,-0.01595,-1.44028,-0.00324,-0.01303,-1.15237,-0.00331,-0.01500,-1.34766,-0.00327,-0.01477,-1.32411,-1.66996,-0.00324,0.10847,10.12169,10.12169,0.10638,10.12169,10.12169,0.08475,8.59733,10.12169,8.77877,10.12169,10.00487,0.58793,3.96865,-3.99856,-2.72765,-3.04550,-3.55495,0.26986,0.25615,0.25757,0.26046,0.26714
2022,05,11,05:56:14.886,tr,0.000,0.000000,-0.000000,0.000000,-0.00336,-0.01220,-1.06670,-0.00329,-0.01603,-1.44593,-0.00335,-0.01319,-1.15877,-0.00329,-0.01513,-1.34991,-0.00327,-0.01487,-1.33363,-1.66992,-0.00321,0.10846,10.12169,10.12169,0.10642,10.12169,10.12169,0.08485,8.59781,10.12169,8.77879,10.12169,10.00783,0.58796,3.96848,-3.99869,-2.72998,-3.04928,-3.55092,0.26974,0.25611,0.26939,0.26038,0.25562
2022,05,11,05:56:15.137,tr,0.000,0.000000,-0.000000,0.000000,-0.00333,-0.01222,-1.07329,-0.00321,-0.01592,-1.43831,-0.00324,-0.01307,-1.15275,-0.00325,-0.01501,-1.34611,-0.00328,-0.01486,-1.32776,-1.67000,-0.00327,0.10847,10.12169,10.12169,0.10639,10.12169,10.12169,0.08475,8.59710,10.12169,8.77892,10.12169,10.00856,0.58796,3.96867,-3.99859,-2.73682,-3.05193,-3.55391,0.26989,0.25609,0.26934,0.26040,0.26710
2022,05,11,05:56:15.387,tr,0.000,0.000000,-0.000000,0.000000,-0.00343,-0.01239,-1.07776,-0.00328,-0.01604,-1.44749,-0.00332,-0.01309,-1.14963,-0.00334,-0.01512,-1.35133,-0.00332,-0.01474,-1.32624,-1.66994,-0.00324,0.10851,10.12169,10.12169,0.10648,10.12169,10.12169,0.08482,8.59796,10.12169,8.77784,10.12169,10.00833,0.58788,3.96862,-3.99871,-2.72926,-3.04440,-3.55061,0.26981,0.25603,0.26928,0.26026,0.25558
2022,05,11,05:56:15.637,tr,0.000,0.000000,-0.000000,0.000000,-0.00331,-0.01233,-1.07920,-0.00327,-0.01586,-1.43789,-0.00326,-0.01305,-1.14436,-0.00323,-0.01501,-1.34658,-0.00325,-0.01483,-1.32433,-1.66992,-0.00329,0.10841,10.12169,10.12169,0.10636,10.12169,10.12169,0.08476,8.59376,10.12169,8.77509,10.12169,10.01229,0.58798,3.96869,-3.99865,-2.72724,-3.04315,-3.55143,0.26980,0.25610,0.25754,0.26042,0.26715
2022,05,11,05:56:15.888,tr,0.000,0.000000,-0.000000,0.000000,-0.00334,-0.01240,-1.08253,-0.00334,-0.01598,-1.44331,-0.00331,-0.01302,-1.14505,-0.00334,-0.01503,-1.34592,-0.00328,-0.01481,-1.32987,-1.66989,-0.00324,0.10855,10.12169,10.12169,0.10645,10.12169,10.12169,0.08487,8.59814,10.12169,8.77793,10.12169,10.00580,0.58790,3.96857,-3.99869,-2.73191,-3.04983,-3.56355,0.26983,0.25607,0.26926,0.26038,0.26706
2022,05,11,05:56:16.136,tr,0.000,0.000000,-0.000000,0.000000,-0.00327,-0.01234,-1.08225,-0.00325,-0.01588,-1.44160,-0.00320,-0.01298,-1.14514,-0.00323,-0.01503,-1.34935,-0.00322,-0.01481,-1.32434,-1.67000,-0.00325,0.10840,10.12169,10.12169,0.10641,10.12169,10.12169,0.08476,8.59808,10.12169,8.77900,10.12169,10.00323,0.58794,3.96869,-3.99863,-2.73795,-3.05852,-3.55916,0.26992,0.25619,0.26933,0.26037,0.26728
2022,05,11,05:56:16.386,tr,0.000,0.000000,-0.000000,0.000000,-0.00335,-0.01235,-1.07910,-0.00341,-0.01599,-1.44365,-0.00331,-0.01304,-1.14489,-0.00331,-0.01500,-1.34620,-0.00328,-0.01482,-1.32135,-1.66994,-0.00321,0.10856,10.12169,10.12169,0.10645,10.12169,10.12169,0.08481,8.59811,10.12169,8.77827,10.12169,10.00164,0.58783,3.96865,-3.99866,-2.72719,-3.04514,-3.55031,0.26981,0.25607,0.26930,0.26028,0.26701
2022,05,11,05:56:16.637,tr,0.000,0.000000,-0.000000,0.000000,-0.00330,-0.01221,-1.06982,-0.00333,-0.01593,-1.44395,-0.00324,-0.01266,-1.11272,-0.00326,-0.01491,-1.34311,-0.00322,-0.01495,-1.33246,-1.66995,-0.00328,0.10856,10.12169,10.12169,0.10640,10.12169,10.12169,0.08479,8.59933,10.12169,8.78015,10.12169,10.00737,0.58789,3.96864,-3.99858,-2.72817,-3.04653,-3.55691,0.26991,0.25619,0.26943,0.26039,0.26713
2022,05,11,05:56:16.887,tr,0.000,0.000000,-0.000000,0.000000,-0.00337,-0.01252,-1.09493,-0.00331,-0.01601,-1.43921,-0.00328,-0.01282,-1.11945,-0.00334,-0.01500,-1.34370,-0.00327,-0.01490,-1.33106,-1.66989,-0.00324,0.10852,10.12169,10.12169,0.10650,10.12169,10.12169,0.08484,8.59843,10.12169,8.77872,10.12169,10.00355,0.58775,3.96863,-3.99866,-2.72307,-3.04449,-3.56056,0.26981,0.25610,0.26935,0.26034,0.26714
2022,05,11,05:56:17.137,tr,0.000,0.000000,-0.000000,0.000000,-0.00331,-0.01228,-1.08085,-0.00322,-0.01597,-1.43909,-0.00321,-0.01267,-1.11711,-0.00325,-0.01501,-1.34616,-0.00324,-0.01488,-1.32627,-1.66999,-0.00322,0.10852,10.12169,10.12169,0.10636,10.12169,10.12169,0.08486,8.60017,10.12169,8.78052,10.12169,10.00969,0.58787,3.96866,-3.99856,-2.72532,-3.04847,-3.56491,0.26987,0.25620,0.26938,0.26045,0.26727
2022,05,11,05:56:17.387,tr,0.000,0.000000,-0.000000,0.000000,-0.00337,-0.01240,-1.08631,-0.00334,-0.01594,-1.43927,-0.00337,-0.01279,-1.11789,-0.00330,-0.01506,-1.34427,-0.00326,-0.01481,-1.32877,-1.66993,-0.00318,0.10853,10.12169,10.12169,0.10638,10.12169,10.12169,0.08490,8.59967,10.12169,8.78029,10.12169,10.00823,0.58782,3.96861,-3.99873,-2.71818,-3.03968,-3.55684,0.26984,0.25612,0.26930,0.26029,0.26720
2022,05,11,05:56:17.636,tr,0.000,0.000000,-0.000000,0.000000,-0.00333,-0.01198,-1.04735,-0.00325,-0.01595,-1.44578,-0.00326,-0.01270,-1.11805,-0.00326,-0.01493,-1.34103,-0.00324,-0.01490,-1.32975,-1.66997,-0.00324,0.10849,10.12169,10.12169,0.10638,10.12169,10.12169,0.08478,8.59794,10.12169,8.77939,10.12169,10.01056,0.58789,3.96871,-3.99868,-2.72624,-3.04391,-3.55103,0.26985,0.25613,0.26946,0.26045,0.26727
2022,05,11,05:56:17.887,tr,0.000,0.000000,-0.000000,0.000000,-0.00338,-0.01221,-1.06108,-0.00334,-0.01594,-1.44015,-0.00334,-0.01277,-1.11596,-0.00333,-0.01506,-1.34846,-0.00330,-0.01483,-1.33086,-1.66990,-0.00318,0.10860,10.12169,10.12169,0.10641,10.12169,10.12169,0.08482,8.60007,10.12169,8.77978,10.12169,10.00889,0.58777,3.96857,-3.99867,-2.73332,-3.04790,-3.55637,0.26979,0.25605,0.25747,0.26031,0.25571
2022,05,11,05:56:18.137,tr,0.000,0.000000,-0.000000,0.000000,-0.00322,-0.01219,-1.06634,-0.00324,-0.01583,-1.43728,-0.00325,-0.01273,-1.11199,-0.00324,-0.01490,-1.33884,-0.00332,-0.01494,-1.33334,-1.66996,-0.00325,0.10847,10.12169,10.12169,0.10645,10.12169,10.12169,0.08481,8.60008,10.12169,8.78092,10.12169,10.01129,0.58784,3.96874,-3.99865,-2.72760,-3.04738,-3.56104,0.26991,0.25619,0.26939,0.26038,0.26724
2022,05,11,05:56:18.387,tr,0.000,0.000000,-0.000000,0.000000,-0.00337,-0.01219,-1.06399,-0.00331,-0.01594,-1.43550,-0.00333,-0.01278,-1.11852,-0.00335,-0.01499,-1.34031,-0.00334,-0.01481,-1.33147,-1.66991,-0.00321,0.10858,10.12169,10.12169,0.10647,10.12169,10.12169,0.08486,8.60170,10.12169,8.78188,10.12169,10.00742,0.58777,3.96868,-3.99869,-2.72410,-3.04916,-3.56760,0.26990,0.25615,0.25749,0.26021,0.26716
2022,05,11,05:56:18.637,tr,0.000,0.000000,-0.000000,0.000000,-0.00332,-0.01209,-1.05511,-0.00326,-0.01591,-1.44236,-0.00320,-0.01304,-1.14917,-0.00320,-0.01493,-1.34088,-0.00326,-0.01491,-1.33127,-1.67002,-0.00324,0.10853,10.12169,10.12169,0.10644,10.12169,10.12169,0.08479,8.60043,10.12169,8.78158,10.12169,10.00465,0.58782,3.96867,-3.99863,-2.72507,-3.05080,-3.57199,0.26989,0.25619,0.26945,0.26044,0.26722
2022,05,11,05:56:18.886,tr,0.000,0.000000,-0.000000,0.000000,-0.00337,-0.01212,-1.05762,-0.00336,-0.01604,-1.44508,-0.00336,-0.01312,-1.15157,-0.00333,-0.01497,-1.34225,-0.00326,-0.01487,-1.33022,-1.66988,-0.00318,0.10859,10.12169,10.12169,0.10647,10.12169,10.12169,0.08490,8.60100,10.12169,8.78122,10.12169,10.00815,0.58772,3.96865,-3.99869,-2.72299,-3.04324,-3.56307,0.26987,0.25617,0.25758,0.26033,0.26714
2022,05,11,05:56:19.136,tr,0.000,0.000000,-0.000000,0.000000,-0.00324,-0.01205,-1.05920,-0.00328,-0.01601,-1.44449,-0.00327,-0.01292,-1.13906,-0.00324,-0.01498,-1.34235,-0.00327,-0.01494,-1.33756,-1.67004,-0.00331,0.10855,10.12169,10.12169,0.10649,10.12169,10.12169,0.08482,8.60125,10.12169,8.78206,10.12169,10.01070,0.58773,3.96869,-3.99858,-2.72685,-3.04824,-3.56738,0.26995,0.25622,0.25755,0.26047,0.26721
2022,05,11,05:56:19.387,tr,0.000,0.000000,-0.000000,0.000000,-0.00334,-0.01218,-1.05865,-0.00335,-0.01605,-1.44595,-0.00333,-0.01306,-1.14380,-0.00333,-0.01503,-1.34749,-0.00331,-0.01482,-1.32753,-1.66991,-0.00314,0.10861,10.12169,10.12169,0.10647,10.12169,10.12169,0.08490,8.60198,10.12169,8.78129,10.12169,10.00663,0.58774,3.96869,-3.99866,-2.71945,-3.04181,-3.56138,0.26970,0.25612,0.25753,0.26036,0.26721
2022,05,11,05:56:19.637,tr,0.000,0.000000,-0.000000,0.000000,-0.00327,-0.01212,-1.06031,-0.00320,-0.01598,-1.44658,-0.00323,-0.01300,-1.14528,-0.00325,-0.01502,-1.34583,-0.00325,-0.01490,-1.33310,-1.66999,-0.00333,0.10856,10.12169,10.12169,0.10639,10.12169,10.12169,0.08479,8.60182,10.12169,8.78266,10.12169,10.00769,0.58774,3.96868,-3.99857,-2.72026,-3.04397,-3.56468,0.26992,0.25621,0.25755,0.26045,0.25584
2022,05,11,05:56:19.887,tr,0.000,0.000000,-0.000000,0.000000,-0.00338,-0.01208,-1.05400,-0.00334,-0.01601,-1.44413,-0.00331,-0.01306,-1.14510,-0.00332,-0.01501,-1.34228,-0.00325,-0.01487,-1.33376,-1.66993,-0.00317,0.10867,10.12169,10.12169,0.10649,10.12169,10.12169,0.08483,8.60025,10.12169,8.78021,10.12169,10.00694,0.58768,3.96862,-3.99873,-2.71711,-3.04175,-3.56256,0.26988,0.25606,0.26938,0.26042,0.26727
2022,05,11,05:56:20.137,tr,0.000,0.000000,-0.000000,0.000000,-0.00329,-0.01212,-1.05465,-0.00328,-0.01597,-1.44694,-0.00328,-0.01289,-1.13641,-0.00322,-0.01488,-1.34134,-0.00324,-0.01486,-1.33035,-1.67001,-0.00325,0.10858,10.12169,10.12169,0.10645,10.12169,10.12169,0.08479,8.60083,10.12169,8.78197,10.12169,10.00517,0.58777,3.96871,-3.99866,-2.70508,-3.02983,-3.55229,0.26989,0.25618,0.25759,0.26043,0.25591
2022,05,11,05:56:20.386,tr,0.000,0.000000,-0.000000,0.000000,-0.00336,-0.01210,-1.05081,-0.00338,-0.01610,-1.45309,-0.00333,-0.01310,-1.14742,-0.00331,-0.01505,-1.34513,-0.00330,-0.01475,-1.32374,-1.66994,-0.00315,0.10858,10.12169,10.12169,0.10654,10.12169,10.12169,0.08489,8.60312,10.12169,8.78294,10.12169,10.00905,0.58765,3.96866,-3.99865,-2.71987,-3.04248,-3.55935,0.26979,0.25615,0.25752,0.26034,0.26718
2022,05,11,05:56:20.636,tr,0.000,0.000000,-0.000000,0.000000,-0.00328,-0.01216,-1.07006,-0.00324,-0.01585,-1.44085,-0.00322,-0.01293,-1.13484,-0.00321,-0.01496,-1.34176,-0.00327,-0.01491,-1.33384,-1.66997,-0.00326,0.10857,10.12169,10.12169,0.10644,10.12169,10.12169,0.08486,8.60263,10.12169,8.78326,10.12169,10.00827,0.58766,3.96871,-3.99860,-2.72418,-3.05229,-3.56937,0.26990,0.25620,0.26946,0.26040,0.26746
2022,05,11,05:56:20.887,tr,0.000,0.000000,-0.000000,0.000000,-0.00333,-0.01213,-1.05193,-0.00329,-0.01596,-1.43909,-0.00332,-0.01303,-1.14253,-0.00328,-0.01508,-1.34755,-0.00329,-0.01483,-1.32805,-1.66992,-0.00320,0.10863,10.12169,10.12169,0.10657,10.12169,10.12169,0.08489,8.60447,10.12169,8.78411,10.12169,10.00445,0.58765,3.96864,-3.99867,-2.72016,-3.04877,-3.56920,0.26983,0.25619,0.26937,0.26040,0.26724
2022,05,11,05:56:21.137,tr,0.000,0.000000,-0.000000,0.000000,-0.00325,-0.01214,-1.06317,-0.00335,-0.01591,-1.44143,-0.00330,-0.01296,-1.13964,-0.00326,-0.01506,-1.35100,-0.00327,-0.01489,-1.33201,-1.67001,-0.00329,0.10863,10.12169,10.12169,0.10652,10.12169,10.12169,0.08480,8.60250,10.12169,8.78312,10.12169,10.00599,0.58766,3.96870,-3.99864,-2.72018,-3.05099,-3.57840,0.26990,0.25632,0.26952,0.26048,0.26736
2022,05,11,05:56:21.387,tr,0.000,0.000000,-0.000000,0.000000,-0.00335,-0.01228,-1.06875,-0.00336,-0.01601,-1.44333,-0.00336,-0.01313,-1.15143,-0.00331,-0.01506,-1.34582,-0.00329,-0.01489,-1.33803,-1.66994,-0.00317,0.10866,10.12169,10.12169,0.10657,10.12169,10.12169,0.08487,8.60499,10.12169,8.78494,10.12169,10.00984,0.58758,3.96862,-3.99869,-2.71527,-3.04470,-3.57231,0.26990,0.25617,0.25760,0.26036,0.25572
2022,05,11,05:56:21.637,tr,0.000,0.000000,-0.000000,0.000000,-0.00328,-0.01207,-1.05318,-0.00326,-0.01592,-1.43971,-0.00323,-0.01299,-1.14499,-0.00329,-0.01504,-1.34962,-0.00322,-0.01496,-1.33330,-1.67001,-0.00325,0.10863,10.12169,10.12169,0.10650,10.12169,10.12169,0.08487,8.60327,10.12169,8.78374,10.12169,10.00684,0.58763,3.96869,-3.99860,-2.71646,-3.04984,-3.57582,0.26998,0.25627,0.25763,0.26041,0.26735
2022,05,11,05:56:21.887,tr,0.000,0.000000,-0.000000,0.000000,-0.00338,-0.01209,-1.05312,-0.00331,-0.01596,-1.43676,-0.00333,-0.01309,-1.14629,-0.00329,-0.01515,-1.34781,-0.00326,-0.01522,-1.37037,-1.66998,-0.00322,0.10875,10.12169,10.12169,0.10651,10.12169,10.12169,0.08490,8.60605,10.12169,8.78559,10.12169,10.00633,0.58758,3.96858,-3.99866,-2.71344,-3.04921,-3.57514,0.26979,0.25621,0.26943,0.26030,0.26730
2022,05,11,05:56:22.137,tr,0.000,0.000000,-0.000000,0.000000,-0.00332,-0.01222,-1.07020,-0.00327,-0.01589,-1.43668,-0.00324,-0.01301,-1.14690,-0.00326,-0.01499,-1.34443,-0.00325,-0.01527,-1.37146,-1.67001,-0.00327,0.10865,10.12169,10.12169,0.10652,10.12169,10.12169,0.08492,8.61246,10.12169,8.79292,10.12169,10.00959,0.58762,3.96867,-3.99867,-2.71774,-3.04525,-3.56839,0.27005,0.25628,0.26952,0.26040,0.26734
2022,05,11,05:56:22.387,tr,0.000,0.000000,-0.000000,0.000000,-0.00338,-0.01221,-1.05710,-0.00331,-0.01601,-1.44304,-0.00335,-0.01307,-1.14575,-0.00330,-0.01501,-1.34514,-0.00323,-0.01512,-1.36110,-1.66990,-0.00321,0.10871,10.12169,10.12169,0.10658,10.12169,10.12169,0.08503,8.61655,10.12169,8.79620,10.12169,10.00852,0.58761,3.96864,-3.99868,-2.69277,-3.02532,-3.55405,0.26992,0.25622,0.26947,0.26035,0.26733
2022,05,11,05:56:22.637,tr,0.000,0.000000,-0.000000,0.000000,-0.00327,-0.01213,-1.06043,-0.00325,-0.01591,-1.44222,-0.00326,-0.01300,-1.14393,-0.00322,-0.01499,-1.34384,-0.00330,-0.01526,-1.36991,-1.66999,-0.00328,0.10860,10.12169,10.12169,0.10653,10.12169,10.12169,0.08498,8.61336,10.12169,8.79446,10.12169,10.01175,0.58759,3.96878,-3.99861,-2.71635,-3.04766,-3.57212,0.26986,0.25633,0.26932,0.26043,0.26746
2022,05,11,05:56:22.887,tr,0.000,0.000000,-0.000000,0.000000,-0.00333,-0.01221,-1.06508,-0.00333,-0.01593,-1.43699,-0.00331,-0.01307,-1.14253,-0.00330,-0.01513,-1.35117,-0.00331,-0.01517,-1.36432,-1.66994,-0.00319,0.10868,10.12169,10.12169,0.10661,10.12169,10.12169,0.08499,8.61526,10.12169,8.79508,10.12169,10.00902,0.58756,3.96862,-3.99869,-2.71188,-3.04798,-3.57390,0.26992,0.25627,0.25765,0.26031,0.26741
2022,05,11,05:56:23.136,tr,0.000,0.000000,-0.000000,0.000000,-0.00329,-0.01204,-1.05004,-0.00325,-0.01583,-1.43524,-0.00325,-0.01296,-1.14218,-0.00320,-0.01498,-1.34300,-0.00322,-0.01525,-1.36499,-1.67002,-0.00322,0.10868,10.12169,10.12169,0.10658,10.12169,10.12169,0.08493,8.61633,10.12169,8.79726,10.12169,10.00515,0.58759,3.96874,-3.99860,-2.71817,-3.05362,-3.57959,0.26994,0.25638,0.26949,0.26038,0.26745
2022,05,11,05:56:23.387,tr,0.000,0.000000,-0.000000,0.000000,-0.00333,-0.01202,-1.04613,-0.00334,-0.01590,-1.43600,-0.00328,-0.01305,-1.14626,-0.00332,-0.01504,-1.34828,-0.00328,-0.01517,-1.36410,-1.66989,-0.00318,0.10878,10.12169,10.12169,0.10665,10.12169,10.12169,0.08494,8.61636,10.12169,8.79626,10.12169,10.00498,0.58753,3.96862,-3.99868,-2.71569,-3.05666,-3.58766,0.26993,0.25630,0.25768,0.26039,0.26735
2022,05,11,05:56:23.638,tr,0.000,0.000000,-0.000000,0.000000,-0.00326,-0.01213,-1.06139,-0.00328,-0.01595,-1.44505,-0.00325,-0.01291,-1.14066,-0.00324,-0.01499,-1.34858,-0.00329,-0.01517,-1.35664,-1.66996,-0.00325,0.10866,10.12169,10.12169,0.10658,10.12169,10.12169,0.08499,8.61554,10.12169,8.79699,10.12169,10.00983,0.58754,3.96872,-3.99856,-2.71604,-3.06090,-3.59533,0.27004,0.25638,0.26961,0.26053,0.26725
2022,05,11,05:56:23.887,tr,0.000,0.000000,-0.000000,0.000000,-0.00334,-0.01201,-1.05034,-0.00328,-0.01604,-1.44452,-0.00327,-0.01311,-1.14990,-0.00334,-0.01500,-1.34336,-0.00329,-0.01476,-1.32295,-1.66996,-0.00316,0.10875,10.12169,10.12169,0.10664,10.12169,10.12169,0.08506,8.61748,10.12169,8.79670,10.12169,10.00678,0.58752,3.96865,-3.99870,-2.71581,-3.05092,-3.57868,0.26997,0.25633,0.25769,0.26045,0.26738
2022,05,11,05:56:24.137,tr,0.000,0.000000,-0.000000,0.000000,-0.00326,-0.01210,-1.05919,-0.00327,-0.01598,-1.44506,-0.00326,-0.01299,-1.14411,-0.00320,-0.01502,-1.34378,-0.00321,-0.01472,-1.32083,-1.67000,-0.00323,0.10868,10.12169,10.12169,0.10650,10.12169,10.12169,0.08494,8.61711,10.12169,8.79762,10.12169,10.00653,0.58757,3.96876,-3.99861,-2.71546,-3.05097,-3.57973,0.26993,0.25634,0.25773,0.26045,0.25607
2022,05,11,05:56:24.387,tr,0.000,0.000000,-0.000000,0.000000,-0.00336,-0.01219,-1.05705,-0.00329,-0.01594,-1.43844,-0.00328,-0.01309,-1.14824,-0.00328,-0.01506,-1.34430,-0.00333,-0.01468,-1.31701,-1.66994,-0.00314,0.10877,10.12169,10.12169,0.10659,10.12169,10.12169,0.08502,8.61495,10.12169,8.79438,10.12169,10.00591,0.58748,3.96870,-3.99872,-2.71242,-3.05169,-3.58046,0.26997,0.25629,0.25772,0.26040,0.26739
2022,05,11,05:56:24.636,tr,0.000,0.000000,-0.000000,0.000000,-0.00325,-0.01192,-1.03936,-0.00325,-0.01590,-1.44334,-0.00331,-0.01297,-1.14069,-0.00319,-0.01498,-1.34736,-0.00321,-0.01482,-1.32806,-1.66995,-0.00334,0.10878,10.12169,10.12169,0.10663,10.12169,10.12169,0.08497,8.61731,10.12169,8.79839,10.12169,10.01066,0.58753,3.96881,-3.99862,-2.71222,-3.04674,-3.57323,0.27000,0.25642,0.25776,0.26056,0.25598
2022,05,11,05:56:24.887,tr,0.000,0.000000,-0.000000,0.000000,-0.00330,-0.01209,-1.05044,-0.00335,-0.01595,-1.43691,-0.00333,-0.01308,-1.15009,-0.00331,-0.01509,-1.34890,-0.00333,-0.01475,-1.32539,-1.66988,-0.00325,0.10883,10.12169,10.12169,0.10666,10.12169,10.12169,0.08508,8.62018,10.12169,8.80032,10.12169,10.00588,0.58742,3.96868,-3.99868,-2.71732,-3.05401,-3.58020,0.26995,0.25635,0.26949,0.26049,0.26746
2022,05,11,05:56:25.137,tr,0.000,0.000000,-0.000000,0.000000,-0.00327,-0.01201,-1.04853,-0.00320,-0.01590,-1.44147,-0.00320,-0.01298,-1.14167,-0.00322,-0.01495,-1.34494,-0.00333,-0.01486,-1.33101,-1.67000,-0.00323,0.10877,10.12169,10.12169,0.10665,10.12169,10.12169,0.08501,8.61887,10.12169,8.79924,10.12169,10.01096,0.58752,3.96877,-3.99858,-2.71894,-3.05861,-3.58458,0.27010,0.25643,0.26961,0.26045,0.26742
2022,05,11,05:56:25.388,tr,0.000,0.000000,-0.000000,0.000000,-0.00337,-0.01212,-1.05290,-0.00329,-0.01588,-1.43773,-0.00335,-0.01309,-1.14994,-0.00333,-0.01499,-1.34670,-0.00326,-0.01474,-1.32480,-1.66990,-0.00320,0.10885,10.12169,10.12169,0.10667,10.12169,10.12169,0.08508,8.61821,10.12169,8.79793,10.12169,10.00802,0.58746,3.96867,-3.99865,-2.71424,-3.06995,-3.59349,0.26998,0.25635,0.26962,0.26039,0.26739
2022,05,11,05:56:25.637,tr,0.000,0.000000,-0.000000,0.000000,-0.00332,-0.01208,-1.05829,-0.00331,-0.01588,-1.43800,-0.00325,-0.01309,-1.15337,-0.00321,-0.01495,-1.34059,-0.00328,-0.01487,-1.32715,-1.67002,-0.00319,0.10884,10.12169,10.12169,0.10662,10.12169,10.12169,0.08496,8.61801,10.12169,8.79772,10.12169,10.00838,0.58742,3.96874,-3.99855,-2.71820,-3.05849,-3.58853,0.27006,0.25646,0.25787,0.26052,0.26742
