%Mission: MLO2022
%Operator: 
%Time: 2022,05,08,06:33:43.404
%File: C:\Users\pop\Documents\5STARG_Data\5STARG_20220508_063343_RADIOMETERS.dat
%Notes: 
YYYY,MM,DD,hh:mm:ss,CH1_0,CH1_2,CH1_4,CH2_0,CH2_2,CH2_4,CH3_0,CH3_2,CH3_4,CH4_0,CH4_2,CH4_4,CH5_0,CH5_2,CH5_4,Here,CH6_0,CH6_2,CH6_4,CH7_0,CH7_2,CH7_4,CH8_0,CH8_2,CH8_4,CH9_0,CH9_2,CH9_4,SPARE,5vRef_Temp,12POS_0_33,12NEG_0_33
2022,05,08,06:33:43.634,-0.00727,-0.01181,-0.71164,-0.00726,-0.01748,-1.26454,-0.00711,-0.01940,-1.48074,-0.00719,-0.01904,-1.44961,-0.00698,-0.01568,-1.11251,-1.67357,-0.00663,0.12491,10.12169,5.60072,0.16533,10.12169,10.12169,0.08173,8.61096,10.12169,8.82770,10.12169,9.81965,0.57317,3.96773,-4.00393
,track,0.000,0.000000,-0.991229,-153.5674622022,05,08,06:33:47.483,-0.00739,-0.01196,-0.72476,-0.00726,-0.01749,-1.27680,-0.00725,-0.01939,-1.47756,-0.00706,-0.01896,-1.42544,-0.00702,-0.01552,-1.10740,-1.67379,-0.00657,0.12467,10.12169,5.58667,0.16583,10.12169,10.12169,0.08232,8.62177,10.12169,8.83291,10.12169,9.83920,0.57431,3.96892,-4.00236
,track,0.000,0.000000,-0.991446,-153.5994562022,05,08,06:33:47.633,-0.00535,-0.01000,-0.66784,-0.00501,-0.01517,-1.21108,-0.00500,-0.01729,-1.38746,-0.00535,-0.01727,-1.38159,-0.00491,-0.01368,-1.06427,-1.67209,-0.00497,0.12618,10.12169,5.58634,0.16709,10.12169,10.12169,0.08377,8.64821,10.12169,8.83679,10.12169,9.74748,0.57489,3.96985,-4.00190
,track,0.000,0.000000,-0.938932,-137.0023592022,05,08,06:33:47.883,-0.00600,-0.01053,-0.67779,-0.00604,-0.01621,-1.23631,-0.00600,-0.01799,-1.42836,-0.00599,-0.01757,-1.39536,-0.00560,-0.01439,-1.08100,-1.67251,-0.00498,0.12649,10.12169,5.58079,0.16718,10.12169,10.12169,0.08393,8.64560,10.12169,8.83321,10.12169,9.76434,0.57493,3.96950,-4.00197
,track,0.000,0.000000,1.000000,-80.8297012022,05,08,06:33:48.134,-0.00563,-0.01011,-0.67047,-0.00529,-0.01550,-1.21438,-0.00571,-0.01777,-1.41156,-0.00603,-0.01791,-1.39904,-0.00617,-0.01485,-1.08444,-1.67323,-0.00613,0.12508,10.12169,5.58237,0.16666,10.12169,10.12169,0.08225,8.62366,10.12169,8.83223,10.12169,9.79029,0.57365,3.96815,-4.00341
,track,0.000,0.000000,-0.049081,-47.3317322022,05,08,06:33:48.384,-0.00569,-0.00965,-0.66731,-0.00465,-0.01468,-1.19331,-0.00447,-0.01598,-1.35568,-0.00429,-0.01639,-1.36287,-0.00492,-0.01360,-1.05497,-1.67221,-0.00488,0.12640,10.12169,5.59074,0.16814,10.12169,10.12169,0.08358,8.64712,10.12169,8.83538,10.12169,9.81013,0.57439,3.96878,-4.00276
,track,0.000,0.000000,0.332970,-34.3768112022,05,08,06:33:48.634,-0.00578,-0.00981,-0.65373,-0.00471,-0.01501,-1.20647,-0.00497,-0.01677,-1.38474,-0.00489,-0.01638,-1.37525,-0.00425,-0.01315,-1.05289,-1.67212,-0.00478,0.12638,10.12169,5.59067,0.16750,10.12169,10.12169,0.08303,8.64108,10.12169,8.83552,10.12169,9.83326,0.57417,3.96860,-4.00317
,track,0.000,0.000000,0.523508,-22.2022142022,05,08,06:33:48.883,-0.00633,-0.01090,-0.68830,-0.00622,-0.01625,-1.23163,-0.00627,-0.01822,-1.43310,-0.00606,-0.01771,-1.39851,-0.00599,-0.01459,-1.08942,-1.67253,-0.00552,0.12587,10.12169,5.58562,0.16737,10.12169,10.12169,0.08387,8.64435,10.12169,8.83665,10.12169,9.85626,0.57496,3.96951,-4.00221
,track,0.000,0.000000,-0.496574,-4.6965572022,05,08,06:33:49.133,-0.00588,-0.01060,-0.68469,-0.00588,-0.01582,-1.21520,-0.00620,-0.01817,-1.41942,-0.00589,-0.01759,-1.40165,-0.00571,-0.01429,-1.08353,-1.67261,-0.00538,0.12606,10.12169,5.59006,0.16831,10.12169,10.12169,0.08405,8.65137,10.12169,8.83697,10.12169,9.87586,0.57544,3.96949,-4.00235
,track,0.000,0.000000,0.785669,1.1732442022,05,08,06:33:49.384,-0.00646,-0.01081,-0.67189,-0.00650,-0.01641,-1.23133,-0.00646,-0.01860,-1.44862,-0.00631,-0.01810,-1.41445,-0.00646,-0.01506,-1.09831,-1.67319,-0.00600,0.12527,10.12169,5.58706,0.16684,10.12169,10.12169,0.08239,8.62820,10.12169,8.83539,10.12169,9.89074,0.57432,3.96877,-4.00291
,track,0.000,0.000000,-1.000000,4.3139192022,05,08,06:33:49.634,-0.00608,-0.01076,-0.69547,-0.00608,-0.01608,-1.21994,-0.00628,-0.01856,-1.44025,-0.00636,-0.01823,-1.41314,-0.00639,-0.01519,-1.09766,-1.67335,-0.00615,0.12524,10.12169,5.59075,0.16704,10.12169,10.12169,0.08312,8.63578,10.12169,8.83744,10.12169,9.90002,0.57485,3.96931,-4.00247
,track,0.000,0.000000,0.223301,-9.2465552022,05,08,06:33:49.884,-0.00654,-0.01120,-0.70880,-0.00651,-0.01636,-1.22753,-0.00627,-0.01834,-1.43994,-0.00627,-0.01802,-1.40496,-0.00622,-0.01496,-1.09081,-1.67304,-0.00593,0.12538,10.12169,5.58318,0.16694,10.12169,10.12169,0.08221,8.62974,10.12169,8.83706,10.12169,9.91454,0.57364,3.96808,-4.00366
,track,0.000,0.000000,-1.000000,-1.6138622022,05,08,06:33:50.133,-0.00618,-0.01069,-0.68288,-0.00625,-0.01617,-1.22008,-0.00640,-0.01857,-1.43949,-0.00651,-0.01825,-1.41756,-0.00647,-0.01513,-1.09562,-1.67328,-0.00622,0.12512,10.12169,5.58796,0.16676,10.12169,10.12169,0.08236,8.62912,10.12169,8.83740,10.12169,9.92411,0.57379,3.96853,-4.00285
,track,0.000,0.000000,1.000000,-9.8193112022,05,08,06:33:50.383,-0.00673,-0.01137,-0.70797,-0.00671,-0.01673,-1.23416,-0.00662,-0.01870,-1.45072,-0.00664,-0.01839,-1.41809,-0.00652,-0.01518,-1.09434,-1.67333,-0.00620,0.12506,10.12169,5.58794,0.16667,10.12169,10.12169,0.08215,8.62490,10.12169,8.83548,10.12169,9.93456,0.57336,3.96766,-4.00382
,track,0.000,0.000000,-1.000000,3.8953912022,05,08,06:33:50.633,-0.00641,-0.01092,-0.68880,-0.00629,-0.01631,-1.22399,-0.00660,-0.01880,-1.44394,-0.00675,-0.01883,-1.42510,-0.00673,-0.01540,-1.10529,-1.67367,-0.00647,0.12484,10.12169,5.58360,0.16642,10.12169,10.12169,0.08227,8.62388,10.12169,8.83534,10.12169,9.94584,0.57349,3.96781,-4.00368
,track,0.000,0.000000,0.956215,5.4838632022,05,08,06:33:50.884,-0.00697,-0.01128,-0.70195,-0.00669,-0.01660,-1.23343,-0.00666,-0.01882,-1.46141,-0.00660,-0.01852,-1.42001,-0.00653,-0.01520,-1.09623,-1.67350,-0.00632,0.12501,10.12169,5.59017,0.16644,10.12169,10.12169,0.08196,8.62061,10.12169,8.83348,10.12169,9.95336,0.57340,3.96787,-4.00388
,track,0.000,0.000000,-1.000000,10.4809452022,05,08,06:33:51.134,-0.00586,-0.01033,-0.67333,-0.00578,-0.01586,-1.20992,-0.00638,-0.01837,-1.43044,-0.00620,-0.01804,-1.41695,-0.00620,-0.01493,-1.08878,-1.67321,-0.00613,0.12535,10.12169,5.58998,0.16731,10.12169,10.12169,0.08279,8.63079,10.12169,8.83296,10.12169,9.96563,0.57393,3.96838,-4.00338
,track,0.000,0.000000,0.569277,15.6885932022,05,08,06:33:51.384,-0.00535,-0.01003,-0.65849,-0.00548,-0.01541,-1.20658,-0.00570,-0.01765,-1.40525,-0.00577,-0.01728,-1.37626,-0.00563,-0.01432,-1.08113,-1.67261,-0.00531,0.12598,10.12169,5.60498,0.16776,10.12169,10.12169,0.08322,8.63963,10.12169,8.83485,10.12169,9.96629,0.57450,3.96903,-4.00262
,track,0.000,0.000000,0.088593,16.8049982022,05,08,06:33:51.633,-0.00483,-0.00911,-0.62853,-0.00470,-0.01455,-1.18173,-0.00461,-0.01644,-1.36292,-0.00450,-0.01612,-1.35289,-0.00447,-0.01322,-1.05194,-1.67178,-0.00443,0.12682,10.12169,5.59064,0.16858,10.12169,10.12169,0.08409,8.65630,10.12169,8.83741,10.12169,9.98020,0.57521,3.96976,-4.00180
,track,0.000,0.000000,-0.444427,16.3284622022,05,08,06:33:51.883,-0.00462,-0.00909,-0.63490,-0.00455,-0.01440,-1.17292,-0.00424,-0.01599,-1.35078,-0.00420,-0.01577,-1.34228,-0.00413,-0.01305,-1.05155,-1.67154,-0.00419,0.12709,10.12169,5.59230,0.16863,10.12169,10.12169,0.08408,8.65741,10.12169,8.83762,10.12169,9.98407,0.57518,3.96973,-4.00190
,track,0.000,0.000000,0.702898,1.4977872022,05,08,06:33:52.134,-0.00448,-0.00903,-0.64051,-0.00440,-0.01426,-1.16649,-0.00447,-0.01613,-1.34495,-0.00444,-0.01612,-1.34530,-0.00428,-0.01300,-1.04427,-1.67156,-0.00415,0.12715,10.12169,5.58630,0.16893,10.12169,10.12169,0.08460,8.66410,10.12169,8.83994,10.12169,9.99674,0.57548,3.97007,-4.00161
,track,0.000,0.000000,-0.507372,10.3472492022,05,08,06:33:52.384,-0.00459,-0.00915,-0.64020,-0.00461,-0.01456,-1.18062,-0.00446,-0.01612,-1.35446,-0.00437,-0.01582,-1.33829,-0.00429,-0.01291,-1.04159,-1.67151,-0.00408,0.12730,10.12169,5.59157,0.16916,10.12169,10.12169,0.08461,8.66304,10.12169,8.83743,10.12169,10.00154,0.57527,3.96990,-4.00172
,track,0.000,0.000000,0.760151,-3.5705292022,05,08,06:33:52.634,-0.00436,-0.00882,-0.62638,-0.00433,-0.01430,-1.16577,-0.00451,-0.01620,-1.35527,-0.00459,-0.01640,-1.37696,-0.00445,-0.01310,-1.04801,-1.67166,-0.00425,0.12713,10.12169,5.58125,0.16898,10.12169,10.12169,0.08462,8.66228,10.12169,8.83792,10.12169,10.00631,0.57557,3.97022,-4.00136
,track,0.000,0.000000,-0.293714,3.5923582022,05,08,06:33:52.883,-0.00454,-0.00895,-0.63454,-0.00443,-0.01422,-1.16970,-0.00432,-0.01599,-1.34738,-0.00426,-0.01634,-1.37993,-0.00420,-0.01281,-1.03978,-1.67146,-0.00392,0.12736,10.12169,5.58983,0.16889,10.12169,10.12169,0.08453,8.66427,10.12169,8.83909,10.12169,10.00956,0.57544,3.96992,-4.00165
,track,0.000,0.000000,0.571359,-7.2174742022,05,08,06:33:53.133,-0.00442,-0.00876,-0.62161,-0.00429,-0.01416,-1.16693,-0.00438,-0.01614,-1.35099,-0.00439,-0.01632,-1.37144,-0.00435,-0.01294,-1.03734,-1.67160,-0.00422,0.12709,10.12169,5.59038,0.16885,10.12169,10.12169,0.08456,8.66189,10.12169,8.83798,10.12169,10.01348,0.57568,3.97027,-4.00138
,track,0.000,0.000000,-0.188891,7.6378442022,05,08,06:33:53.383,-0.00420,-0.00886,-0.63713,-0.00411,-0.01408,-1.16540,-0.00415,-0.01577,-1.33824,-0.00415,-0.01607,-1.36945,-0.00414,-0.01279,-1.04498,-1.67138,-0.00407,0.12741,10.12169,5.59051,0.16904,10.12169,10.12169,0.08453,8.66402,10.12169,8.83843,10.12169,10.01184,0.57556,3.97018,-4.00150
,track,0.000,0.000000,0.324952,-10.6075042022,05,08,06:33:53.634,-0.00406,-0.00858,-0.61178,-0.00411,-0.01405,-1.16481,-0.00430,-0.01597,-1.34413,-0.00424,-0.01617,-1.37107,-0.00421,-0.01282,-1.03493,-1.67156,-0.00418,0.12721,10.12169,5.58870,0.16896,10.12169,10.12169,0.08457,8.66389,10.12169,8.83992,10.12169,10.01708,0.57560,3.97024,-4.00145
,track,0.000,0.000000,-0.076714,-10.0631022022,05,08,06:33:53.884,-0.00437,-0.00884,-0.63121,-0.00430,-0.01417,-1.16202,-0.00422,-0.01600,-1.34407,-0.00419,-0.01615,-1.37222,-0.00423,-0.01293,-1.04652,-1.67149,-0.00411,0.12714,10.12169,5.58876,0.16892,10.12169,10.12169,0.08439,8.66018,10.12169,8.83666,10.12169,10.01863,0.57539,3.97010,-4.00159
,track,0.000,0.000000,-0.170277,5.1239102022,05,08,06:33:54.134,-0.00415,-0.00851,-0.62056,-0.00410,-0.01403,-1.16426,-0.00423,-0.01591,-1.33517,-0.00420,-0.01612,-1.36994,-0.00423,-0.01285,-1.04277,-1.67147,-0.00412,0.12720,10.12169,5.59124,0.16906,10.12169,10.12169,0.08468,8.66430,10.12169,8.83876,10.12169,10.01506,0.57568,3.97028,-4.00137
,track,0.000,0.000000,0.119225,2.5350302022,05,08,06:33:54.383,-0.00418,-0.00871,-0.62333,-0.00422,-0.01405,-1.16380,-0.00416,-0.01571,-1.33566,-0.00406,-0.01600,-1.36490,-0.00402,-0.01279,-1.04124,-1.67133,-0.00395,0.12741,10.12169,5.58926,0.16909,10.12169,10.12169,0.08453,8.66288,10.12169,8.83740,10.12169,10.01691,0.57552,3.97016,-4.00151
,track,0.000,0.000000,-0.074847,-9.6194832022,05,08,06:33:54.633,-0.00394,-0.00836,-0.61582,-0.00394,-0.01377,-1.15103,-0.00393,-0.01550,-1.32136,-0.00408,-0.01600,-1.36703,-0.00396,-0.01274,-1.03663,-1.67137,-0.00398,0.12735,10.12169,5.58812,0.16912,10.12169,10.12169,0.08478,8.66818,10.12169,8.84148,10.12169,10.01631,0.57567,3.97041,-4.00123
,track,0.000,0.000000,-0.372081,2.4377352022,05,08,06:33:54.883,-0.00388,-0.00844,-0.61991,-0.00390,-0.01382,-1.15576,-0.00387,-0.01547,-1.32534,-0.00394,-0.01585,-1.36418,-0.00384,-0.01253,-1.03361,-1.67128,-0.00375,0.12755,10.12169,5.60946,0.16925,10.12169,10.12169,0.08470,8.66518,10.12169,8.83756,10.12169,10.01722,0.57563,3.97031,-4.00139
,track,0.000,0.000000,0.241714,-8.4709072022,05,08,06:33:55.134,-0.00403,-0.00843,-0.61385,-0.00394,-0.01393,-1.16021,-0.00410,-0.01579,-1.33250,-0.00415,-0.01619,-1.37010,-0.00411,-0.01284,-1.03890,-1.67156,-0.00408,0.12729,10.12169,5.60844,0.16901,10.12169,10.12169,0.08476,8.66654,10.12169,8.83986,10.12169,10.01500,0.57576,3.97025,-4.00135
,track,0.000,0.000000,-0.051861,4.7562672022,05,08,06:33:55.384,-0.00435,-0.00878,-0.63128,-0.00419,-0.01414,-1.16382,-0.00413,-0.01567,-1.33460,-0.00403,-0.01607,-1.37325,-0.00402,-0.01263,-1.03278,-1.67143,-0.00398,0.12749,10.12169,5.60750,0.16902,10.12169,10.12169,0.08461,8.66555,10.12169,8.84000,10.12169,10.01763,0.57556,3.97018,-4.00159
,track,0.000,0.000000,-0.054454,6.0665722022,05,08,06:33:55.634,-0.00409,-0.00865,-0.62876,-0.00407,-0.01392,-1.15952,-0.00424,-0.01582,-1.33972,-0.00415,-0.01612,-1.37102,-0.00419,-0.01285,-1.04423,-1.67143,-0.00412,0.12725,10.12169,5.60847,0.16908,10.12169,10.12169,0.08465,8.66617,10.12169,8.83990,10.12169,10.01927,0.57567,3.97031,-4.00152
,track,0.000,0.000000,-0.058904,0.1909822022,05,08,06:33:55.883,-0.00423,-0.00901,-0.64753,-0.00417,-0.01400,-1.15826,-0.00428,-0.01576,-1.33715,-0.00411,-0.01606,-1.37253,-0.00412,-0.01286,-1.04658,-1.67143,-0.00404,0.12727,10.12169,5.60678,0.16903,10.12169,10.12169,0.08450,8.66363,10.12169,8.83840,10.12169,10.01976,0.57550,3.97017,-4.00151
,track,0.000,0.000000,-0.034010,-3.7874832022,05,08,06:33:56.133,-0.00406,-0.00850,-0.61860,-0.00406,-0.01389,-1.15779,-0.00409,-0.01585,-1.33548,-0.00414,-0.01616,-1.37476,-0.00422,-0.01284,-1.04338,-1.67145,-0.00396,0.12735,10.12169,5.60996,0.16913,10.12169,10.12169,0.08469,8.66593,10.12169,8.83953,10.12169,10.02112,0.57570,3.97033,-4.00135
,track,0.000,0.000000,-0.100972,-27.6632042022,05,08,06:33:56.384,-0.00396,-0.00792,-0.56025,-0.00395,-0.01374,-1.14847,-0.00392,-0.01554,-1.32891,-0.00387,-0.01588,-1.36701,-0.00385,-0.01265,-1.03966,-1.67121,-0.00374,0.12757,10.12169,5.60936,0.16932,10.12169,10.12169,0.08473,8.66886,10.12169,8.84025,10.12169,10.01497,0.57573,3.97040,-4.00132
,track,0.000,0.000000,0.020398,-10.1106672022,05,08,06:33:56.634,-0.00384,-0.00776,-0.56376,-0.00390,-0.01370,-1.15290,-0.00390,-0.01548,-1.32498,-0.00389,-0.01587,-1.36214,-0.00385,-0.01274,-1.04851,-1.67124,-0.00383,0.12753,10.12169,5.61013,0.16933,10.12169,10.12169,0.08489,8.66965,10.12169,8.84023,10.12169,10.01810,0.57585,3.97049,-4.00119
,track,0.000,0.000000,0.004548,-3.7957692022,05,08,06:33:56.884,-0.00369,-0.00791,-0.58500,-0.00377,-0.01356,-1.14703,-0.00364,-0.01513,-1.30822,-0.00363,-0.01557,-1.35611,-0.00358,-0.01238,-1.03511,-1.67103,-0.00355,0.12779,10.12169,5.61188,0.16887,10.12169,10.12169,0.08511,8.67542,10.12169,8.84257,10.12169,10.01847,0.57598,3.97076,-4.00098
,track,0.000,0.000000,-0.021762,-3.7526052022,05,08,06:33:57.133,-0.00337,-0.00746,-0.56176,-0.00334,-0.01316,-1.13143,-0.00337,-0.01490,-1.30054,-0.00347,-0.01543,-1.34988,-0.00342,-0.01219,-1.02964,-1.67093,-0.00346,0.12794,10.12169,5.60957,0.16890,10.12169,10.12169,0.08526,8.67757,10.12169,8.84177,10.12169,10.02123,0.57618,3.97077,-4.00088
,track,0.000,0.000000,-0.006842,4.1295792022,05,08,06:33:57.383,-0.00349,-0.00791,-0.60503,-0.00346,-0.01336,-1.14292,-0.00347,-0.01495,-1.30831,-0.00342,-0.01512,-1.32438,-0.00339,-0.01215,-1.02951,-1.67090,-0.00342,0.12797,10.12169,5.61059,0.16865,10.12169,10.12169,0.08518,8.67712,10.12169,8.84313,10.12169,10.02047,0.57606,3.97073,-4.00095
,track,0.000,0.000000,0.011915,-4.8842002022,05,08,06:33:57.633,-0.00352,-0.00799,-0.60903,-0.00343,-0.01322,-1.13117,-0.00359,-0.01517,-1.31360,-0.00354,-0.01526,-1.32240,-0.00357,-0.01234,-1.03109,-1.67108,-0.00352,0.12785,10.12169,5.61003,0.16864,10.12169,10.12169,0.08517,8.67480,10.12169,8.84011,10.12169,10.01754,0.57611,3.97075,-4.00095
,track,0.000,0.000000,0.005372,1.4114492022,05,08,06:33:57.884,-0.00367,-0.00822,-0.62939,-0.00352,-0.01353,-1.14941,-0.00356,-0.01504,-1.30827,-0.00353,-0.01510,-1.31917,-0.00345,-0.01217,-1.03110,-1.67093,-0.00357,0.12792,10.12169,5.60961,0.16860,10.12169,10.12169,0.08509,8.67719,10.12169,8.84386,10.12169,10.01167,0.57592,3.97062,-4.00110
,track,0.000,0.000000,0.008054,-1.9085102022,05,08,06:33:58.134,-0.00356,-0.00816,-0.60868,-0.00363,-0.01344,-1.14401,-0.00382,-0.01530,-1.31552,-0.00369,-0.01543,-1.32888,-0.00376,-0.01255,-1.04405,-1.67113,-0.00376,0.12754,10.12169,5.61241,0.16844,10.12169,10.12169,0.08499,8.67409,10.12169,8.84323,10.12169,10.01758,0.57587,3.97048,-4.00121
,track,0.000,0.000000,-0.008118,-2.4269372022,05,08,06:33:58.384,-0.00434,-0.00896,-0.63854,-0.00430,-0.01418,-1.16811,-0.00428,-0.01598,-1.34545,-0.00422,-0.01596,-1.34799,-0.00424,-0.01301,-1.05403,-1.67149,-0.00414,0.12715,10.12169,5.61201,0.16792,10.12169,10.12169,0.08430,8.66349,10.12169,8.84156,10.12169,10.02343,0.57524,3.96987,-4.00184
,track,0.000,0.000000,0.033304,-1.7137232022,05,08,06:33:58.634,-0.00456,-0.00907,-0.63410,-0.00453,-0.01443,-1.17171,-0.00466,-0.01655,-1.36607,-0.00465,-0.01636,-1.35360,-0.00477,-0.01341,-1.06086,-1.67187,-0.00453,0.12671,10.12169,5.63754,0.16763,10.12169,10.12169,0.08417,8.66069,10.12169,8.84266,10.12169,10.01617,0.57520,3.96981,-4.00185
,track,0.000,0.000000,0.011939,-3.9290332022,05,08,06:33:58.883,-0.00503,-0.00962,-0.65936,-0.00508,-0.01498,-1.19072,-0.00497,-0.01671,-1.37384,-0.00491,-0.01665,-1.36117,-0.00489,-0.01368,-1.05837,-1.67212,-0.00480,0.12654,10.12169,5.63721,0.16727,10.12169,10.12169,0.08356,8.65244,10.12169,8.84106,10.12169,10.01742,0.57464,3.96930,-4.00242
,track,0.000,0.000000,-0.026720,-4.9858202022,05,08,06:33:59.133,-0.00521,-0.00972,-0.65407,-0.00528,-0.01511,-1.19195,-0.00538,-0.01725,-1.38976,-0.00539,-0.01702,-1.36911,-0.00537,-0.01392,-1.06165,-1.67240,-0.00519,0.12621,10.12169,5.63857,0.16701,10.12169,10.12169,0.08359,8.65115,10.12169,8.84289,10.12169,10.01756,0.57461,3.96927,-4.00245
,track,0.000,0.000000,0.009720,-10.6017322022,05,08,06:33:59.384,-0.00586,-0.01039,-0.67555,-0.00581,-0.01583,-1.20991,-0.00573,-0.01769,-1.40829,-0.00581,-0.01733,-1.37891,-0.00563,-0.01423,-1.07276,-1.67257,-0.00539,0.12594,10.12169,5.63685,0.16666,10.12169,10.12169,0.08314,8.64339,10.12169,8.84054,10.12169,10.01935,0.57425,3.96888,-4.00284
,track,0.000,0.000000,-0.028186,-1.6848332022,05,08,06:33:59.634,-0.00573,-0.01031,-0.67470,-0.00574,-0.01577,-1.20923,-0.00594,-0.01794,-1.41692,-0.00605,-0.01777,-1.38884,-0.00601,-0.01472,-1.08279,-1.67309,-0.00591,0.12545,10.12169,5.63699,0.16616,10.12169,10.12169,0.08265,8.63838,10.12169,8.84261,10.12169,10.01811,0.57365,3.96812,-4.00349
,track,0.000,0.000000,-0.012892,-14.5522992022,05,08,06:33:59.884,-0.00944,-0.01395,-0.77441,-0.00917,-0.01926,-1.31745,-0.00888,-0.02135,-1.55134,-0.00871,-0.02055,-1.46328,-0.00852,-0.01697,-1.13658,-1.67469,-0.00759,0.12396,10.12169,5.63603,0.16496,10.12169,10.12169,0.08195,8.61731,10.12169,8.83984,10.12169,10.01472,0.57406,3.96888,-4.00277
,track,0.000,0.000000,-0.227413,-252.2636892022,05,08,06:34:00.133,-0.00668,-0.01145,-0.72534,-0.00625,-0.01611,-1.22367,-0.00651,-0.01869,-1.45093,-0.00653,-0.01827,-1.40638,-0.00627,-0.01484,-1.09436,-1.67305,-0.00603,0.12545,10.12169,5.63662,0.16614,10.12169,10.12169,0.08259,8.63601,10.12169,8.84019,10.12169,10.01684,0.57394,3.96848,-4.00335
,track,0.000,0.000000,0.258387,-300.0000002022,05,08,06:34:00.383,-0.00669,-0.01139,-0.69780,-0.00676,-0.01672,-1.24054,-0.00677,-0.01878,-1.45268,-0.00659,-0.01822,-1.40466,-0.00649,-0.01505,-1.09356,-1.67315,-0.00609,0.12533,10.12169,5.61342,0.16604,10.12169,10.12169,0.08251,8.63467,10.12169,8.84165,10.12169,10.01874,0.57354,3.96808,-4.00366
,track,0.000,0.000000,-0.078704,-266.6634112022,05,08,06:34:00.634,-0.00699,-0.01176,-0.72573,-0.00698,-0.01695,-1.24442,-0.00711,-0.01947,-1.46875,-0.00721,-0.01899,-1.42544,-0.00719,-0.01563,-1.09763,-1.67365,-0.00660,0.12457,10.12169,5.61189,0.16549,10.12169,10.12169,0.08196,8.62430,10.12169,8.83960,10.12169,10.01964,0.57327,3.96780,-4.00387
,track,0.000,0.000000,0.017981,-185.4238772022,05,08,06:34:00.884,-0.00769,-0.01245,-0.74594,-0.00773,-0.01761,-1.26535,-0.00751,-0.01986,-1.49280,-0.00744,-0.01912,-1.43046,-0.00746,-0.01597,-1.11422,-1.67386,-0.00685,0.12441,10.12169,5.61374,0.16512,10.12169,10.12169,0.08135,8.61834,10.12169,8.84029,10.12169,10.01209,0.57286,3.96737,-4.00435
,track,0.000,0.000000,0.087432,-104.6049632022,05,08,06:34:01.134,-0.00774,-0.01256,-0.75119,-0.00778,-0.01766,-1.26687,-0.00792,-0.02020,-1.49828,-0.00785,-0.01958,-1.44177,-0.00780,-0.01644,-1.11698,-1.67428,-0.00735,0.12400,10.12169,5.61370,0.16492,10.12169,10.12169,0.08120,8.61552,10.12169,8.84058,10.12169,10.01304,0.57282,3.96730,-4.00448
,track,0.000,0.000000,0.051123,-38.6393402022,05,08,06:34:01.383,-0.00836,-0.01306,-0.75592,-0.00844,-0.01845,-1.28736,-0.00818,-0.02052,-1.51803,-0.00817,-0.01971,-1.44384,-0.00803,-0.01659,-1.13119,-1.67439,-0.00747,0.12396,10.12169,5.61325,0.16455,10.12169,10.12169,0.08091,8.60973,10.12169,8.84006,10.12169,10.01779,0.57220,3.96687,-4.00483
,track,0.000,0.000000,-0.003870,-28.1139012022,05,08,06:34:01.633,-0.00778,-0.01222,-0.73150,-0.00746,-0.01747,-1.26774,-0.00719,-0.01930,-1.47129,-0.00706,-0.01841,-1.42011,-0.00626,-0.01463,-1.09486,-1.67246,-0.00523,0.12629,10.12169,5.61392,0.16779,10.12169,10.12169,0.08512,8.66623,10.12169,8.84505,10.12169,10.01949,0.57639,3.97113,-4.00059
,track,0.000,0.000000,0.034652,84.5068742022,05,08,06:34:01.883,-0.00337,-0.00766,-0.59505,-0.00342,-0.01326,-1.13728,-0.00348,-0.01509,-1.30526,-0.00390,-0.01579,-1.33269,-0.00399,-0.01280,-1.04023,-1.67152,-0.00400,0.12746,10.12169,5.61615,0.16843,10.12169,10.12169,0.08523,8.67573,10.12169,8.84405,10.12169,10.01868,0.57558,3.97019,-4.00143
,track,0.000,0.000000,0.091645,300.0000002022,05,08,06:34:02.134,-0.00277,-0.00735,-0.59102,-0.00286,-0.01273,-1.11815,-0.00312,-0.01463,-1.28580,-0.00356,-0.01542,-1.32414,-0.00355,-0.01241,-1.03546,-1.67133,-0.00385,0.12754,10.12169,5.59398,0.16855,10.12169,10.12169,0.08486,8.67518,10.12169,8.84498,10.12169,10.01599,0.57565,3.97023,-4.00144
,track,0.000,0.000000,0.032585,300.0000002022,05,08,06:34:02.384,-0.00374,-0.00831,-0.61537,-0.00391,-0.01387,-1.15011,-0.00417,-0.01573,-1.32527,-0.00416,-0.01580,-1.33953,-0.00405,-0.01284,-1.04321,-1.67135,-0.00394,0.12752,10.12169,5.59666,0.16813,10.12169,10.12169,0.08457,8.66854,10.12169,8.84342,10.12169,10.01847,0.57518,3.96976,-4.00202
,track,0.000,0.000000,0.062892,280.2137762022,05,08,06:34:02.634,-0.00566,-0.01026,-0.67175,-0.00539,-0.01523,-1.19633,-0.00553,-0.01728,-1.39095,-0.00533,-0.01714,-1.37772,-0.00564,-0.01446,-1.08071,-1.67267,-0.00548,0.12618,10.12169,5.59354,0.16722,10.12169,10.12169,0.08364,8.65325,10.12169,8.84472,10.12169,10.01586,0.57497,3.96968,-4.00215
,track,0.000,0.000000,0.159560,206.4026682022,05,08,06:34:02.883,-0.00491,-0.00946,-0.65016,-0.00489,-0.01478,-1.17662,-0.00500,-0.01684,-1.37315,-0.00493,-0.01662,-1.36652,-0.00506,-0.01367,-1.06388,-1.67213,-0.00485,0.12650,10.12169,5.59478,0.16744,10.12169,10.12169,0.08386,8.65744,10.12169,8.84452,10.12169,10.02096,0.57485,3.96947,-4.00231
,track,0.000,0.000000,-0.462079,119.6310042022,05,08,06:34:03.133,-0.00563,-0.01042,-0.68532,-0.00578,-0.01564,-1.20939,-0.00583,-0.01788,-1.40621,-0.00593,-0.01773,-1.38854,-0.00601,-0.01450,-1.08131,-1.67274,-0.00563,0.12568,10.12169,5.59606,0.16659,10.12169,10.12169,0.08306,8.64814,10.12169,8.84769,10.12169,10.01299,0.57431,3.96890,-4.00279
,track,0.000,0.000000,0.258272,58.9122602022,05,08,06:34:03.383,-0.00637,-0.01104,-0.70555,-0.00637,-0.01621,-1.22052,-0.00609,-0.01808,-1.42601,-0.00604,-0.01764,-1.39218,-0.00601,-0.01471,-1.08573,-1.67283,-0.00573,0.12573,10.12169,5.59476,0.16643,10.12169,10.12169,0.08280,8.64715,10.12169,8.84894,10.12169,10.01699,0.57393,3.96853,-4.00318
,track,0.000,0.000000,-0.124609,37.7208392022,05,08,06:34:03.634,-0.00593,-0.01065,-0.69649,-0.00602,-0.01592,-1.21222,-0.00615,-0.01822,-1.42202,-0.00624,-0.01793,-1.39646,-0.00610,-0.01483,-1.08713,-1.67291,-0.00576,0.12571,10.12169,5.59721,0.16666,10.12169,10.12169,0.08331,8.64995,10.12169,8.84839,10.12169,10.01787,0.57423,3.96888,-4.00280
,track,0.000,0.000000,0.049835,6.3212362022,05,08,06:34:03.885,-0.00608,-0.01070,-0.69366,-0.00611,-0.01603,-1.21583,-0.00589,-0.01768,-1.40799,-0.00589,-0.01768,-1.39182,-0.00585,-0.01456,-1.08615,-1.67277,-0.00562,0.12581,10.12169,5.59586,0.16641,10.12169,10.12169,0.08305,8.64580,10.12169,8.84618,10.12169,10.01471,0.57413,3.96877,-4.00288
,track,0.000,0.000000,0.247595,-2.6645852022,05,08,06:34:04.134,-0.00552,-0.01029,-0.68692,-0.00547,-0.01547,-1.20171,-0.00557,-0.01744,-1.39994,-0.00555,-0.01715,-1.37600,-0.00558,-0.01423,-1.07491,-1.67267,-0.00536,0.12606,10.12169,5.59459,0.16689,10.12169,10.12169,0.08352,8.65567,10.12169,8.84894,10.12169,10.01644,0.57462,3.96914,-4.00260
,track,0.000,0.000000,-0.142409,14.2718852022,05,08,06:34:04.383,-0.00554,-0.01002,-0.66680,-0.00539,-0.01527,-1.19942,-0.00534,-0.01707,-1.38377,-0.00522,-0.01704,-1.37615,-0.00513,-0.01417,-1.10457,-1.67227,-0.00495,0.12659,10.12169,5.59734,0.16721,10.12169,10.12169,0.08378,8.66013,10.12169,8.84870,10.12169,10.01874,0.57486,3.96942,-4.00240
,track,0.000,0.000000,0.240145,11.6230872022,05,08,06:34:04.633,-0.00501,-0.00954,-0.65760,-0.00490,-0.01479,-1.18228,-0.00507,-0.01681,-1.36932,-0.00507,-0.01666,-1.36292,-0.00497,-0.01412,-1.10461,-1.67214,-0.00491,0.12661,10.12169,5.59756,0.16742,10.12169,10.12169,0.08399,8.66361,10.12169,8.84957,10.12169,10.01715,0.57500,3.96960,-4.00231
,track,0.000,0.000000,-0.034122,-5.2032162022,05,08,06:34:04.884,-0.00512,-0.00971,-0.65562,-0.00497,-0.01486,-1.18798,-0.00486,-0.01652,-1.36479,-0.00472,-0.01644,-1.36349,-0.00469,-0.01395,-1.10594,-1.67202,-0.00472,0.12669,10.12169,5.59612,0.16744,10.12169,10.12169,0.08382,8.66281,10.12169,8.84940,10.12169,10.01976,0.57476,3.96949,-4.00236
,track,0.000,0.000000,-0.341059,4.6459632022,05,08,06:34:05.134,-0.00490,-0.00972,-0.66727,-0.00495,-0.01491,-1.18671,-0.00514,-0.01699,-1.37247,-0.00504,-0.01663,-1.36388,-0.00492,-0.01408,-1.11326,-1.67198,-0.00472,0.12666,10.12169,5.59503,0.16754,10.12169,10.12169,0.08399,8.66715,10.12169,8.85203,10.12169,10.02089,0.57494,3.96956,-4.00220
,track,0.000,0.000000,0.199259,2.6376902022,05,08,06:34:05.384,-0.00500,-0.00961,-0.65852,-0.00498,-0.01492,-1.18630,-0.00495,-0.01673,-1.37105,-0.00489,-0.01660,-1.36376,-0.00488,-0.01400,-1.10628,-1.67198,-0.00474,0.12671,10.12169,5.59667,0.16737,10.12169,10.12169,0.08387,8.66269,10.12169,8.84948,10.12169,10.02128,0.57486,3.96953,-4.00228
,track,0.000,0.000000,-0.064156,-5.690142