%Mission: 
%Operator: 
%Time: 2022,05,08,06:20:11.636
%File: C:\Users\pop\Documents\5STARG_Data\5STARG_20220508_062011_RADIOMETERS.dat
%Notes: 
YYYY,MM,DD,hh:mm:ss,CH1_0,CH1_2,CH1_4,CH2_0,CH2_2,CH2_4,CH3_0,CH3_2,CH3_4,CH4_0,CH4_2,CH4_4,CH5_0,CH5_2,CH5_4,Here,CH6_0,CH6_2,CH6_4,CH7_0,CH7_2,CH7_4,CH8_0,CH8_2,CH8_4,CH9_0,CH9_2,CH9_4,SPARE,5vRef_Temp,12POS_0_33,12NEG_0_33
2022,05,08,06:20:11.884,-0.00388,-0.00894,-0.66298,-0.00378,-0.01361,-1.14732,-0.00385,-0.01387,-1.17012,-0.00381,-0.01557,-1.33879,-0.00378,-0.01125,-0.91399,-1.67101,-0.00383,0.12035,10.12169,5.20963,0.15835,10.12169,10.12169,0.07977,8.15730,10.12169,8.33035,10.12169,9.88462,0.57907,3.96949,-4.00053
0.000,0.000000,1.000000,-300.0000002022,05,08,06:20:16.683,-0.00401,-0.00855,-0.63229,-0.00392,-0.01341,-1.12110,-0.00385,-0.01414,-1.20061,-0.00379,-0.01521,-1.29737,-0.00398,-0.01166,-0.91600,-1.67140,-0.00403,0.12016,10.12169,5.23623,0.15795,10.12169,10.12169,0.07939,8.15454,10.12169,8.33169,10.12169,9.89485,0.57838,3.96890,-4.00109
0.000,0.000000,0.963690,-292.0129922022,05,08,06:20:16.884,-0.00459,-0.00930,-0.66918,-0.00437,-0.01377,-1.12756,-0.00408,-0.01466,-1.21701,-0.00380,-0.01497,-1.30489,-0.00342,-0.01106,-0.91412,-1.67134,-0.00404,0.12032,10.12169,5.23537,0.15810,10.12169,10.12169,0.07934,8.15646,10.12169,8.33328,10.12169,9.78008,0.57861,3.96913,-4.00097
0.000,0.000000,0.592351,-258.3959032022,05,08,06:20:17.134,-0.00524,-0.01018,-0.69936,-0.00525,-0.01480,-1.16558,-0.00513,-0.01558,-1.25669,-0.00495,-0.01614,-1.32143,-0.00489,-0.01239,-0.95026,-1.67131,-0.00402,0.12029,10.12169,5.23375,0.15813,10.12169,10.12169,0.07975,8.15993,10.12169,8.33475,10.12169,9.80892,0.57821,3.96902,-4.00094
0.000,0.000000,-0.744402,-133.2602232022,05,08,06:20:17.384,-0.00478,-0.00974,-0.68937,-0.00462,-0.01445,-1.17157,-0.00458,-0.01523,-1.25075,-0.00474,-0.01602,-1.31734,-0.00479,-0.01241,-0.94704,-1.67194,-0.00481,0.11942,10.12169,5.23618,0.15728,10.12169,10.12169,0.07845,8.14229,10.12169,8.33350,10.12169,9.82707,0.57771,3.96844,-4.00164
0.000,0.000000,0.858036,-124.4581312022,05,08,06:20:17.633,-0.00343,-0.00833,-0.64495,-0.00359,-0.01342,-1.12857,-0.00398,-0.01433,-1.19880,-0.00393,-0.01518,-1.29533,-0.00405,-0.01177,-0.92997,-1.67130,-0.00403,0.12019,10.12169,5.23302,0.15798,10.12169,10.12169,0.07952,8.15922,10.12169,8.33537,10.12169,9.85222,0.57834,3.96891,-4.00135
0.000,0.000000,-0.234021,-92.8219322022,05,08,06:20:17.883,-0.00424,-0.00920,-0.67864,-0.00401,-0.01362,-1.13435,-0.00400,-0.01437,-1.21174,-0.00415,-0.01566,-1.30733,-0.00393,-0.01152,-0.92908,-1.67151,-0.00443,0.11988,10.12169,5.22420,0.15734,10.12169,10.12169,0.07905,8.15048,10.12169,8.33493,10.12169,9.86674,0.57814,3.96879,-4.00123
0.000,0.000000,-0.652062,-81.7744882022,05,08,06:20:18.133,-0.00511,-0.00999,-0.69583,-0.00509,-0.01499,-1.18257,-0.00518,-0.01597,-1.27193,-0.00521,-0.01667,-1.33707,-0.00521,-0.01268,-0.95159,-1.67213,-0.00506,0.11932,10.12169,5.22450,0.15740,10.12169,10.12169,0.07893,8.14798,10.12169,8.33527,10.12169,9.89051,0.57823,3.96876,-4.00169
0.000,0.000000,0.850470,-91.4649472022,05,08,06:20:18.384,-0.00512,-0.01017,-0.69128,-0.00491,-0.01464,-1.16528,-0.00512,-0.01575,-1.26283,-0.00518,-0.01658,-1.33387,-0.00537,-0.01278,-0.95061,-1.67220,-0.00520,0.11914,10.12169,5.20267,0.15699,10.12169,10.12169,0.07831,8.14046,10.12169,8.33432,10.12169,9.90072,0.57754,3.96811,-4.00195
0.000,0.000000,-0.702688,-58.1468262022,05,08,06:20:18.634,-0.00488,-0.00988,-0.68135,-0.00513,-0.01494,-1.16774,-0.00544,-0.01615,-1.26679,-0.00541,-0.01653,-1.34045,-0.00496,-0.01262,-0.94431,-1.67226,-0.00492,0.11959,10.12169,5.20207,0.15747,10.12169,10.12169,0.07887,8.14971,10.12169,8.33697,10.12169,9.91461,0.57794,3.96852,-4.00170
0.000,0.000000,-0.112386,-71.8377242022,05,08,06:20:18.884,-0.00578,-0.01091,-0.72701,-0.00576,-0.01558,-1.20190,-0.00566,-0.01637,-1.28676,-0.00557,-0.01674,-1.34135,-0.00542,-0.01288,-0.95203,-1.67216,-0.00512,0.11901,10.12169,5.20325,0.15702,10.12169,10.12169,0.07847,8.14373,10.12169,8.33731,10.12169,9.91720,0.57770,3.96837,-4.00164
0.000,0.000000,0.793310,-51.3654392022,05,08,06:20:19.133,-0.00571,-0.01060,-0.70929,-0.00567,-0.01534,-1.18952,-0.00552,-0.01633,-1.28575,-0.00546,-0.01680,-1.34362,-0.00542,-0.01301,-0.95002,-1.67234,-0.00534,0.11893,10.12169,5.20313,0.15665,10.12169,10.12169,0.07798,8.13848,10.12169,8.33679,10.12169,9.93096,0.57753,3.96829,-4.00176
0.000,0.000000,-0.467105,-15.0408332022,05,08,06:20:19.383,-0.00529,-0.01029,-0.71614,-0.00553,-0.01519,-1.17988,-0.00553,-0.01630,-1.27857,-0.00553,-0.01695,-1.34516,-0.00559,-0.01314,-0.96146,-1.67238,-0.00538,0.11904,10.12169,5.20177,0.15694,10.12169,10.12169,0.07819,8.14079,10.12169,8.33676,10.12169,9.93326,0.57739,3.96812,-4.00211
0.000,0.000000,0.520443,-3.5993902022,05,08,06:20:19.633,-0.00507,-0.01023,-0.70624,-0.00503,-0.01461,-1.16449,-0.00475,-0.01511,-1.24302,-0.00452,-0.01600,-1.32413,-0.00484,-0.01242,-0.93984,-1.67198,-0.00493,0.11928,10.12169,5.20166,0.15707,10.12169,10.12169,0.07841,8.14360,10.12169,8.33617,10.12169,9.94765,0.57746,3.96817,-4.00196
0.000,0.000000,0.177143,-5.8176722022,05,08,06:20:19.884,-0.00534,-0.01023,-0.69979,-0.00521,-0.01499,-1.17680,-0.00517,-0.01581,-1.25453,-0.00500,-0.01605,-1.32164,-0.00458,-0.01222,-0.94292,-1.67165,-0.00446,0.11988,10.12169,5.20483,0.15764,10.12169,10.12169,0.07906,8.15219,10.12169,8.33570,10.12169,9.95360,0.57770,3.96828,-4.00190
0.000,0.000000,-0.675554,-8.6034502022,05,08,06:20:20.134,-0.00589,-0.01087,-0.72401,-0.00570,-0.01539,-1.18799,-0.00575,-0.01655,-1.29392,-0.00569,-0.01718,-1.35053,-0.00564,-0.01308,-0.95908,-1.67269,-0.00554,0.11867,10.12169,5.20243,0.15636,10.12169,10.12169,0.07780,8.13503,10.12169,8.33660,10.12169,9.96123,0.57737,3.96797,-4.00203
0.000,0.000000,0.715141,-21.8090532022,05,08,06:20:20.384,-0.00559,-0.01047,-0.70413,-0.00577,-0.01557,-1.18822,-0.00604,-0.01665,-1.27708,-0.00612,-0.01762,-1.35983,-0.00614,-0.01361,-0.96687,-1.67293,-0.00588,0.11858,10.12169,5.20242,0.15647,10.12169,10.12169,0.07783,8.13480,10.12169,8.33668,10.12169,9.96553,0.57708,3.96772,-4.00262
0.000,0.000000,-0.646151,4.5867842022,05,08,06:20:20.633,-0.00590,-0.01096,-0.71458,-0.00576,-0.01547,-1.18552,-0.00563,-0.01609,-1.26240,-0.00564,-0.01705,-1.35186,-0.00558,-0.01309,-0.96268,-1.67229,-0.00526,0.11903,10.12169,5.20440,0.15674,10.12169,10.12169,0.07811,8.13724,10.12169,8.33526,10.12169,9.97969,0.57731,3.96805,-4.00218
0.000,0.000000,0.064827,1.8029572022,05,08,06:20:20.883,-0.00573,-0.01062,-0.70992,-0.00598,-0.01558,-1.18963,-0.00581,-0.01616,-1.26464,-0.00572,-0.01704,-1.35178,-0.00550,-0.01301,-0.96489,-1.67178,-0.00504,0.11909,10.12169,5.20620,0.15740,10.12169,10.12169,0.07874,8.14631,10.12169,8.33612,10.12169,9.98473,0.57758,3.96830,-4.00198
0.000,0.000000,0.659121,3.8716442022,05,08,06:20:21.134,-0.00623,-0.01106,-0.71631,-0.00604,-0.01572,-1.19954,-0.00603,-0.01666,-1.27607,-0.00594,-0.01726,-1.35466,-0.00597,-0.01350,-0.97317,-1.67257,-0.00550,0.11876,10.12169,5.20600,0.15672,10.12169,10.12169,0.07835,8.13997,10.12169,8.33818,10.12169,9.98704,0.57752,3.96823,-4.00164
0.000,0.000000,-0.662143,-0.7133132022,05,08,06:20:21.384,-0.00527,-0.01017,-0.69509,-0.00548,-0.01524,-1.18162,-0.00562,-0.01616,-1.26030,-0.00561,-0.01691,-1.34157,-0.00558,-0.01310,-0.95329,-1.67251,-0.00547,0.11892,10.12169,5.20480,0.15688,10.12169,10.12169,0.07819,8.14068,10.12169,8.33689,10.12169,9.98843,0.57742,3.96818,-4.00207
0.000,0.000000,0.714892,-10.7639392022,05,08,06:20:21.634,-0.00526,-0.01028,-0.70100,-0.00532,-0.01470,-1.16625,-0.00478,-0.01478,-1.22391,-0.00486,-0.01634,-1.33227,-0.00512,-0.01317,-0.98528,-1.67235,-0.00521,0.11908,10.12169,5.20573,0.15687,10.12169,10.12169,0.07826,8.14064,10.12169,8.33521,10.12169,9.99698,0.57743,3.96827,-4.00188
0.000,0.000000,0.174792,-5.3416002022,05,08,06:20:21.883,-0.00596,-0.01088,-0.72442,-0.00577,-0.01553,-1.18736,-0.00567,-0.01612,-1.26220,-0.00568,-0.01718,-1.36866,-0.00559,-0.01340,-0.98948,-1.67226,-0.00519,0.11930,10.12169,5.20477,0.15741,10.12169,10.12169,0.07869,8.14834,10.12169,8.33870,10.12169,9.99869,0.57762,3.96832,-4.00188
0.000,0.000000,-0.762056,13.7779012022,05,08,06:20:22.133,-0.00575,-0.01062,-0.71146,-0.00547,-0.01531,-1.18278,-0.00549,-0.01594,-1.24527,-0.00565,-0.01713,-1.36585,-0.00551,-0.01347,-1.00324,-1.67241,-0.00538,0.11895,10.12169,5.20596,0.15670,10.12169,10.12169,0.07813,8.13990,10.12169,8.33814,10.12169,10.00206,0.57753,3.96824,-4.00179
0.000,0.000000,0.794516,1.0628332022,05,08,06:20:22.383,-0.00553,-0.01046,-0.71141,-0.00557,-0.01519,-1.17920,-0.00549,-0.01594,-1.24705,-0.00547,-0.01709,-1.36425,-0.00530,-0.01327,-0.99660,-1.67232,-0.00524,0.11927,10.12169,5.20459,0.15699,10.12169,10.12169,0.07830,8.14422,10.12169,8.33875,10.12169,9.99871,0.57740,3.96799,-4.00211
0.000,0.000000,-0.573353,1.1806992022,05,08,06:20:22.634,-0.00513,-0.00983,-0.69429,-0.00465,-0.01455,-1.16258,-0.00502,-0.01543,-1.22790,-0.00509,-0.01660,-1.35230,-0.00518,-0.01318,-0.98123,-1.67241,-0.00528,0.11891,10.12169,5.20361,0.15685,10.12169,10.12169,0.07829,8.14401,10.12169,8.33982,10.12169,10.00177,0.57758,3.96839,-4.00170
0.000,0.000000,-0.471842,9.6019292022,05,08,06:20:22.884,-0.00555,-0.01049,-0.70441,-0.00565,-0.01540,-1.18294,-0.00590,-0.01613,-1.25184,-0.00564,-0.01708,-1.36635,-0.00545,-0.01333,-0.98951,-1.67239,-0.00536,0.11931,10.12169,5.20762,0.15725,10.12169,10.12169,0.07894,8.15006,10.12169,8.34077,10.12169,10.00263,0.57823,3.96918,-4.00101
0.000,0.000000,0.626564,-7.8605732022,05,08,06:20:23.134,-0.00473,-0.00980,-0.68487,-0.00473,-0.01436,-1.14771,-0.00481,-0.01499,-1.21414,-0.00469,-0.01627,-1.34403,-0.00468,-0.01246,-0.96273,-1.67173,-0.00469,0.11961,10.12169,5.20457,0.15749,10.12169,10.12169,0.07893,8.15356,10.12169,8.33979,10.12169,10.00718,0.57782,3.96859,-4.00157
0.000,0.000000,-0.989811,6.2248802022,05,08,06:20:23.383,-0.00475,-0.00969,-0.68872,-0.00504,-0.01459,-1.15248,-0.00500,-0.01564,-1.23142,-0.00510,-0.01678,-1.35893,-0.00532,-0.01308,-0.97526,-1.67232,-0.00535,0.11896,10.12169,5.20524,0.15690,10.12169,10.12169,0.07833,8.14361,10.12169,8.33882,10.12169,10.00020,0.57748,3.96837,-4.00183
0.000,0.000000,-0.146124,-19.4902052022,05,08,06:20:23.633,-0.00564,-0.01053,-0.70839,-0.00545,-0.01503,-1.17488,-0.00536,-0.01586,-1.25249,-0.00545,-0.01708,-1.36382,-0.00542,-0.01334,-0.98866,-1.67214,-0.00504,0.11923,10.12169,5.20515,0.15702,10.12169,10.12169,0.07829,8.14733,10.12169,8.34215,10.12169,10.00052,0.57758,3.96835,-4.00175
0.000,0.000000,0.567076,-23.4426872022,05,08,06:20:23.883,-0.00579,-0.01078,-0.71961,-0.00604,-0.01563,-1.18297,-0.00598,-0.01664,-1.27915,-0.00594,-0.01745,-1.37373,-0.00571,-0.01361,-0.99995,-1.67225,-0.00516,0.11940,10.12169,5.20410,0.15725,10.12169,10.12169,0.07847,8.14740,10.12169,8.33971,10.12169,10.00192,0.57727,3.96805,-4.00235
0.000,0.000000,-0.492341,8.2439602022,05,08,06:20:24.134,-0.00624,-0.01124,-0.72639,-0.00618,-0.01632,-1.24122,-0.00620,-0.01678,-1.28341,-0.00639,-0.01789,-1.38549,-0.00619,-0.01394,-1.00039,-1.67282,-0.00591,0.11838,10.12169,5.20539,0.15641,10.12169,10.12169,0.07780,8.13586,10.12169,8.34103,10.12169,10.00368,0.57704,3.96813,-4.00205
0.000,0.000000,0.510963,-47.4083572022,05,08,06:20:24.384,-0.00682,-0.01185,-0.74796,-0.00704,-0.01728,-1.26057,-0.00696,-0.01772,-1.31571,-0.00719,-0.01858,-1.40104,-0.00691,-0.01462,-1.01810,-1.67331,-0.00636,0.11827,10.12169,5.20469,0.15604,10.12169,10.12169,0.07742,8.13123,10.12169,8.34221,10.12169,10.00196,0.57699,3.96787,-4.00229
0.000,0.000000,-0.405252,-37.0947652022,05,08,06:20:24.634,-0.00749,-0.01261,-0.77150,-0.00725,-0.01747,-1.26902,-0.00733,-0.01820,-1.34041,-0.00743,-0.01911,-1.41438,-0.00739,-0.01514,-1.03225,-1.67399,-0.00702,0.11724,10.12169,5.20570,0.15490,10.12169,10.12169,0.07639,8.11495,10.12169,8.33981,10.12169,10.00049,0.57575,3.96646,-4.00353
0.000,0.000000,-0.085354,-32.9511162022,05,08,06:20:24.883,-0.00746,-0.01246,-0.76844,-0.00750,-0.01775,-1.27803,-0.00759,-0.01846,-1.34929,-0.00755,-0.01920,-1.41575,-0.00759,-0.01527,-1.02718,-1.67403,-0.00718,0.11743,10.12169,5.20625,0.15536,10.12169,10.12169,0.07662,8.11888,10.12169,8.34161,10.12169,10.00014,0.57580,3.96657,-4.00397
0.000,0.000000,-0.133548,-44.6559532022,05,08,06:20:25.133,-0.00831,-0.01353,-0.79495,-0.00807,-0.01825,-1.29918,-0.00816,-0.01908,-1.37756,-0.00793,-0.01943,-1.42111,-0.00795,-0.01559,-1.03702,-1.67418,-0.00762,0.11677,10.12169,5.20738,0.15456,10.12169,10.12169,0.07582,8.10596,10.12169,8.33914,10.12169,10.00230,0.57529,3.96608,-4.00422
0.000,0.000000,0.109571,-25.0673752022,05,08,06:20:25.384,-0.00828,-0.01340,-0.78794,-0.00836,-0.01855,-1.30076,-0.00855,-0.01956,-1.38948,-0.00838,-0.01993,-1.43691,-0.00850,-0.01607,-1.04572,-1.67460,-0.00792,0.11667,10.12169,5.20615,0.15460,10.12169,10.12169,0.07588,8.10682,10.12169,8.34051,10.12169,10.00189,0.57533,3.96609,-4.00428
0.000,0.000000,-0.116443,-13.5984532022,05,08,06:20:25.634,-0.00883,-0.01388,-0.79643,-0.00863,-0.01878,-1.31682,-0.00861,-0.01994,-1.40814,-0.00855,-0.02002,-1.43637,-0.00871,-0.01617,-1.05117,-1.67465,-0.00795,0.11614,10.12169,5.20706,0.15410,10.12169,10.12169,0.07538,8.10044,10.12169,8.34003,10.12169,10.00480,0.57495,3.96570,-4.00445
0.000,0.000000,0.004525,-8.2830862022,05,08,06:20:25.884,-0.00868,-0.01371,-0.79782,-0.00885,-0.01906,-1.31597,-0.00887,-0.02019,-1.41514,-0.00888,-0.02036,-1.44198,-0.00891,-0.01650,-1.05167,-1.67488,-0.00824,0.11639,10.12169,5.20486,0.15442,10.12169,10.12169,0.07551,8.10264,10.12169,8.34037,10.12169,9.99365,0.57508,3.96590,-4.00456
0.000,0.000000,0.002338,-4.9353042022,05,08,06:20:26.133,-0.00898,-0.01400,-0.81362,-0.00895,-0.01894,-1.32300,-0.00870,-0.01979,-1.40236,-0.00864,-0.02006,-1.43545,-0.00853,-0.01631,-1.04750,-1.67467,-0.00804,0.11633,10.12169,5.20616,0.15407,10.12169,10.12169,0.07524,8.09880,10.12169,8.34054,10.12169,10.00128,0.57467,3.96557,-4.00454
0.000,0.000000,0.003769,-2.8641982022,05,08,06:20:26.383,-0.00882,-0.01393,-0.81272,-0.00891,-0.01928,-1.32249,-0.00905,-0.02013,-1.41289,-0.00912,-0.02042,-1.44375,-0.00893,-0.01663,-1.06252,-1.67494,-0.00835,0.11626,10.12169,5.20618,0.15423,10.12169,10.12169,0.07558,8.10047,10.12169,8.34001,10.12169,10.00012,0.57483,3.96570,-4.00462
0.000,0.000000,-0.011819,-6.7247372022,05,08,06:20:26.633,-0.00917,-0.01423,-0.81362,-0.00886,-0.01926,-1.32420,-0.00888,-0.01997,-1.40608,-0.00893,-0.02028,-1.44066,-0.00871,-0.01636,-1.05192,-1.67484,-0.00818,0.11612,10.12169,5.20649,0.15387,10.12169,10.12169,0.07516,8.09617,10.12169,8.33907,10.12169,10.00027,0.57462,3.96536,-4.00473
0.000,0.000000,0.002417,-11.0964612022,05,08,06:20:26.884,-0.00913,-0.01424,-0.81882,-0.00930,-0.01962,-1.33051,-0.00938,-0.02057,-1.42522,-0.00935,-0.02094,-1.45194,-0.00936,-0.01687,-1.06109,-1.67540,-0.00867,0.11604,10.12169,5.20743,0.15377,10.12169,10.12169,0.07522,8.09746,10.12169,8.34147,10.12169,9.99633,0.57471,3.96535,-4.00498
0.000,0.000000,0.006304,-10.9289992022,05,08,06:20:27.134,-0.00968,-0.01460,-0.82784,-0.00915,-0.01939,-1.33697,-0.00919,-0.02038,-1.42519,-0.00910,-0.02069,-1.45120,-0.00900,-0.01663,-1.06031,-1.67514,-0.00846,0.11589,10.12169,5.20843,0.15358,10.12169,10.12169,0.07496,8.09412,10.12169,8.34101,10.12169,9.99838,0.57446,3.96518,-4.00494
0.000,0.000000,0.007950,-12.5727492022,05,08,06:20:27.384,-0.00924,-0.01421,-0.81418,-0.00935,-0.01961,-1.33536,-0.00958,-0.02062,-1.43321,-0.00932,-0.02085,-1.45215,-0.00932,-0.01692,-1.06503,-1.67531,-0.00892,0.11599,10.12169,5.20848,0.15392,10.12169,10.12169,0.07521,8.09598,10.12169,8.34054,10.12169,9.99731,0.57462,3.96554,-4.00522
0.000,0.000000,0.012786,-13.9954332022,05,08,06:20:27.633,-0.00953,-0.01479,-0.82935,-0.00918,-0.01947,-1.33913,-0.00927,-0.02044,-1.42163,-0.00911,-0.02060,-1.45156,-0.00919,-0.01662,-1.05785,-1.67507,-0.00852,0.11573,10.12169,5.21086,0.15356,10.12169,10.12169,0.07492,8.09417,10.12169,8.34189,10.12169,10.00304,0.57444,3.96525,-4.00500
0.000,0.000000,0.015145,-21.9868322022,05,08,06:20:27.883,-0.00921,-0.01416,-0.81014,-0.00938,-0.01974,-1.34187,-0.00943,-0.02089,-1.43428,-0.00945,-0.02077,-1.44996,-0.00965,-0.01700,-1.06883,-1.67532,-0.00874,0.11571,10.12169,5.20898,0.15387,10.12169,10.12169,0.07523,8.09681,10.12169,8.34172,10.12169,9.99900,0.57465,3.96560,-4.00494
0.000,0.000000,-0.008165,-12.1171162022,05,08,06:20:28.133,-0.00955,-0.01479,-0.84546,-0.00924,-0.01944,-1.34000,-0.00922,-0.02050,-1.42730,-0.00915,-0.02035,-1.43084,-0.00906,-0.01683,-1.06353,-1.67503,-0.00843,0.11584,10.12169,5.20957,0.15372,10.12169,10.12169,0.07472,8.09494,10.12169,8.34328,10.12169,9.99683,0.57438,3.96525,-4.00491
0.000,0.000000,-0.002816,-6.6593122022,05,08,06:20:28.384,-0.00927,-0.01420,-0.81662,-0.00960,-0.01969,-1.33736,-0.00950,-0.02079,-1.43989,-0.00941,-0.02073,-1.43675,-0.00940,-0.01714,-1.06522,-1.67531,-0.00874,0.11600,10.12169,5.20794,0.15388,10.12169,10.12169,0.07501,8.09617,10.12169,8.34214,10.12169,9.99953,0.57455,3.96540,-4.00495
0.000,0.000000,0.004022,3.4813362022,05,08,06:20:28.634,-0.00959,-0.01462,-0.82593,-0.00934,-0.01964,-1.34602,-0.00922,-0.02041,-1.42343,-0.00921,-0.02044,-1.43295,-0.00906,-0.01672,-1.06411,-1.67506,-0.00842,0.11586,10.12169,5.20660,0.15364,10.12169,10.12169,0.07489,8.09385,10.12169,8.34195,10.12169,9.99994,0.57420,3.96525,-4.00493
0.000,0.000000,0.004621,7.4548022022,05,08,06:20:28.884,-0.00921,-0.01414,-0.80238,-0.00941,-0.01988,-1.34163,-0.00944,-0.02071,-1.42702,-0.00959,-0.02066,-1.43289,-0.00934,-0.01687,-1.05747,-1.67536,-0.00869,0.11601,10.12169,5.20820,0.15394,10.12169,10.12169,0.07521,8.09672,10.12169,8.34203,10.12169,9.99710,0.57454,3.96541,-4.00496
0.000,0.000000,-0.001190,0.7038162022,05,08,06:20:29.133,-0.00967,-0.01459,-0.82346,-0.00925,-0.01951,-1.34307,-0.00917,-0.02042,-1.42509,-0.00912,-0.02051,-1.42888,-0.00908,-0.01690,-1.08139,-1.67521,-0.00851,0.11590,10.12169,5.20708,0.15349,10.12169,10.12169,0.07489,8.09245,10.12169,8.33982,10.12169,9.99959,0.57437,3.96501,-4.00491
0.000,0.000000,0.001203,-2.3295792022,05,08,06:20:29.383,-0.00942,-0.01429,-0.81021,-0.00934,-0.01978,-1.34404,-0.00950,-0.02068,-1.43071,-0.00938,-0.02085,-1.43626,-0.00936,-0.01730,-1.09825,-1.67544,-0.00879,0.11602,10.12169,5.20876,0.15383,10.12169,10.12169,0.07523,8.09796,10.12169,8.34267,10.12169,9.99727,0.57466,3.96542,-4.00508
0.000,0.000000,0.008404,-5.1480482022,05,08,06:20:29.634,-0.00962,-0.01486,-0.84274,-0.00922,-0.01947,-1.33855,-0.00939,-0.02037,-1.42217,-0.00912,-0.02039,-1.43007,-0.00907,-0.01706,-1.09992,-1.67504,-0.00862,0.11579,10.12169,5.20719,0.15368,10.12169,10.12169,0.07487,8.09252,10.12169,8.33964,10.12169,10.00276,0.57436,3.96519,-4.00501
0.000,0.000000,0.001820,-6.8055222022,05,08,06:20:29.884,-0.00922,-0.01436,-0.80427,-0.00937,-0.01971,-1.34008,-0.00964,-0.02078,-1.43505,-0.00946,-0.02071,-1.43503,-0.00941,-0.01731,-1.09809,-1.67530,-0.00887,0.11603,10.12169,5.20788,0.15388,10.12169,10.12169,0.07524,8.09835,10.12169,8.34325,10.12169,10.00138,0.57459,3.96545,-4.00492
0.000,0.000000,-0.003382,-9.3156152022,05,08,06:20:30.134,-0.00945,-0.01465,-0.82876,-0.00924,-0.01944,-1.33422,-0.00916,-0.02051,-1.42594,-0.00907,-0.02039,-1.43071,-0.00922,-0.01694,-1.08946,-1.67507,-0.00838,0.11571,10.12169,5.20837,0.15375,10.12169,10.12169,0.07491,8.09509,10.12169,8.34204,10.12169,10.00332,0.57435,3.96525,-4.00483
0.000,0.000000,0.008055,-12.4550212022,05,08,06:20:30.383,-0.00918,-0.01422,-0.81410,-0.00933,-0.01971,-1.33761,-0.00945,-0.02075,-1.43476,-0.00943,-0.02065,-1.43251,-0.00934,-0.01743,-1.10017,-1.67531,-0.00876,0.11594,10.12169,5.20727,0.15398,10.12169,10.12169,0.07501,8.09702,10.12169,8.34254,10.12169,9.99414,0.57458,3.96543,-4.00493
0.000,0.000000,0.006454,-13.6463562022,05,08,06:20:30.633,-0.00957,-0.01467,-0.83217,-0.00939,-0.01959,-1.34563,-0.00924,-0.02037,-1.42939,-0.00912,-0.02036,-1.42483,-0.00904,-0.01711,-1.09145,-1.67506,-0.00842,0.11582,10.12169,5.20706,0.15370,10.12169,10.12169,0.07474,8.09459,10.12169,8.34249,10.12169,9.99728,0.57427,3.96524,-4.00496
0.000,0.000000,0.007274,-13.0585002022,05,08,06:20:30.883,-0.00928,-0.01425,-0.80955,-0.00948,-0.01984,-1.33935,-0.00949,-0.02072,-1.43681,-0.00961,-0.02076,-1.43636,-0.00945,-0.01734,-1.10484,-1.67538,-0.00874,0.11600,10.12169,5.20884,0.15388,10.12169,10.12169,0.07514,8.09631,10.12169,8.34230,10.12169,9.99819,0.57433,3.96545,-4.00496
0.000,0.000000,-0.002878,-4.8559262022,05,08,06:20:31.134,-0.00965,-0.01463,-0.82562,-0.00923,-0.01969,-1.34063,-0.00930,-0.02052,-1.43553,-0.00938,-0.02045,-1.43133,-0.00916,-0.01695,-1.08708,-1.67512,-0.00848,0.11581,10.12169,5.20734,0.15356,10.12169,10.12169,0.07485,8.09533,10.12169,8.34360,10.12169,10.00060,0.57420,3.96507,-4.00493
0.000,0.000000,-0.000975,-18.1875702022,05,08,06:20:31.384,-0.00938,-0.01425,-0.80422,-0.00952,-0.01990,-1.34364,-0.00962,-0.02086,-1.44041,-0.00960,-0.02090,-1.44026,-0.00954,-0.01738,-1.09752,-1.67560,-0.00886,0.11594,10.12169,5.20933,0.15363,10.12169,10.12169,0.07513,8.09857,10.12169,8.34511,10.12169,9.99458,0.57452,3.96513,-4.00514
0.000,0.000000,0.005380,-9.0520772022,05,08,06:20:31.634,-0.00988,-0.01489,-0.84478,-0.00933,-0.01959,-1.34089,-0.00938,-0.02058,-1.43648,-0.00921,-0.02063,-1.42817,-0.00924,-0.01715,-1.09580,-1.67532,-0.00859,0.11569,10.12169,5.23345,0.15339,10.12169,10.12169,0.07484,8.09659,10.12169,8.34634,10.12169,9.99535,0.57423,3.96492,-4.00495
0.000,0.000000,0.011977,-17.1960992022,05,08,06:20:31.883,-0.00943,-0.01448,-0.82295,-0.00949,-0.01984,-1.34478,-0.00974,-0.02106,-1.45053,-0.00961,-0.02077,-1.43602,-0.00957,-0.01743,-1.09900,-1.67539,-0.00906,0.11595,10.12169,5.23657,0.15384,10.12169,10.12169,0.07517,8.10061,10.12169,8.34736,10.12169,9.99721,0.57445,3.96537,-4.00516
0.000,0.000000,-0.009018,-6.9331402022,05,08,06:20:32.133,-0.00963,-0.01481,-0.82504,-0.00938,-0.01962,-1.34314,-0.00945,-0.02059,-1.43619,-0.00923,-0.02053,-1.43236,-0.00924,-0.01718,-1.10085,-1.67519,-0.00864,0.11568,10.12169,5.23260,0.15361,10.12169,10.12169,0.07481,8.09734,10.12169,8.34716,10.12169,9.99909,0.57423,3.96502,-4.00497
0.000,0.000000,-0.016547,-0.8679682022,05,08,06:20:32.383,-0.00933,-0.01434,-0.81349,-0.00950,-0.01983,-1.34002,-0.00962,-0.02128,-1.46338,-0.00957,-0.02079,-1.43362,-0.00967,-0.01747,-1.10297,-1.67547,-0.00886,0.11568,10.12169,5.23344,0.15386,10.12169,10.12169,0.07502,8.09883,10.12169,8.34639,10.12169,10.00012,0.57444,3.96527,-4.00505
0.000,0.000000,-0.006707,-2.3441612022,05,08,06:20:32.634,-0.00978,-0.01476,-0.83170,-0.00943,-0.01969,-1.34952,-0.00943,-0.02119,-1.47762,-0.00924,-0.02056,-1.43317,-0.00932,-0.01726,-1.10008,-1.67524,-0.00858,0.11559,10.12169,5.23389,0.15355,10.12169,10.12169,0.07465,8.09611,10.12169,8.34637,10.12169,9.99712,0.57413,3.96507,-4.00498
0.000,0.000000,-0.002431,-4.8306812022,05,08,06:20:32.884,-0.00949,-0.01458,-0.83298,-0.00980,-0.01992,-1.34431,-0.00973,-0.02144,-1.48755,-0.00969,-0.02093,-1.44135,-0.00959,-0.01766,-1.10113,-1.67554,-0.00892,0.11594,10.12169,5.23432,0.15384,10.12169,10.12169,0.07486,8.09912,10.12169,8.34694,10.12169,9.99660,0.57438,3.96528,-4.00519
0.000,0.000000,-0.003424,-11.8851892022,05,08,06:20:33.134,-0.00979,-0.01478,-0.83213,-0.00958,-0.01980,-1.35100,-0.00936,-0.02108,-1.47745,-0.00935,-0.02060,-1.43338,-0.00933,-0.01726,-1.09647,-1.67524,-0.00862,0.11563,10.12169,5.23367,0.15357,10.12169,10.12169,0.07476,8.09335,10.12169,8.34441,10.12169,9.99768,0.57389,3.96504,-4.00493
0.000,0.000000,-0.006735,-9.6176852022,05,08,06:20:33.383,-0.00947,-0.01468,-0.84263,-0.00959,-0.02011,-1.34500,-0.00972,-0.02144,-1.49136,-0.00979,-0.02100,-1.44473,-0.00963,-0.01779,-1.12763,-1.67546,-0.00896,0.11587,10.12169,5.23502,0.15373,10.12169,10.12169,0.07507,8.09964,10.12169,8.34713,10.12169,10.00156,0.57436,3.96518,-4.00504
0.000,0.000000,0.001533,-14.1099252022,05,08,06:20:33.633,-0.00978,-0.01469,-0.82425,-0.00937,-0.01972,-1.34494,-0.00937,-0.02108,-1.48110,-0.00921,-0.02068,-1.43465,-0.00919,-0.01737,-1.11799,-1.67532,-0.00858,0.11575,10.12169,5.23458,0.15342,10.12169,10.12169,0.07486,8.09783,10.12169,8.34637,10.12169,9.99954,0.57423,3.96491,-4.00507
0.000,0.000000,0.001438,-9.7211832022,05,08,06:20:33.884,-0.00948,-0.01422,-0.80270,-0.00951,-0.01972,-1.33997,-0.00959,-0.02135,-1.48347,-0.00950,-0.02093,-1.43777,-0.00950,-0.01766,-1.12365,-1.67559,-0.00886,0.11602,10.12169,5.23440,0.15377,10.12169,10.12169,0.07510,8.10072,10.12169,8.34697,10.12169,9.99719,0.57453,3.96522,-4.00516
0.000,0.000000,0.011506,-10.5420902022,05,08,06:20:34.134,-0.00971,-0.01443,-0.79878,-0.00931,-0.01962,-1.34289,-0.00944,-0.02106,-1.48075,-0.00920,-0.02040,-1.43186,-0.00918,-0.01743,-1.13002,-1.67513,-0.00868,0.11583,10.12169,5.23704,0.15365,10.12169,10.12169,0.07488,8.09751,10.12169,8.34597,10.12169,9.99889,0.57424,3.96510,-4.00512
0.000,0.000000,0.017368,3.4811202022,05,08,06:20:34.384,-0.00927,-0.01447,-0.81550,-0.00945,-0.01972,-1.33645,-0.00975,-0.02131,-1.48373,-0.00953,-0.02077,-1.43744,-0.00952,-0.01767,-1.12783,-1.67534,-0.00894,0.11602,10.12169,5.23642,0.15399,10.12169,10.12169,0.07514,8.10181,10.12169,8.34769,10.12169,9.99758,0.57445,3.96536,-4.00517
0.000,0.000000,0.007876,1.5770942022,05,08,06:20:34.633,-0.00966,-0.01464,-0.82605,-0.00934,-0.01958,-1.34112,-0.00936,-0.02122,-1.48247,-0.00923,-0.02048,-1.43346,-0.00939,-0.01738,-1.12061,-1.67511,-0.00854,0.11565,10.12169,5.23452,0.15369,10.12169,10.12169,0.07490,8.09844,10.12169,8.34692,10.12169,10.00458,0.57421,3.96513,-4.00498
0.000,0.000000,-0.022343,-5.4620632022,05,08,06:20:34.883,-0.00930,-0.01416,-0.80631,-0.00948,-0.01975,-1.33658,-0.00952,-0.02151,-1.49497,-0.00946,-0.02079,-1.43813,-0.00946,-0.01772,-1.11962,-1.67538,-0.00884,0.11602,10.12169,5.23495,0.15393,10.12169,10.12169,0.07505,8.10240,10.12169,8.34762,10.12169,9.99471,0.57442,3.96542,-4.00494
0.000,0.000000,0.001238,-8.7133392022,05,08,06:20:35.133,-0.00953,-0.01455,-0.82532,-0.00936,-0.01944,-1.33270,-0.00914,-0.02081,-1.47629,-0.00897,-0.02019,-1.43185,-0.00881,-0.01708,-1.10983,-1.67476,-0.00804,0.11635,10.12169,5.23472,0.15436,10.12169,10.12169,0.07545,8.10754,10.12169,8.34726,10.12169,9.99836,0.57504,3.96608,-4.00393
0.000,0.000000,0.011398,-131.1293672022,05,08,06:20:35.384,-0.00663,-0.01151,-0.73793,-0.00673,-0.01670,-1.25510,-0.00651,-0.01746,-1.34913,-0.00628,-0.01756,-1.36301,-0.00603,-0.01426,-1.05366,-1.67259,-0.00559,0.11917,10.12169,5.23790,0.15719,10.12169,10.12169,0.07833,8.15294,10.12169,8.35123,10.12169,10.00312,0.57686,3.96809,-4.00224
0.000,0.000000,0.025258,-300.0000002022,05,08,06:20:35.634,-0.00663,-0.01146,-0.71715,-0.00624,-0.01646,-1.24333,-0.00604,-0.01711,-1.33150,-0.00606,-0.01719,-1.35352,-0.00573,-0.01399,-1.04306,-1.67252,-0.00548,0.11911,10.12169,5.21141,0.15703,10.12169,10.12169,0.07840,8.15507,10.12169,8.35185,10.12169,10.00523,0.57709,3.96791,-4.00232
0.000,0.000000,-0.049098,-300.0000002022,05,08,06:20:35.884,-0.00635,-0.01112,-0.71617,-0.00655,-0.01682,-1.25021,-0.00673,-0.01803,-1.35504,-0.00657,-0.01792,-1.37392,-0.00656,-0.01477,-1.05867,-1.67330,-0.00624,0.11855,10.12169,5.21211,0.15621,10.12169,10.12169,0.07751,8.14073,10.12169,8.35032,10.12169,10.00292,0.57677,3.96786,-4.00225
0.000,0.000000,0.050113,-266.5253772022,05,08,06:20:36.133,-0.00693,-0.01184,-0.73751,-0.00669,-0.01687,-1.26092,-0.00686,-0.01809,-1.36352,-0.00685,-0.01832,-1.37362,-0.00691,-0.01519,-1.06693,-1.67354,-0.00654,0.11793,10.12169,5.21273,0.15571,10.12169,10.12169,0.07715,8.13481,10.12169,8.35049,10.12169,10.00418,0.57612,3.96719,-4.00282
0.000,0.000000,0.005053,-184.6609892022,05,08,06:20:36.383,-0.00719,-0.01200,-0.74281,-0.00718,-0.01741,-1.27682,-0.00730,-0.01842,-1.38129,-0.00701,-0.01826,-1.38107,-0.00679,-0.01501,-1.06439,-1.67322,-0.00640,0.11855,10.12169,5.23158,0.15653,10.12169,10.12169,0.07771,8.14491,10.12169,8.35196,10.12169,10.00398,0.57640,3.96739,-4.00299
0.000,0.000000,0.009979,-122.1230982022,05,08,06:20:36.633,-0.00750,-0.01249,-0.75328,-0.00714,-0.01721,-1.26719,-0.00708,-0.01822,-1.37710,-0.00694,-0.01829,-1.38330,-0.00698,-0.01529,-1.07652,-1.67350,-0.00671,0.11779,10.12169,5.22888,0.15567,10.12169,10.12169,0.07685,8.13143,10.12169,8.34993,10.12169,10.00463,0.57570,3.96668,-4.00329
0.000,0.000000,-0.008575,-79.4995802022,05,08,06:20:36.884,-0.00766,-0.01263,-0.75167,-0.00791,-0.01818,-1.29657,-0.00796,-0.01943,-1.41222,-0.00791,-0.01930,-1.40472,-0.00808,-0.01615,-1.09021,-1.67422,-0.00748,0.11716,10.12169,5.22775,0.15530,10.12169,10.12169,0.07633,8.12393,10.12169,8.35146,10.12169,10.00364,0.57541,3.96642,-4.00401
0.000,0.000000,-0.000877,-46.9744122022,05,08,06:20:37.134,-0.00832,-0.01315,-0.77021,-0.00804,-0.01823,-1.30074,-0.00803,-0.01966,-1.42171,-0.00805,-0.01929,-1.40530,-0.00820,-0.01626,-1.09081,-1.67428,-0.00755,0.11682,10.12169,5.22871,0.15474,10.12169,10.12169,0.07579,8.11675,10.12169,8.34981,10.12169,10.00009,0.57497,3.96594,-4.00405
0.000,0.000000,-0.003331,-21.7275152022,05,08,06:20:37.384,-0.00839,-0.01328,-0.78222,-0.00864,-0.01874,-1.30818,-0.00859,-0.02015,-1.44204,-0.00854,-0.01974,-1.41062,-0.00843,-0.01681,-1.10463,-1.67467,-0.00794,0.11691,10.12169,5.23118,0.15480,10.12169,10.12169,0.07582,8.11496,10.12169,8.34844,10.12169,9.99428,0.57509,3.96611,-4.00425
0.000,0.000000,0.000829,-28.0207702022,05,08,06:20:37.633,-0.00875,-0.01370,-0.78437,-0.00866,-0.01872,-1.31834,-0.00855,-0.01998,-1.43425,-0.00851,-0.01971,-1.41141,-0.00831,-0.01656,-1.09509,-1.67451,-0.00781,0.11666,10.12169,5.22831,0.15452,10.12169,10.12169,0.07564,8.11075,10.12169,8.34855,10.12169,10.00284,0.57457,3.96576,-4.00432
0.000,0.000000,-0.006718,-6.8987162022,05,08,06:20:37.883,-0.00848,-0.01340,-0.78373,-0.00858,-0.01906,-1.31575,-0.00870,-0.02025,-1.44284,-0.00882,-0.01996,-1.42181,-0.00860,-0.01676,-1.10499,-1.67475,-0.00801,0.11685,10.12169,5.22974,0.15471,10.12169,10.12169,0.07596,8.11619,10.12169,8.35031,10.12169,10.00008,0.57490,3.96603,-4.00428
0.000,0.000000,0.006307,-14.0013122022,05,08,06:20:38.134,-0.00875,-0.01367,-0.78883,-0.00839,-0.01876,-1.31319,-0.00839,-0.01996,-1.44116,-0.00841,-0.01981,-1.41805,-0.00831,-0.01650,-1.09908,-1.67460,-0.00779,0.11661,10.12169,5.22918,0.15435,10.12169,10.12169,0.07568,8.11265,10.12169,8.34970,10.12169,10.00389,0.57483,3.96568,-4.00423
0.000,0.000000,0.013632,-9.8641522022,05,08,06:20:38.384,-0.00854,-0.01329,-0.77741,-0.00855,-0.01880,-1.31167,-0.00861,-0.02017,-1.44330,-0.00862,-0.02007,-1.41903,-0.00857,-0.01670,-1.10354,-1.67481,-0.00796,0.11692,10.12169,5.23376,0.15464,10.12169,10.12169,0.07596,8.11715,10.12169,8.35038,10.12169,10.00201,0.57510,3.96599,-4.00435
0.000,0.000000,-0.011529,2.3802852022,05,08,06:20:38.634,-0.00883,-0.01350,-0.78456,-0.00835,-0.01859,-1.31034,-0.00842,-0.01987,-1.43230,-0.00833,-0.01964,-1.41202,-0.00825,-0.01658,-1.11055,-1.67445,-0.00779,0.11668,10.12169,5.23659,0.15459,10.12169,10.12169,0.07572,8.11379,10.12169,8.34927,10.12169,10.00614,0.57487,3.96592,-4.00431
0.000,0.000000,0.003738,1.2075202022,05,08,06:20:38.883,-0.00824,-0.01327,-0.76982,-0.00844,-0.01864,-1.30645,-0.00866,-0.02002,-1.43599,-0.00853,-0.01979,-1.41557,-0.00848,-0.01661,-1.09815,-1.67463,-0.00806,0.11695,10.12169,5.23485,0.15489,10.12169,10.12169,0.07608,8.11710,10.12169,8.34911,10.12169,9.99861,0.57520,3.96620,-4.00423
0.000,0.000000,-0.007203,3.4849842022,05,08,06:20:39.133,-0.00856,-0.01349,-0.78014,-0.00829,-0.01840,-1.30181,-0.00828,-0.01987,-1.42664,-0.00822,-0.01949,-1.40926,-0.00833,-0.01647,-1.09941,-1.67438,-0.00763,0.11668,10.12169,5.23643,0.15466,10.12169,10.12169,0.07581,8.11677,10.12169,8.35153,10.12169,10.00665,0.57492,3.96603,-4.00406
0.000,0.000000,-0.003160,-3.6862862022,05,08,06:20:39.383,-0.00816,-0.01288,-0.75905,-0.00824,-0.01867,-1.31394,-0.00827,-0.01994,-1.43008,-0.00824,-0.01958,-1.41321,-0.00826,-0.01647,-1.10068,-1.67436,-0.00760,0.11720,10.12169,5.23764,0.15527,10.12169,10.12169,0.07636,8.12463,10.12169,8.35235,10.12169,9.99624,0.57547,3.96650,-4.00384
0.000,0.000000,-0.005127,10.5544802022,05,08,06:20:39.634,-0.00783,-0.01269,-0.75921,-0.00771,-0.01778,-1.28633,-0.00759,-0.01885,-1.39441,-0.00746,-0.01875,-1.38969,-0.00744,-0.01586,-1.08364,-1.67382,-0.00696,0.11747,10.12169,5.23153,0.15546,10.12169,10.12169,0.07636,8.12803,10.12169,8.35208,10.12169,10.00112,0.57548,3.96662,-4.00350
0.000,0.000000,0.003465,1.4556542022,05,08,06:20:39.884,-0.00757,-0.01218,-0.72860,-0.00780,-0.01786,-1.28153,-0.00766,-0.01899,-1.39379,-0.00769,-0.01900,-1.39977,-0.00761,-0.01601,-1.08992,-1.67401,-0.00713,0.11771,10.12169,5.23060,0.15569,10.12169,10.12169,0.07679,8.12975,10.12169,8.35120,10.12169,10.00075,0.57560,3.96678,-4.00361
0.000,0.000000,0.003863,1.7341232022,05,08,06:20:40.134,-0.00774,-0.01238,-0.73559,-0.00750,-0.01774,-1.27633,-0.00747,-0.01872,-1.38977,-0.00749,-0.01876,-1.39463,-0.00739,-0.01561,-1.08872,-1.67380,-0.00694,0.11755,10.12169,5.22975,0.15544,10.12169,10.12169,0.07658,8.13046,10.12169,8.35406,10.12169,10.00004,0.57542,3.96655,-4.00344
0.000,0.000000,-0.005531,-7.6410212022,05,08,06:20:40.383,-0.00753,-0.01232,-0.74853,-0.00766,-0.01797,-1.27968,-0.00777,-0.01908,-1.39622,-0.00769,-0.01916,-1.39670,-0.00765,-0.01588,-1.08274,-1.67419,-0.00728,0.11760,10.12169,5.23027,0.15547,10.12169,10.12169,0.07682,8.13331,10.12169,8.35505,10.12169,10.00371,0.57567,3.96660,-4.00361
0.000,0.000000,-0.015148,-6.8479692022,05,08,06:20:40.633,-0.00803,-0.01266,-0.75399,-0.00765,-0.01787,-1.29070,-0.00761,-0.01898,-1.39758,-0.00759,-0.01908,-1.39999,-0.00752,-0.01573,-1.07745,-1.67402,-0.00712,0.11739,10.12169,5.23058,0.15522,10.12169,10.12169,0.07643,8.12878,10.12169,8.35361,10.12169,10.00347,0.57541,3.96645,-4.00365
0.000,0.000000,-0.003715,-10.9749452022,05,08,06:20:40.883,-0.00788,-0.01271,-0.75885,-0.00797,-0.01824,-1.29623,-0.00812,-0.01950,-1.41513,-0.00802,-0.01934,-1.40449,-0.00794,-0.01626,-1.09969,-1.67417,-0.00751,0.11749,10.12169,5.22929,0.15548,10.12169,10.12169,0.07674,8.13177,10.12169,8.35566,10.12169,10.00376,0.57571,3.96681,-4.00365
0.000,0.000000,0.003640,10.3392752022,05,08,06:20:41.134,-0.00271,-0.00744,-0.61642,-0.00264,-0.01255,-1.13449,-0.00269,-0.01294,-1.16168,-0.00263,-0.01406,-1.27577,-0.00262,-0.01116,-0.98284,-1.67017,-0.00277,0.12186,10.12169,5.23196,0.15959,10.12169,10.12169,0.08073,8.19865,10.12169,8.35804,10.12169,10.01056,0.57878,3.97001,-4.00017
0.000,0.000000,0.007240,194.5842892022,05,08,06:20:41.384,-0.00294,-0.00778,-0.62675,-0.00290,-0.01299,-1.13921,-0.00309,-0.01349,-1.18422,-0.00311,-0.01444,-1.28471,-0.00318,-0.01157,-0.99198,-1.67065,-0.00338,0.12116,10.12169,5.22985,0.15926,10.12169,10.12169,0.08058,8.19409,10.12169,8.35851,10.12169,10.00915,0.57847,3.96965,-4.00079
0.000,0.000000,0.001373,300.0000002022,05,08,06:20:41.634,-0.00312,-0.00779,-0.62384,-0.00314,-0.01315,-1.14845,-0.00323,-0.01373,-1.19177,-0.00328,-0.01483,-1.30030,-0.00350,-0.01182,-0.99331,-1.67064,-0.00342,0.12113,10.12169,5.23144,0.15941,10.12169,10.12169,0.08063,8.19352,10.12169,8.35759,10.12169,10.01307,0.57905,3.97026,-3.99989
0.000,0.000000,-0.035334,300.0000002022,05,08,06:20:41.883,-0.00338,-0.00824,-0.64326,-0.00362,-0.01363,-1.15918,-0.00351,-0.01406,-1.20411,-0.00370,-0.01511,-1.30348,-0.00343,-0.01200,-1.00325,-1.67087,-0.00345,0.12122,10.12169,5.23088,0.15904,10.12169,10.12169,0.08017,8.19231,10.12169,8.36082,10.12169,10.00708,0.57872,3.97011,-4.00031
0.000,0.000000,-0.011191,300.0000002022,05,08,06:20:42.133,-0.00390,-0.00877,-0.65060,-0.00381,-0.01377,-1.16891,-0.00379,-0.01425,-1.21614,-0.00374,-0.01515,-1.31166,-0.00363,-0.01218,-0.99915,-1.67096,-0.00362,0.12109,10.12169,5.22966,0.15897,10.12169,10.12169,0.08012,8.18901,10.12169,8.35943,10.12169,10.01188,0.57866,3.97000,-4.00016
0.000,0.000000,-0.009055,173.5128152022,05,08,06:20:42.384,-0.00399,-0.00886,-0.65143,-0.00413,-0.01440,-1.17483,-0.00427,-0.01492,-1.23667,-0.00456,-0.01594,-1.32189,-0.00459,-0.01293,-1.02046,-1.67180,-0.00462,0.12023,10.12169,5.22982,0.15807,10.12169,10.12169,0.07916,8.17526,10.12169,8.35931,10.12169,10.00997,0.57766,3.96895,-4.00142
0.000,0.000000,-0.026823,134.9017392022,05,08,06:20:42.634,-0.00533,-0.01016,-0.68912,-0.00520,-0.01534,-1.20937,-0.00531,-0.01620,-1.29367,-0.00542,-0.01684,-1.34978,-0.00538,-0.01363,-1.03438,-1.67232,-0.00519,0.11936,10.12169,5.23017,0.15714,10.12169,10.12169,0.07831,8.15907,10.12169,8.35580,10.12169,10.00841,0.57697,3.96807,-4.00196
0.000,0.000000,0.030620,46.9411162022,05,08,06:20:42.884,-0.00549,-0.01021,-0.69345,-0.00550,-0.01554,-1.21471,-0.00551,-0.01631,-1.29283,-0.00538,-0.01691,-1.35417,-0.00525,-0.01357,-1.03845,-1.67220,-0.00493,0.11992,10.12169,5.23130,0.15802,10.12169,10.12169,0.07936,8.17496,10.12169,8.35897,10.12169,10.00658,0.57825,3.96947,-4.00059
0.000,0.000000,0.016031,-37.3398822022,05,08,06:20:43.133,-0.00382,-0.00852,-0.64660,-0.00355,-0.01343,-1.15444,-0.00352,-0.01396,-1.20179,-0.00348,-0.01508,-1.30986,-0.00369,-0.01234,-1.00654,-1.67130,-0.00410,0.12039,10.12169,5.23044,0.15843,10.12169,10.12169,0.07981,8.18164,10.12169,8.35809,10.12169,10.01250,0.57844,3.96972,-4.00066
0.000,0.000000,-0.011114,-173.1190982022,05,08,06:20:43.383,-0.00384,-0.00883,-0.66047,-0.00387,-0.01394,-1.17460,-0.00401,-0.01451,-1.21826,-0.00401,-0.01562,-1.32257,-0.00414,-0.01249,-1.01273,-1.67111,-0.00382,0.12099,10.12169,5.23239,0.15901,10.12169,10.12169,0.08028,8.19168,10.12169,8.36080,10.12169,10.01020,0.57846,3.96985,-4.00063
0.000,0.000000,0.008173,-216.3293382022,05,08,06:20:43.633,-0.00491,-0.00979,-0.67255,-0.00482,-0.01503,-1.20162,-0.00487,-0.01575,-1.26971,-0.00490,-0.01637,-1.34124,-0.00506,-0.01336,-1.03401,-1.67201,-0.00485,0.11967,10.12169,5.23201,0.15776,10.12169,10.12169,0.07917,8.17229,10.12169,8.35884,10.12169,10.01175,0.57710,3.96850,-4.00163
0.000,0.000000,0.032370,-255.3961042022,05,08,06:20:43.884,-0.00462,-0.00942,-0.66127,-0.00455,-0.01448,-1.18480,-0.00430,-0.01509,-1.25033,-0.00416,-0.01568,-1.32643,-0.00419,-0.01274,-1.02754,-1.67151,-0.00432,0.12031,10.12169,5.23373,0.15836,10.12169,10.12169,0.07967,8.18067,10.12169,8.36002,10.12169,10.00583,0.57831,3.96962,-4.00085
0.000,0.000000,-0.018175,-300.0000002022,05,08,06:20:44.134,-0.00475,-0.00957,-0.67063,-0.00480,-0.01481,-1.19894,-0.00488,-0.01559,-1.27123,-0.00493,-0.01653,-1.34121,-0.00474,-0.01305,-1.02432,-1.67181,-0.00464,0.12010,10.12169,5.23427,0.15829,10.12169,10.12169,0.07917,8.17614,10.12169,8.35933,10.12169,10.00694,0.57780,3.96913,-4.00122
0.000,0.000000,-0.008669,-300.0000002022,05,08,06:20:44.384,-0.00535,-0.01022,-0.68520,-0.00550,-0.01540,-1.21406,-0.00518,-0.01602,-1.28427,-0.00512,-0.01680,-1.34958,-0.00529,-0.01352,-1.03160,-1.67196,-0.00492,0.11983,10.12169,5.23272,0.15752,10.12169,10.12169,0.07853,8.16711,10.12169,8.35969,10.12169,10.00276,0.57662,3.96772,-4.00275
0.000,0.000000,-0.014929,-199.9418952022,05,08,06:20:44.633,-0.00733,-0.01215,-0.74828,-0.00700,-0.01733,-1.27303,-0.00705,-0.01815,-1.36511,-0.00712,-0.01835,-1.38705,-0.00684,-0.01519,-1.07422,-1.67338,-0.00644,0.11809,10.12169,5.23423,0.15603,10.12169,10.12169,0.07712,8.14152,10.12169,8.35762,10.12169,10.00690,0.57587,3.96717,-4.00308
0.000,0.000000,-0.007734,-137.3186652022,05,08,06:20:44.883,-0.00711,-0.01175,-0.72472,-0.00714,-0.01746,-1.27049,-0.00718,-0.01841,-1.37208,-0.00720,-0.01859,-1.39081,-0.00693,-0.01521,-1.07381,-1.67339,-0.00634,0.11866,10.12169,5.23391,0.15676,10.12169,10.12169,0.07844,8.15909,10.12169,8.36185,10.12169,10.00517,0.57726,3.96842,-4.00182
0.000,0.000000,0.072789,8.9427732022,05,08,06:20:45.134,-0.00408,-0.00885,-0.64930,-0.00401,-0.01407,-1.17195,-0.00413,-0.01473,-1.22902,-0.00418,-0.01577,-1.32153,-0.00406,-0.01239,-1.01198,-1.67120,-0.00390,0.12072,10.12169,5.23463,0.15870,10.12169,10.12169,0.07974,8.18630,10.12169,8.36142,10.12169,10.01167,0.57849,3.96983,-4.00042
0.000,0.000000,-0.025093,160.1039432022,05,08,06:20:45.384,-0.00274,-0.00763,-0.63006,-0.00260,-0.01244,-1.12897,-0.00240,-0.01269,-1.15379,-0.00270,-0.01437,-1.28851,-0.00280,-0.01108,-0.97997,-1.67009,-0.00261,0.12216,10.12169,5.23460,0.16008,10.12169,10.12169,0.08131,8.20945,10.12169,8.36181,10.12169,10.01105,0.57939,3.97080,-3.99953
0.000,0.000000,0.011915,291.7846502022,05,08,06:20:45.634,-0.00289,-0.00771,-0.61465,-0.00281,-0.01296,-1.13998,-0.00301,-0.01336,-1.17431,-0.00275,-0.01412,-1.27928,-0.00261,-0.01096,-0.97750,-1.66996,-0.00259,0.12207,10.12169,5.23375,0.16011,10.12169,10.12169,0.08127,8.20916,10.12169,8.36230,10.12169,10.01455,0.57920,3.97048,-3.99988
0.000,0.000000,-0.016896,251.8352302022,05,08,06:20:45.883,-0.00263,-0.00749,-0.61857,-0.00281,-0.01267,-1.13191,-0.00287,-0.01333,-1.17568,-0.00318,-0.01449,-1.28665,-0.00311,-0.01147,-0.98456,-1.67042,-0.00291,0.12181,10.12169,5.23602,0.15972,10.12169,10.12169,0.08075,8.20294,10.12169,8.36245,10.12169,10.01369,0.57890,3.97031,-4.00014
0.000,0.000000,0.093208,237.0669032022,05,08,06:20:46.133,-0.00341,-0.00813,-0.62017,-0.00331,-0.01323,-1.15152,-0.00301,-0.01328,-1.17922,-0.00283,-0.01443,-1.28836,-0.00288,-0.01137,-0.98495,-1.67044,-0.00281,0.12188,10.12169,5.23481,0.15968,10.12169,10.12169,0.08063,8.20134,10.12169,8.36184,10.12169,10.01325,0.57898,3.97031,-3.99986
0.000,0.000000,-0.271958,293.6041262022,05,08,06:20:46.383,-0.00310,-0.00779,-0.62684,-0.00336,-0.01340,-1.14961,-0.00363,-0.01433,-1.21051,-0.00386,-0.01519,-1.30374,-0.00366,-0.01206,-1.00146,-1.67116,-0.00389,0.12101,10.12169,5.23486,0.15864,10.12169,10.12169,0.07955,8.18632,10.12169,8.36193,10.12169,10.00538,0.57824,3.96973,-4.00050
0.000,0.000000,0.205201,272.0939912022,05,08,06:20:46.634,-0.00471,-0.00944,-0.66372,-0.00468,-0.01479,-1.19481,-0.00464,-0.01530,-1.25550,-0.00458,-0.01587,-1.32289,-0.00431,-0.01266,-1.01948,-1.67111,-0.00383,0.12083,10.12169,5.23455,0.15883,10.12169,10.12169,0.07992,8.18967,10.12169,8.36331,10.12169,10.01128,0.57810,3.96943,-4.00072
0.000,0.000000,0.060057,163.7512862022,05,08,06:20:46.884,-0.00518,-0.00997,-0.67590,-0.00557,-0.01572,-1.21494,-0.00565,-0.01656,-1.30162,-0.00552,-0.01687,-1.34477,-0.00544,-0.01375,-1.04018,-1.67239,-0.00533,0.11957,10.12169,5.23023,0.15750,10.12169,10.12169,0.07855,8.16691,10.12169,8.36165,10.12169,10.00468,0.57688,3.96823,-4.00223
0.000,0.000000,-0.123696,112.7704222022,05,08,06:20:47.134,-0.00441,-0.00943,-0.69369,-0.00437,-0.01442,-1.18432,-0.00422,-0.01486,-1.23804,-0.00437,-0.01577,-1.31943,-0.00434,-0.01280,-1.01915,-1.67145,-0.00432,0.12030,10.12169,5.22931,0.15816,10.12169,10.12169,0.07924,8.17823,10.12169,8.36160,10.12169,10.00899,0.57755,3.96876,-4.00131
0.000,0.000000,-0.291833,39.0833862022,05,08,06:20:47.383,-0.00531,-0.01011,-0.69313,-0.00542,-0.01555,-1.21775,-0.00546,-0.01633,-1.29328,-0.00547,-0.01694,-1.33937,-0.00545,-0.01376,-1.03962,-1.67243,-0.00519,0.11964,10.12169,5.22897,0.15758,10.12169,10.12169,0.07875,8.16715,10.12169,8.35958,10.12169,10.00434,0.57711,3.96831,-4.00198
0.000,0.000000,0.172508,11.1161062022,05,08,06:20:47.633,-0.00536,-0.01011,-0.68706,-0.00509,-0.01516,-1.21253,-0.00513,-0.01601,-1.28411,-0.00501,-0.01640,-1.33459,-0.00494,-0.01329,-1.02981,-1.67192,-0.00483,0.11990,10.12169,5.22888,0.15779,10.12169,10.12169,0.07894,8.17390,10.12169,8.36238,10.12169,10.00871,0.57745,3.96879,-4.00151
0.000,0.000000,-0.096479,14.2200302022,05,08,06:20:47.883,-0.00533,-0.01013,-0.68359,-0.00533,-0.01544,-1.21638,-0.00552,-0.01630,-1.29280,-0.00543,-0.01675,-1.34142,-0.00543,-0.01381,-1.04846,-1.67234,-0.00535,0.11963,10.12169,5.23076,0.15763,10.12169,10.12169,0.07878,8.17041,10.12169,8.36260,10.12169,10.00722,0.57717,3.96848,-4.00193
0.000,0.000000,-0.124955,7.5666742022,05,08,06:20:48.134,-0.00528,-0.01017,-0.68802,-0.00509,-0.01517,-1.21251,-0.00515,-0.01595,-1.27969,-0.00508,-0.01650,-1.33974,-0.00510,-0.01332,-1.02650,-1.67203,-0.00493,0.11970,10.12169,5.23056,0.15772,10.12169,10.12169,0.07891,8.17259,10.12169,8.36250,10.12169,10.01211,0.57726,3.96857,-4.00160
0.000,0.000000,-0.215208,-6.7134952022,05,08,06:20:48.384,-0.00536,-0.01031,-0.70238,-0.00544,-0.01557,-1.21872,-0.00549,-0.01644,-1.29237,-0.00543,-0.01681,-1.34316,-0.00546,-0.01373,-1.03957,-1.67229,-0.00519,0.11961,10.12169,5.23121,0.15765,10.12169,10.12169,0.07875,8.16960,10.12169,8.36156,10.12169,10.01005,0.57723,3.96858,-4.00183
0.000,0.000000,0.162648,-6.7914292022,05,08,06:20:48.634,-0.00552,-0.01035,-0.70142,-0.00528,-0.01540,-1.21867,-0.00530,-0.01614,-1.28601,-0.00526,-0.01662,-1.33964,-0.00526,-0.01364,-1.03823,-1.67214,-0.00505,0.11964,10.12169,5.23214,0.15756,10.12169,10.12169,0.07859,8.16939,10.12169,8.36157,10.12169,10.00583,0.57716,3.96844,-4.00167
0.000,0.000000,0.010589,-7.9581172022,05,08,06:20:48.883,-0.00521,-0.01009,-0.69508,-0.00531,-0.01531,-1.21239,-0.00532,-0.01607,-1.28515,-0.00524,-0.01656,-1.33372,-0.00522,-0.01366,-1.04408,-1.67211,-0.00497,0.11982,10.12169,5.23424,0.15792,10.12169,10.12169,0.07898,8.17255,10.12169,8.36113,10.12169,10.00711,0.57742,3.96882,-4.00155
0.000,0.000000,-0.020233,-13.7119192022,05,08,06:20:49.133,-0.00458,-0.00941,-0.66807,-0.00439,-0.01456,-1.19147,-0.00442,-0.01507,-1.24497,-0.00446,-0.01579,-1.31926,-0.00442,-0.01280,-1.01934,-1.67157,-0.00422,0.12037,10.12169,5.23806,0.15835,10.12169,10.12169,0.07961,8.18372,10.12169,8.36325,10.12169,10.01048,0.57789,3.96927,-4.00092
0.000,0.000000,-0.050924,-9.4611952022,05,08,06:20:49.384,-0.00365,-0.00855,-0.64954,-0.00373,-0.01390,-1.17266,-0.00373,-0.01420,-1.20812,-0.00372,-0.01507,-1.30229,-0.00356,-0.01206,-1.00555,-1.67083,-0.00353,0.12131,10.12169,5.23647,0.15928,10.12169,10.12169,0.08048,8.19816,10.12169,8.36390,10.12169,10.01070,0.57875,3.97007,-4.00020
0.000,0.000000,-0.009124,-19.6453002022,05,08,06:20:49.634,-0.00349,-0.00825,-0.63804,-0.00335,-0.01339,-1.15563,-0.00337,-0.01379,-1.19398,-0.00341,-0.01482,-1.29171,-0.00342,-0.01190,-1.00128,-1.67092,-0.00351,0.12119,10.12169,5.23512,0.15908,10.12169,10.12169,0.08024,8.19550,10.12169,8.36355,10.12169,10.01005,0.57843,3.96979,-4.00035
0.000,0.000000,-0.005172,-7.9702092022,05,08,06:20:49.884,-0.00436,-0.00915,-0.67105,-0.00440,-0.01454,-1.19031,-0.00450,-0.01517,-1.24354,-0.00450,-0.01593,-1.31416,-0.00450,-0.01302,-1.02421,-1.67171,-0.00438,0.12046,10.12169,5.23625,0.15843,10.12169,10.12169,0.07962,8.18451,10.12169,8.36440,10.12169,10.00581,0.57789,3.96920,-4.00117
0.000,0.000000,0.049442,-20.0749342022,05,08,06:20:50.133,-0.00506,-0.01006,-0.68862,-0.00497,-0.01500,-1.20331,-0.00517,-0.01585,-1.27793,-0.00506,-0.01643,-1.32962,-0.00503,-0.01347,-1.03512,-1.67211,-0.00504,0.11974,10.12169,5.23664,0.15764,10.12169,10.12169,0.07870,8.17116,10.12169,8.36238,10.12169,10.00784,0.57714,3.96842,-4.00175
0.000,0.000000,-0.030920,-32.0830522022,05,08,06:20:50.383,-0.00566,-0.01069,-0.71056,-0.00586,-0.01588,-1.22313,-0.00592,-0.01684,-1.30722,-0.00586,-0.01719,-1.34998,-0.00590,-0.01424,-1.05015,-1.67260,-0.00557,0.11920,10.12169,5.23383,0.15738,10.12169,10.12169,0.07859,8.18350,10.12169,8.38349,10.12169,10.00858,0.57677,3.96820,-4.00233
0.000,0.000000,-0.015212,-11.1230632022,05,08,06:20:50.633,-0.00611,-0.01106,-0.71853,-0.00592,-0.01606,-1.23475,-0.00592,-0.01709,-1.32255,-0.00591,-0.01721,-1.35044,-0.00602,-0.01429,-1.05542,-1.67266,-0.00561,0.11894,10.12169,5.23781,0.15699,10.12169,10.12169,0.07825,8.18100,10.12169,8.38370,10.12169,10.00838,0.57660,3.96792,-4.00223
0.000,0.000000,-0.010459,-6.3971472022,05,08,06:20:50.884,-0.00610,-0.01102,-0.71925,-0.00617,-0.01626,-1.23837,-0.00629,-0.01728,-1.32490,-0.00620,-0.01756,-1.36251,-0.00619,-0.01500,-1.10053,-1.67288,-0.00583,0.11906,10.12169,5.23487,0.15705,10.12169,10.12169,0.07822,8.17412,10.12169,8.37536,10.12169,10.00123,0.57664,3.96801,-4.00244
0.000,0.000000,-0.002159,-3.2410542022,05,08,06:20:51.134,-0.00627,-0.01120,-0.71755,-0.00616,-0.01614,-1.23810,-0.00615,-0.01724,-1.33597,-0.00604,-0.01734,-1.35434,-0.00610,-0.01479,-1.08651,-1.67282,-0.00583,0.11887,10.12169,5.23828,0.15676,10.12169,10.12169,0.07796,8.17041,10.12169,8.37569,10.12169,10.00593,0.57641,3.96769,-4.00237
0.000,0.000000,0.011834,-2.2444642022,05,08,06:20:51.384,-0.00621,-0.01106,-0.71983,-0.00636,-0.01650,-1.24467,-0.00629,-0.01735,-1.33114,-0.00632,-0.01758,-1.36073,-0.00626,-0.01493,-1.09823,-1.67287,-0.00588,0.11906,10.12169,5.23766,0.15705,10.12169,10.12169,0.07828,8.17188,10.12169,8.37319,10.12169,10.00556,0.57652,3.96794,-4.00252
0.000,0.000000,0.014709,-12.7768042022,05,08,06:20:51.633,-0.00641,-0.01129,-0.72182,-0.00625,-0.01648,-1.25236,-0.00621,-0.01723,-1.33485,-0.00622,-0.01749,-1.36356,-0.00608,-0.01499,-1.10878,-1.67282,-0.00577,0.11885,10.12169,5.23532,0.15674,10.12169,10.12169,0.07810,8.18190,10.12169,8.38723,10.12169,10.00879,0.57640,3.96765,-4.00241
0.000,0.000000,0.010184,-5.4328692022,05,08,06:20:51.884,-0.00634,-0.01114,-0.71559,-0.00647,-0.01668,-1.24901,-0.00646,-0.01756,-1.33860,-0.00654,-0.01795,-1.37003,-0.00651,-0.01520,-1.10129,-1.67323,-0.00607,0.11880,10.12169,5.23834,0.15671,10.12169,10.12169,0.07812,8.18072,10.12169,8.38634,10.12169,10.00083,0.57642,3.96760,-4.00275
0.000,0.000000,0.010732,-7.7305332022,05,08,06:20:52.133,-0.00670,-0.01166,-0.74431,-0.00636,-0.01659,-1.25567,-0.00640,-0.01750,-1.34043,-0.00627,-0.01771,-1.36177,-0.00629,-0.01509,-1.10245,-1.67304,-0.00600,0.11866,10.12169,5.23655,0.15667,10.12169,10.12169,0.07793,8.17838,10.12169,8.38606,10.12169,10.00867,0.57625,3.96760,-4.00263
0.000,0.000000,0.001228,-9.5794462022,05,08,06:20:52.384,-0.00653,-0.01148,-0.73167,-0.00659,-0.01678,-1.25269,-0.00678,-0.01784,-1.35183,-0.00660,-0.01796,-1.37698,-0.00660,-0.01534,-1.10851,-1.67322,-0.00637,0.11874,10.12169,5.23926,0.15680,10.12169,10.12169,0.07805,8.18062,10.12169,8.38751,10.12169,10.00563,0.57639,3.96771,-4.00286
0.000,0.000000,0.011395,-4.4103612022,05,08,06:20:52.634,-0.00675,-0.01167,-0.72762,-0.00654,-0.01675,-1.25660,-0.00661,-0.01767,-1.34743,-0.00645,-0.01815,-1.40262,-0.00647,-0.01510,-1.09980,-1.67303,-0.00618,0.11859,10.12169,5.23782,0.15657,10.12169,10.12169,0.07786,8.17948,10.12169,8.38854,10.12169,10.00754,0.57615,3.96750,-4.00271
0.000,0.000000,0.006997,-15.6213122022,05,08,06:20:52.884,-0.00654,-0.01132,-0.71959,-0.00664,-0.01681,-1.25372,-0.00668,-0.01795,-1.35109,-0.00666,-0.01828,-1.39989,-0.00679,-0.01539,-1.10986,-1.67323,-0.00620,0.11857,10.12169,5.24086,0.15671,10.12169,10.12169,0.07803,8.17850,10.12169,8.38625,10.12169,10.00307,0.57632,3.96759,-4.00286
0.000,0.000000,-0.008465,-8.4068662022,05,08,06:20:53.133,-0.00676,-0.01158,-0.73101,-0.00654,-0.01674,-1.26296,-0.00651,-0.01768,-1.34922,-0.00645,-0.01808,-1.39408,-0.00643,-0.01530,-1.10412,-1.67309,-0.00611,0.11857,10.12169,5.23782,0.15645,10.12169,10.12169,0.07770,8.17710,10.12169,8.38763,10.12169,10.00584,0.57611,3.96746,-4.00272
0.000,0.000000,-0.009433,-2.6658882022,05,08,06:20:53.383,-0.00656,-0.01140,-0.72703,-0.00672,-0.01678,-1.25400,-0.00670,-0.01788,-1.35508,-0.00669,-0.01826,-1.39987,-0.00665,-0.01556,-1.11545,-1.67322,-0.00632,0.11869,10.12169,5.22992,0.15663,10.12169,10.12169,0.07790,8.17927,10.12169,8.38779,10.12169,10.00594,0.57624,3.96769,-4.00277
0.000,0.000000,-0.014188,-2.4243932022,05,08,06:20:53.634,-0.00670,-0.01167,-0.73781,-0.00651,-0.01674,-1.26050,-0.00648,-0.01758,-1.34217,-0.00651,-0.01801,-1.39059,-0.00641,-0.01511,-1.10539,-1.67309,-0.00614,0.11855,10.12169,5.23181,0.15650,10.12169,10.12169,0.07787,8.18066,10.12169,8.39013,10.12169,10.00937,0.57602,3.96748,-4.00269
0.000,0.000000,-0.000859,-4.1336462022,05,08,06:20:53.885,-0.00642,-0.01117,-0.71299,-0.00651,-0.01690,-1.25965,-0.00654,-0.01766,-1.34182,-0.00663,-0.01810,-1.39055,-0.00644,-0.01529,-1.10880,-1.67310,-0.00607,0.11891,10.12169,5.23937,0.15681,10.12169,10.12169,0.07810,8.18087,10.12169,8.38748,10.12169,10.00410,0.57628,3.96768,-4.00270
0.000,0.000000,0.014426,-16.7254912022,05,08,06:20:54.134,-0.00660,-0.01136,-0.71512,-0.00638,-0.01663,-1.25379,-0.00636,-0.01730,-1.33090,-0.00633,-0.01799,-1.38951,-0.00626,-0.01505,-1.10495,-1.67311,-0.00605,0.11881,10.12169,5.24071,0.15651,10.12169,10.12169,0.07791,8.18086,10.12169,8.38845,10.12169,10.01043,0.57629,3.96747,-4.00259
0.000,0.000000,0.021281,-20.5129102022,05,08,06:20:54.383,-0.00636,-0.01103,-0.70797,-0.00645,-0.01660,-1.25181,-0.00645,-0.01747,-1.33522,-0.00646,-0.01813,-1.39263,-0.00634,-0.01513,-1.10867,-1.67306,-0.00613,0.11908,10.12169,5.24029,0.15697,10.12169,10.12169,0.07820,8.18482,10.12169,8.38910,10.12169,10.00283,0.57647,3.96785,-4.00281
0.000,0.000000,-0.016287,-1.2658782022,05,08,06:20:54.633,-0.00650,-0.01140,-0.72254,-0.00625,-0.01640,-1.24859,-0.00636,-0.01727,-1.32975,-0.00622,-0.01781,-1.38789,-0.00618,-0.01500,-1.10892,-1.67286,-0.00601,0.11894,10.12169,5.24065,0.15677,10.12169,10.12169,0.07804,8.18110,10.12169,8.38752,10.12169,10.00300,0.57623,3.96768,-4.00266
0.000,0.000000,-0.015113,-12.145466