%Mission: 
%Operator: 
%Time: 2022,05,08,06:21:01.944
%File: C:\Users\pop\Documents\5STARG_Data\5STARG_20220508_062101_RADIOMETERS.dat
%Notes: 
YYYY,MM,DD,hh:mm:ss,CH1_0,CH1_2,CH1_4,CH2_0,CH2_2,CH2_4,CH3_0,CH3_2,CH3_4,CH4_0,CH4_2,CH4_4,CH5_0,CH5_2,CH5_4,Here,CH6_0,CH6_2,CH6_4,CH7_0,CH7_2,CH7_4,CH8_0,CH8_2,CH8_4,CH9_0,CH9_2,CH9_4,SPARE,5vRef_Temp,12POS_0_33,12NEG_0_33
2022,05,08,06:21:02.134,-0.00648,-0.01127,-0.71660,-0.00622,-0.01644,-1.25185,-0.00625,-0.01725,-1.32162,-0.00617,-0.01781,-1.38832,-0.00628,-0.01476,-1.08330,-1.67288,-0.00594,0.11897,10.12169,5.24321,0.15699,10.12169,10.12169,0.07813,8.18890,10.12169,8.39452,10.12169,9.93643,0.57626,3.96785,-4.00259
0.000,0.000000,0.617139,-168.9306762022,05,08,06:21:06.883,-0.00646,-0.01122,-0.72077,-0.00633,-0.01641,-1.25029,-0.00610,-0.01710,-1.32974,-0.00603,-0.01771,-1.38545,-0.00607,-0.01480,-1.08196,-1.67277,-0.00589,0.11919,10.12169,5.24863,0.15744,10.12169,10.12169,0.07869,8.18194,10.12169,8.38015,10.12169,9.91875,0.57787,3.96968,-4.00064
0.000,0.000000,0.605957,-167.6220832022,05,08,06:21:07.134,-0.00273,-0.00755,-0.61943,-0.00296,-0.01298,-1.14724,-0.00306,-0.01340,-1.18252,-0.00312,-0.01489,-1.31380,-0.00324,-0.01194,-1.01758,-1.67078,-0.00343,0.12165,10.12169,5.24742,0.15949,10.12169,10.12169,0.08050,8.21100,10.12169,8.37754,10.12169,9.82721,0.57812,3.96976,-4.00065
0.000,0.000000,-0.244439,-107.1967552022,05,08,06:21:07.384,-0.00372,-0.00836,-0.62905,-0.00369,-0.01366,-1.16231,-0.00347,-0.01402,-1.20757,-0.00367,-0.01535,-1.33481,-0.00363,-0.01244,-1.02811,-1.67112,-0.00394,0.12101,10.12169,5.24910,0.15889,10.12169,10.12169,0.07991,8.20337,10.12169,8.37914,10.12169,9.84810,0.57781,3.96951,-4.00078
0.000,0.000000,-0.064799,-77.8822702022,05,08,06:21:07.634,-0.00389,-0.00862,-0.64975,-0.00391,-0.01402,-1.17637,-0.00402,-0.01459,-1.22465,-0.00416,-0.01555,-1.30811,-0.00423,-0.01276,-1.04233,-1.67112,-0.00375,0.12128,10.12169,5.24958,0.15897,10.12169,10.12169,0.08018,8.20602,10.12169,8.37970,10.12169,9.86569,0.57813,3.96968,-4.00056
0.000,0.000000,0.639427,-60.3853742022,05,08,06:21:07.883,-0.00382,-0.00852,-0.63966,-0.00370,-0.01380,-1.16986,-0.00373,-0.01425,-1.21665,-0.00366,-0.01523,-1.30416,-0.00369,-0.01250,-1.03633,-1.67106,-0.00369,0.12138,10.12169,5.25063,0.15943,10.12169,10.12169,0.08064,8.21347,10.12169,8.38118,10.12169,9.88167,0.57850,3.97013,-4.00007
0.000,0.000000,-0.617617,-33.4954532022,05,08,06:21:08.133,-0.00382,-0.00871,-0.64849,-0.00400,-0.01418,-1.18327,-0.00430,-0.01488,-1.23543,-0.00419,-0.01555,-1.31112,-0.00415,-0.01298,-1.04413,-1.67147,-0.00423,0.12096,10.12169,5.24693,0.15887,10.12169,10.12169,0.07992,8.20347,10.12169,8.38056,10.12169,9.90170,0.57781,3.96938,-4.00122
0.000,0.000000,0.682649,-22.5482562022,05,08,06:21:08.383,-0.00408,-0.00896,-0.66062,-0.00385,-0.01391,-1.17796,-0.00391,-0.01432,-1.22615,-0.00360,-0.01501,-1.31073,-0.00335,-0.01202,-1.02360,-1.67068,-0.00344,0.12164,10.12169,5.24684,0.15944,10.12169,10.12169,0.08040,8.21157,10.12169,8.37985,10.12169,9.91458,0.57812,3.96971,-4.00064
0.000,0.000000,0.054895,-10.2267182022,05,08,06:21:08.634,-0.00364,-0.00841,-0.64170,-0.00358,-0.01366,-1.17447,-0.00361,-0.01414,-1.21579,-0.00367,-0.01505,-1.29926,-0.00374,-0.01234,-1.02409,-1.67107,-0.00363,0.12152,10.12169,5.24682,0.15943,10.12169,10.12169,0.08027,8.20648,10.12169,8.37689,10.12169,9.92467,0.57836,3.96996,-4.00050
0.000,0.000000,-0.719172,1.7845582022,05,08,06:21:08.884,-0.00428,-0.00903,-0.65293,-0.00414,-0.01423,-1.18575,-0.00417,-0.01482,-1.23468,-0.00419,-0.01554,-1.31818,-0.00420,-0.01285,-1.04385,-1.67135,-0.00421,0.12122,10.12169,5.24737,0.15880,10.12169,10.12169,0.07982,8.20163,10.12169,8.37971,10.12169,9.92855,0.57778,3.96950,-4.00094
0.000,0.000000,0.886557,-7.2848632022,05,08,06:21:09.134,-0.00397,-0.00868,-0.65156,-0.00405,-0.01417,-1.17809,-0.00401,-0.01468,-1.23238,-0.00391,-0.01527,-1.30812,-0.00374,-0.01246,-1.03187,-1.67089,-0.00353,0.12194,10.12169,5.24703,0.15958,10.12169,10.12169,0.08042,8.21043,10.12169,8.37802,10.12169,9.93839,0.57828,3.96981,-4.00053
0.000,0.000000,-0.622493,2.2000882022,05,08,06:21:09.383,-0.00387,-0.00867,-0.64896,-0.00365,-0.01363,-1.16732,-0.00370,-0.01423,-1.21610,-0.00383,-0.01512,-1.30168,-0.00388,-0.01262,-1.03002,-1.67120,-0.00396,0.12158,10.12169,5.24659,0.15902,10.12169,10.12169,0.08012,8.22550,10.12169,8.40137,10.12169,9.95153,0.57792,3.96967,-4.00061
0.000,0.000000,-0.804330,-0.5210962022,05,08,06:21:09.633,-0.00435,-0.00914,-0.65807,-0.00443,-0.01461,-1.18755,-0.00450,-0.01483,-1.21495,-0.00453,-0.01593,-1.32244,-0.00451,-0.01309,-1.04350,-1.67168,-0.00442,0.12113,10.12169,5.24849,0.15871,10.12169,10.12169,0.07996,8.22153,10.12169,8.40100,10.12169,9.95606,0.57772,3.96934,-4.00102
0.000,0.000000,0.659539,-4.8567052022,05,08,06:21:09.883,-0.00433,-0.00894,-0.65425,-0.00402,-0.01416,-1.18029,-0.00417,-0.01438,-1.19040,-0.00421,-0.01553,-1.30787,-0.00415,-0.01287,-1.04234,-1.67150,-0.00422,0.12082,10.12169,5.24800,0.15878,10.12169,10.12169,0.07996,8.22456,10.12169,8.40253,10.12169,9.96336,0.57769,3.96924,-4.00096
0.000,0.000000,0.192846,-3.4635992022,05,08,06:21:10.134,-0.00422,-0.00910,-0.66674,-0.00420,-0.01424,-1.18455,-0.00407,-0.01439,-1.19027,-0.00419,-0.01567,-1.31600,-0.00434,-0.01292,-1.04158,-1.67155,-0.00414,0.12112,10.12169,5.24919,0.15912,10.12169,10.12169,0.08043,8.22853,10.12169,8.40118,10.12169,9.97416,0.57787,3.96953,-4.00095
0.000,0.000000,-0.477218,-6.9134682022,05,08,06:21:10.384,-0.00464,-0.00954,-0.68289,-0.00446,-0.01451,-1.18885,-0.00448,-0.01476,-1.20917,-0.00435,-0.01576,-1.31529,-0.00437,-0.01300,-1.04898,-1.67151,-0.00431,0.12089,10.12169,5.24685,0.15888,10.12169,10.12169,0.08023,8.22452,10.12169,8.40148,10.12169,9.98072,0.57796,3.96968,-4.00071
0.000,0.000000,0.658375,-10.4184012022,05,08,06:21:10.634,-0.00392,-0.00872,-0.64957,-0.00405,-0.01408,-1.18126,-0.00410,-0.01431,-1.19223,-0.00407,-0.01543,-1.30017,-0.00407,-0.01279,-1.04301,-1.67125,-0.00396,0.12131,10.12169,5.25033,0.15923,10.12169,10.12169,0.08042,8.22761,10.12169,8.40092,10.12169,9.98388,0.57803,3.96964,-4.00086
0.000,0.000000,-0.285466,0.8682532022,05,08,06:21:10.883,-0.00384,-0.00865,-0.64874,-0.00360,-0.01370,-1.16827,-0.00351,-0.01374,-1.17337,-0.00357,-0.01497,-1.29329,-0.00383,-0.01251,-1.02962,-1.67112,-0.00381,0.12121,10.12169,5.24812,0.15916,10.12169,10.12169,0.08028,8.22655,10.12169,8.39995,10.12169,9.99495,0.57789,3.96950,-4.00081
0.000,0.000000,-0.533000,6.0631352022,05,08,06:21:11.133,-0.00406,-0.00911,-0.67846,-0.00416,-0.01415,-1.17699,-0.00402,-0.01439,-1.19249,-0.00403,-0.01543,-1.30996,-0.00412,-0.01261,-1.03557,-1.67104,-0.00370,0.12156,10.12169,5.24899,0.15930,10.12169,10.12169,0.08030,8.23101,10.12169,8.40212,10.12169,9.99373,0.57815,3.96979,-4.00064
0.000,0.000000,0.905350,-12.7865122022,05,08,06:21:11.384,-0.00363,-0.00850,-0.64301,-0.00367,-0.01382,-1.17640,-0.00366,-0.01382,-1.17518,-0.00369,-0.01513,-1.30487,-0.00368,-0.01239,-1.02995,-1.67097,-0.00371,0.12139,10.12169,5.24750,0.15935,10.12169,10.12169,0.08045,8.23371,10.12169,8.40430,10.12169,9.99736,0.57808,3.96977,-4.00059
0.000,0.000000,-0.937721,8.1389342022,05,08,06:21:11.634,-0.00376,-0.00866,-0.65532,-0.00389,-0.01388,-1.16964,-0.00373,-0.01399,-1.18251,-0.00380,-0.01524,-1.30608,-0.00385,-0.01273,-1.04650,-1.67126,-0.00392,0.12122,10.12169,5.25126,0.15924,10.12169,10.12169,0.08035,8.23090,10.12169,8.40428,10.12169,10.00227,0.57804,3.96973,-4.00077
0.000,0.000000,-0.430081,-1.2048832022,05,08,06:21:11.884,-0.00398,-0.00879,-0.66277,-0.00364,-0.01380,-1.17329,-0.00370,-0.01383,-1.17539,-0.00386,-0.01530,-1.31057,-0.00380,-0.01249,-1.03432,-1.67100,-0.00375,0.12140,10.12169,5.25079,0.15927,10.12169,10.12169,0.08055,8.23213,10.12169,8.40400,10.12169,10.00668,0.57812,3.96977,-4.00055
0.000,0.000000,0.725566,-2.2770942022,05,08,06:21:12.133,-0.00372,-0.00864,-0.65626,-0.00380,-0.01392,-1.17518,-0.00377,-0.01400,-1.18112,-0.00389,-0.01534,-1.30698,-0.00390,-0.01258,-1.03577,-1.67126,-0.00391,0.12129,10.12169,5.25029,0.15921,10.12169,10.12169,0.08047,8.23166,10.12169,8.40460,10.12169,10.00559,0.57817,3.96984,-4.00063
0.000,0.000000,-0.870969,0.4410582022,05,08,06:21:12.383,-0.00391,-0.00865,-0.65035,-0.00370,-0.01386,-1.17436,-0.00376,-0.01392,-1.17605,-0.00380,-0.01535,-1.30748,-0.00385,-0.01271,-1.04236,-1.67126,-0.00383,0.12129,10.12169,5.25110,0.15912,10.12169,10.12169,0.08040,8.23027,10.12169,8.40301,10.12169,10.00525,0.57800,3.96954,-4.00074
0.000,0.000000,0.578101,3.0058512022,05,08,06:21:12.633,-0.00348,-0.00818,-0.63593,-0.00364,-0.01373,-1.16493,-0.00381,-0.01393,-1.17671,-0.00387,-0.01531,-1.31087,-0.00374,-0.01253,-1.03678,-1.67108,-0.00371,0.12152,10.12169,5.24832,0.15952,10.12169,10.12169,0.08064,8.23479,10.12169,8.40433,10.12169,10.00749,0.57822,3.96988,-4.00072
0.000,0.000000,0.825087,-7.0333912022,05,08,06:21:12.884,-0.00333,-0.00835,-0.64959,-0.00325,-0.01318,-1.14894,-0.00325,-0.01318,-1.14182,-0.00324,-0.01464,-1.29357,-0.00308,-0.01176,-1.02028,-1.67044,-0.00308,0.12208,10.12169,5.25023,0.15985,10.12169,10.12169,0.08081,8.24120,10.12169,8.40546,10.12169,10.01227,0.57824,3.96984,-4.00055
0.000,0.000000,-0.857071,-2.5638412022,05,08,06:21:13.134,-0.00371,-0.00864,-0.64298,-0.00388,-0.01381,-1.17140,-0.00378,-0.01373,-1.16059,-0.00383,-0.01528,-1.30541,-0.00388,-0.01255,-1.03035,-1.67118,-0.00390,0.12134,10.12169,5.25095,0.15924,10.12169,10.12169,0.08039,8.23339,10.12169,8.40533,10.12169,10.00668,0.57804,3.96964,-4.00079
0.000,0.000000,0.555606,-9.6434382022,05,08,06:21:13.384,-0.00414,-0.00889,-0.65067,-0.00399,-0.01400,-1.17627,-0.00386,-0.01418,-1.18781,-0.00379,-0.01518,-1.30774,-0.00382,-0.01253,-1.03885,-1.67109,-0.00376,0.12138,10.12169,5.25162,0.15945,10.12169,10.12169,0.08060,8.23655,10.12169,8.40596,10.12169,10.01169,0.57800,3.96972,-4.00059
0.000,0.000000,1.000000,-16.0924722022,05,08,06:21:13.633,-0.00329,-0.00828,-0.64679,-0.00338,-0.01337,-1.15550,-0.00337,-0.01342,-1.15873,-0.00338,-0.01484,-1.29601,-0.00350,-0.01226,-1.02681,-1.67083,-0.00348,0.12175,10.12169,5.25034,0.15971,10.12169,10.12169,0.08077,8.23783,10.12169,8.40393,10.12169,10.00709,0.57837,3.97003,-4.00045
0.000,0.000000,-0.639107,5.7269112022,05,08,06:21:13.883,-0.00410,-0.00884,-0.64765,-0.00404,-0.01404,-1.17784,-0.00394,-0.01420,-1.18625,-0.00402,-0.01533,-1.30631,-0.00381,-0.01250,-1.03562,-1.67082,-0.00348,0.12155,10.12169,5.25146,0.15934,10.12169,10.12169,0.08027,8.23352,10.12169,8.40639,10.12169,10.01242,0.57801,3.96978,-4.00063
0.000,0.000000,-0.644687,-4.3263312022,05,08,06:21:14.133,-0.00418,-0.00895,-0.65996,-0.00415,-0.01440,-1.19109,-0.00425,-0.01448,-1.19666,-0.00431,-0.01563,-1.31563,-0.00417,-0.01288,-1.04406,-1.67137,-0.00412,0.12096,10.12169,5.25044,0.15916,10.12169,10.12169,0.08038,8.23087,10.12169,8.40534,10.12169,10.00977,0.57799,3.96969,-4.00087
0.000,0.000000,1.000000,-11.8694082022,05,08,06:21:14.384,-0.00449,-0.00928,-0.66732,-0.00424,-0.01442,-1.18735,-0.00421,-0.01432,-1.18960,-0.00411,-0.01543,-1.31364,-0.00389,-0.01254,-1.03431,-1.67112,-0.00390,0.12104,10.12169,5.25112,0.15909,10.12169,10.12169,0.08037,8.22958,10.12169,8.40337,10.12169,10.00940,0.57799,3.96959,-4.00065
0.000,0.000000,-0.592036,11.0594622022,05,08,06:21:14.634,-0.00415,-0.00888,-0.65546,-0.00407,-0.01423,-1.18657,-0.00411,-0.01435,-1.19479,-0.00415,-0.01575,-1.31511,-0.00420,-0.01282,-1.03930,-1.67142,-0.00412,0.12086,10.12169,5.25126,0.15897,10.12169,10.12169,0.08027,8.23047,10.12169,8.40660,10.12169,10.00880,0.57822,3.96974,-4.00063
0.000,0.000000,-0.799860,2.3240702022,05,08,06:21:14.884,-0.00461,-0.00939,-0.67087,-0.00438,-0.01442,-1.18851,-0.00438,-0.01470,-1.20862,-0.00440,-0.01614,-1.35105,-0.00439,-0.01299,-1.03840,-1.67163,-0.00442,0.12052,10.12169,5.25060,0.15868,10.12169,10.12169,0.07993,8.22412,10.12169,8.40398,10.12169,10.00946,0.57758,3.96932,-4.00114
0.000,0.000000,0.785144,-8.5155912022,05,08,06:21:15.133,-0.00452,-0.00932,-0.66373,-0.00461,-0.01459,-1.18929,-0.00457,-0.01503,-1.24644,-0.00404,-0.01590,-1.35312,-0.00404,-0.01276,-1.03930,-1.67137,-0.00399,0.12118,10.12169,5.24974,0.15941,10.12169,10.12169,0.08073,8.23655,10.12169,8.40725,10.12169,10.00944,0.57815,3.96993,-4.00064
0.000,0.000000,-0.750051,-17.8651862022,05,08,06:21:15.383,-0.00417,-0.00888,-0.65022,-0.00392,-0.01406,-1.17860,-0.00405,-0.01474,-1.23245,-0.00410,-0.01581,-1.34402,-0.00417,-0.01283,-1.03179,-1.67134,-0.00418,0.12055,10.12169,5.25093,0.15851,10.12169,10.12169,0.07978,8.22608,10.12169,8.40771,10.12169,10.01066,0.57758,3.96922,-4.00114
0.000,0.000000,-1.000000,2.7173002022,05,08,06:21:15.634,-0.00462,-0.00944,-0.66954,-0.00472,-0.01481,-1.19888,-0.00486,-0.01567,-1.26638,-0.00483,-0.01657,-1.36287,-0.00481,-0.01333,-1.05401,-1.67177,-0.00456,0.12037,10.12169,5.25091,0.15857,10.12169,10.12169,0.07971,8.22278,10.12169,8.40576,10.12169,10.00807,0.57757,3.96919,-4.00136
0.000,0.000000,0.311686,-13.4584112022,05,08,06:21:15.884,-0.00468,-0.00948,-0.67291,-0.00453,-0.01470,-1.19815,-0.00460,-0.01525,-1.24970,-0.00459,-0.01632,-1.35977,-0.00458,-0.01328,-1.04377,-1.67167,-0.00461,0.12038,10.12169,5.25142,0.15851,10.12169,10.12169,0.07959,8.22286,10.12169,8.40779,10.12169,10.00932,0.57744,3.96914,-4.00121
0.000,0.000000,-0.222036,-0.8546172022,05,08,06:21:16.134,-0.00375,-0.00848,-0.64009,-0.00419,-0.01439,-1.18157,-0.00432,-0.01491,-1.23390,-0.00432,-0.01604,-1.35105,-0.00415,-0.01294,-1.04642,-1.67144,-0.00416,0.12087,10.12169,5.25019,0.15894,10.12169,10.12169,0.07995,8.22856,10.12169,8.40715,10.12169,10.00729,0.57753,3.96915,-4.00136
0.000,0.000000,0.421608,4.1901002022,05,08,06:21:16.383,-0.00449,-0.00931,-0.66695,-0.00421,-0.01448,-1.19323,-0.00416,-0.01483,-1.24462,-0.00406,-0.01561,-1.34621,-0.00385,-0.01255,-1.04096,-1.67097,-0.00388,0.12085,10.12169,5.25181,0.15898,10.12169,10.12169,0.08019,8.23328,10.12169,8.40958,10.12169,10.01017,0.57754,3.96934,-4.00099
0.000,0.000000,0.780197,-2.9013782022,05,08,06:21:16.633,-0.00449,-0.00949,-0.67936,-0.00458,-0.01478,-1.19731,-0.00464,-0.01532,-1.25244,-0.00468,-0.01640,-1.35737,-0.00463,-0.01334,-1.05381,-1.67176,-0.00448,0.12035,10.12169,5.25174,0.15874,10.12169,10.12169,0.08014,8.23001,10.12169,8.40945,10.12169,10.00948,0.57800,3.96963,-4.00083
0.000,0.000000,-1.000000,9.4290542022,05,08,06:21:16.883,-0.00392,-0.00877,-0.65125,-0.00363,-0.01378,-1.17213,-0.00356,-0.01413,-1.20953,-0.00345,-0.01538,-1.33251,-0.00359,-0.01236,-1.03058,-1.67107,-0.00362,0.12101,10.12169,5.25011,0.15957,10.12169,10.12169,0.08072,8.23930,10.12169,8.40679,10.12169,10.01667,0.57821,3.96986,-4.00038
0.000,0.000000,-0.683606,-2.5803122022,05,08,06:21:17.134,-0.00399,-0.00871,-0.64845,-0.00395,-0.01407,-1.18201,-0.00408,-0.01462,-1.22117,-0.00406,-0.01580,-1.33900,-0.00388,-0.01257,-1.04209,-1.67108,-0.00375,0.12099,10.12169,5.25228,0.15950,10.12169,10.12169,0.08073,8.23681,10.12169,8.40679,10.12169,10.01068,0.57832,3.96989,-4.00071
0.000,0.000000,1.000000,-16.6161282022,05,08,06:21:17.384,-0.00450,-0.00944,-0.67453,-0.00434,-0.01452,-1.18828,-0.00457,-0.01519,-1.24903,-0.00453,-0.01630,-1.35897,-0.00453,-0.01328,-1.05342,-1.67168,-0.00459,0.12013,10.12169,5.25264,0.15854,10.12169,10.12169,0.07967,8.22288,10.12169,8.40702,10.12169,10.01313,0.57731,3.96908,-4.00128
0.000,0.000000,-1.000000,0.6400502022,05,08,06:21:17.634,-0.00386,-0.00870,-0.65323,-0.00403,-0.01400,-1.18447,-0.00420,-0.01487,-1.23122,-0.00420,-0.01580,-1.34885,-0.00408,-0.01276,-1.03941,-1.67135,-0.00411,0.12072,10.12169,5.25325,0.15917,10.12169,10.12169,0.08044,8.23666,10.12169,8.41107,10.12169,10.01212,0.57802,3.96960,-4.00090
0.000,0.000000,-0.597111,1.1483472022,05,08,06:21:17.883,-0.00459,-0.00916,-0.64433,-0.00437,-0.01456,-1.19769,-0.00435,-0.01486,-1.23507,-0.00405,-0.01580,-1.35099,-0.00404,-0.01256,-1.03904,-1.67112,-0.00396,0.12058,10.12169,5.26836,0.15932,10.12169,10.12169,0.08059,8.23544,10.12169,8.40640,10.12169,10.01129,0.57789,3.96978,-4.00063
0.000,0.000000,1.000000,-10.7988072022,05,08,06:21:18.133,-0.00518,-0.00991,-0.67635,-0.00525,-0.01546,-1.22188,-0.00535,-0.01614,-1.28176,-0.00529,-0.01691,-1.37167,-0.00527,-0.01391,-1.05867,-1.67224,-0.00499,0.11981,10.12169,5.27246,0.15826,10.12169,10.12169,0.07927,8.21765,10.12169,8.40710,10.12169,10.00197,0.57694,3.96861,-4.00195
0.000,0.000000,0.262489,1.9904952022,05,08,06:21:18.383,-0.00557,-0.01028,-0.68314,-0.00529,-0.01521,-1.21811,-0.00452,-0.01525,-1.26151,-0.00428,-0.01593,-1.35885,-0.00412,-0.01285,-1.03863,-1.67120,-0.00380,0.12115,10.12169,5.27647,0.15945,10.12169,10.12169,0.08010,8.23430,10.12169,8.40862,10.12169,10.00520,0.57816,3.96979,-4.00049
0.000,0.000000,1.000000,3.2895832022,05,08,06:21:18.634,-0.00341,-0.00797,-0.63270,-0.00319,-0.01329,-1.16275,-0.00362,-0.01420,-1.20557,-0.00423,-0.01582,-1.34124,-0.00378,-0.01205,-1.02670,-1.67050,-0.00298,0.12173,10.12169,5.27557,0.16015,10.12169,10.12169,0.08141,8.25069,10.12169,8.41134,10.12169,10.01111,0.57883,3.97065,-3.99997
0.000,0.000000,1.000000,-1.0254632022,05,08,06:21:18.884,-0.00377,-0.00837,-0.62025,-0.00348,-0.01384,-1.16851,-0.00323,-0.01386,-1.19784,-0.00293,-0.01485,-1.32524,-0.00280,-0.01140,-1.01168,-1.67043,-0.00318,0.12131,10.12169,5.27675,0.15984,10.12169,10.12169,0.08132,8.24898,10.12169,8.41140,10.12169,10.01139,0.57819,3.96998,-4.00011
0.000,0.000000,1.000000,-1.0254632022,05,08,06:21:19.134,-0.00332,-0.00768,-0.62502,-0.00311,-0.01377,-1.16001,-0.00329,-0.01393,-1.19419,-0.00315,-0.01485,-1.33211,-0.00362,-0.01228,-1.01931,-1.67116,-0.00370,0.12134,10.12169,5.27484,0.15998,10.12169,10.12169,0.08081,8.24339,10.12169,8.40984,10.12169,10.00913,0.57798,3.96969,-4.00066
0.000,0.000000,1.000000,-1.0254632022,05,08,06:21:19.383,-0.00430,-0.00914,-0.65360,-0.00408,-0.01432,-1.19160,-0.00445,-0.01497,-1.23802,-0.00433,-0.01610,-1.35773,-0.00388,-0.01232,-1.03507,-1.67069,-0.00341,0.12100,10.12169,5.27604,0.15941,10.12169,10.12169,0.08031,8.23723,10.12169,8.41002,10.12169,10.01169,0.57799,3.96979,-4.00074
0.000,0.000000,1.000000,-1.0254632022,05,08,06:21:19.633,-0.00350,-0.00812,-0.63047,-0.00363,-0.01359,-1.16400,-0.00353,-0.01415,-1.21200,-0.00323,-0.01526,-1.33577,-0.00339,-0.01231,-1.02442,-1.67050,-0.00291,0.12183,10.12169,5.25727,0.15968,10.12169,10.12169,0.08086,8.24501,10.12169,8.41018,10.12169,10.00923,0.57812,3.96973,-4.00052
0.000,0.000000,1.000000,-1.0254632022,05,08,06:21:19.884,-0.00313,-0.00801,-0.62336,-0.00304,-0.01295,-1.14890,-0.00323,-0.01366,-1.18098,-0.00345,-0.01546,-1.33600,-0.00338,-0.01162,-1.01719,-1.67068,-0.00351,0.12163,10.12169,5.25538,0.16052,10.12169,10.12169,0.08136,8.25194,10.12169,8.41205,10.12169,10.01178,0.57883,3.97071,-3.99981
0.000,0.000000,1.000000,-1.0254632022,05,08,06:21:20.134,-0.00269,-0.00752,-0.61031,-0.00314,-0.01329,-1.16215,-0.00325,-0.01352,-1.17635,-0.00316,-0.01508,-1.33559,-0.00323,-0.01198,-1.02803,-1.67047,-0.00315,0.12159,10.12169,5.25572,0.16025,10.12169,10.12169,0.08165,8.25162,10.12169,8.41115,10.12169,10.01343,0.57861,3.97020,-4.00021
0.000,0.000000,1.000000,-1.0254632022,05,08,06:21:20.384,-0.00297,-0.00772,-0.61700,-0.00293,-0.01296,-1.14874,-0.00265,-0.01296,-1.16601,-0.00247,-0.01439,-1.32483,-0.00245,-0.01142,-1.01667,-1.66995,-0.00255,0.12220,10.12169,5.25494,0.16057,10.12169,10.12169,0.08170,8.25909,10.12169,8.41275,10.12169,10.00687,0.57909,3.97084,-3.99963
0.000,0.000000,1.000000,-1.0254632022,05,08,06:21:20.633,-0.00210,-0.00694,-0.58483,-0.00230,-0.01230,-1.13432,-0.00220,-0.01239,-1.13476,-0.00217,-0.01399,-1.31172,-0.00218,-0.01096,-1.00605,-1.66964,-0.00213,0.12275,10.12169,5.25300,0.16082,10.12169,10.12169,0.08198,8.26435,10.12169,8.41292,10.12169,10.01200,0.57917,3.97103,-3.99948
0.000,0.000000,1.000000,-1.0254632022,05,08,06:21:20.883,-0.00205,-0.00696,-0.60454,-0.00195,-0.01206,-1.12077,-0.00212,-0.01228,-1.13414,-0.00229,-0.01407,-1.30654,-0.00198,-0.01067,-0.98963,-1.66976,-0.00221,0.12259,10.12169,5.25644,0.16095,10.12169,10.12169,0.08203,8.24413,10.12169,8.38916,10.12169,10.01487,0.57960,3.97144,-3.99890
0.000,0.000000,1.000000,-1.0254632022,05,08,06:21:21.133,-0.00147,-0.00277,-0.27250,-0.00158,-0.01123,-1.06568,-0.00170,-0.01087,-1.01646,-0.00203,-0.01419,-1.32374,-0.00221,-0.01210,-1.11242,-1.52097,-0.00221,0.12183,5.30775,4.86332,0.15894,4.98391,4.85213,0.08221,4.44334,4.29822,3.99189,4.28265,3.52442,0.51980,1.34806,-2.91889
0.000,0.000000,1.000000,-1.0254632022,05,08,06:21:21.384,-0.64284,-3.97938,-4.11992,-0.81407,-3.74284,-3.73067,-0.88580,-3.37847,-3.30784,-1.05976,-2.99601,-2.92174,-1.08269,-2.60878,-2.48426,-0.06871,0.00021,-0.86498,-1.71936,-0.82127,-0.82098,-1.41313,-1.56964,-0.76366,-1.11610,-1.21944,-1.16279,-1.25396,-1.75595,-0.18103,-0.06328,-0.71675
0.000,0.000000,1.000000,-1.0254632022,05,08,06:21:21.634,-0.67786,-0.68459,-0.70513,-0.66673,-0.67395,-0.69424,-0.65913,-0.66531,-0.68205,-0.64658,-0.64978,-0.70149,-0.65737,-0.65715,-0.69997,-0.24128,-0.00034,-0.64623,-0.66181,-0.63870,-0.64438,-0.65677,-0.64301,-0.64282,-0.64255,-0.59693,-0.58939,-0.63513,-1.16081,-0.06837,-0.02236,-0.34173
0.000,0.000000,1.000000,-1.0254632022,05,08,06:21:21.884,-0.61897,-0.52494,-0.55088,-0.60300,-0.51986,-0.53945,-0.60263,-0.51412,-0.52293,-0.58350,-0.49558,-0.53705,-0.61222,-0.49845,-0.52476,-0.05443,-0.00050,-0.61107,-0.48127,-0.46771,-0.61284,-0.47306,-0.46884,-0.61863,-0.46601,-0.38144,-0.39464,-0.46430,-0.99580,0.03384,0.01140,-0.20720
0.000,0.000000,1.000000,-1.0254632022,05,08,06:21:22.133,-0.61678,-0.38729,-0.40977,-0.60066,-0.38644,-0.39777,-0.60049,-0.38219,-0.38609,-0.58060,-0.36247,-0.40244,-0.61021,-0.36952,-0.39107,-0.02636,-0.00043,-0.60360,-0.35001,-0.34266,-0.60494,-0.34236,-0.34280,-0.61143,-0.33892,-0.24402,-0.26472,-0.34042,-0.87649,0.08624,0.02886,-0.18139
0.000,0.000000,1.000000,-1.0254632022,05,08,06:21:22.383,-0.61519,-0.28555,-0.30450,-0.59891,-0.28708,-0.29304,-0.59878,-0.28401,-0.28494,-0.57805,-0.26503,-0.30137,-0.60862,-0.27380,-0.29123,-0.01562,-0.00048,-0.59602,-0.25429,-0.25096,-0.59709,-0.24755,-0.25016,-0.60394,-0.24643,-0.15431,-0.17661,-0.24920,-0.78714,0.11337,0.03797,-0.16723
0.000,0.000000,1.000000,-1.0254632022,05,08,06:21:22.633,-0.61391,-0.21070,-0.22653,-0.59744,-0.21345,-0.21614,-0.59750,-0.21112,-0.21044,-0.57589,-0.19389,-0.22581,-0.60743,-0.20302,-0.21702,-0.00857,-0.00051,-0.58777,-0.18478,-0.18365,-0.58836,-0.17953,-0.18224,-0.59551,-0.17971,-0.09703,-0.11716,-0.18200,-0.73199,0.12590,0.04221,-0.15482
0.000,0.000000,1.000000,-1.0254632022,05,08,06:21:22.884,-0.61296,-0.15568,-0.16865,-0.59635,-0.15886,-0.15953,-0.59647,-0.15713,-0.15565,-0.57426,-0.14200,-0.16945,-0.60637,-0.15067,-0.16186,-0.00365,-0.00048,-0.57874,-0.13483,-0.13440,-0.57874,-0.13087,-0.13242,-0.58597,-0.13186,-0.06034,-0.07751,-0.13269,-0.67725,0.12926,0.04339,-0.14204
0.000,0.000000,1.000000,-1.0254632022,05,08,06:21:23.134,-0.61221,-0.11503,-0.12559,-0.59546,-0.11828,-0.11787,-0.59561,-0.11703,-0.11520,-0.57318,-0.10409,-0.12724,-0.60559,-0.11196,-0.12090,-0.00130,-0.00046,-0.56902,-0.09879,-0.09812,-0.56854,-0.09589,-0.09589,-0.57558,-0.09750,-0.03660,-0.05080,-0.09622,-0.64331,0.12683,0.04251,-0.12880
0.000,0.000000,1.000000,-1.0254632022,05,08,06:21:23.384,-0.61155,-0.08518,-0.09371,-0.59476,-0.08816,-0.08725,-0.59491,-0.08727,-0.08542,-0.57242,-0.07643,-0.09570,-0.60494,-0.08332,-0.09033,-0.00054,-0.00044,-0.55914,-0.07284,-0.07159,-0.55833,-0.07072,-0.06902,-0.56520,-0.07266,-0.02137,-0.03287,-0.06954,-0.61838,0.12051,0.04035,-0.11512
0.000,0.000000,1.000000,-1.0254632022,05,08,06:21:23.633,-0.61098,-0.06316,-0.07001,-0.59415,-0.06584,-0.06479,-0.59439,-0.06526,-0.06355,-0.57181,-0.05631,-0.07216,-0.60436,-0.06208,-0.06770,-0.00037,-0.00053,-0.54956,-0.05383,-0.05209,-0.54854,-0.05239,-0.04931,-0.55525,-0.05465,-0.01174,-0.02087,-0.04974,-0.59922,0.11192,0.03738,-0.10163
0.000,0.000000,1.000000,-1.0254632022,05,08,06:21:23.883,-0.61030,-0.04690,-0.05237,-0.59356,-0.04917,-0.04811,-0.59376,-0.04877,-0.04735,-0.57126,-0.04141,-0.05445,-0.60375,-0.04636,-0.05077,-0.00032,-0.00048,-0.54059,-0.04011,-0.03777,-0.53947,-0.03906,-0.03489,-0.54598,-0.04156,-0.00551,-0.01291,-0.03527,-0.58539,0.10170,0.03388,-0.08875
0.000,0.000000,1.000000,-1.0254632022,05,08,06:21:24.134,-0.60915,-0.03485,-0.03929,-0.59266,-0.03684,-0.03588,-0.59282,-0.03654,-0.03534,-0.57060,-0.03056,-0.04125,-0.60255,-0.03471,-0.03821,-0.00036,-0.00049,-0.53243,-0.03041,-0.02721,-0.53118,-0.02953,-0.02427,-0.53759,-0.03235,-0.00170,-0.00748,-0.02460,-0.57463,0.09083,0.03020,-0.07686
0.000,0.000000,1.000000,-1.0254632022,05,08,06:21:24.384,-0.60611,-0.02606,-0.02949,-0.59056,-0.02761,-0.02685,-0.59043,-0.02742,-0.02656,-0.56928,-0.02262,-0.03131,-0.59935,-0.02602,-0.02877,-0.00033,-0.00050,-0.52489,-0.02397,-0.01958,-0.52370,-0.02317,-0.01651,-0.52998,-0.02624,0.00069,-0.00384,-0.01680,-0.56343,0.08002,0.02657,-0.06619
0.000,0.000000,1.000000,-1.0254632022,05,08,06:21:24.634,-0.59873,-0.01949,-0.02227,-0.58541,-0.02080,-0.02017,-0.58473,-0.02068,-0.02000,-0.56613,-0.01682,-0.02389,-0.59195,-0.01966,-0.02177,-0.00038,-0.00049,-0.51788,-0.01990,-0.01384,-0.51681,-0.01921,-0.01090,-0.52289,-0.02245,0.00205,-0.00149,-0.01113,-0.56025,0.06962,0.02304,-0.05703
0.000,0.000000,1.000000,-1.0254632022,05,08,06:21:24.883,-0.58609,-0.01522,-0.01743,-0.57605,-0.01647,-0.01593,-0.57455,-0.01644,-0.01604,-0.56030,-0.01349,-0.01898,-0.57950,-0.01557,-0.01725,-0.00102,-0.00111,-0.51163,-0.01794,-0.01032,-0.51070,-0.01737,-0.00755,-0.51691,-0.02055,0.00196,-0.00085,-0.00773,-0.56047,0.05922,0.01905,-0.04992
0.000,0.000000,1.000000,-1.0254632022,05,08,06:21:25.133,-0.56950,-0.01248,-0.01416,-0.56209,-0.01340,-0.01299,-0.56006,-0.01343,-0.01318,-0.55011,-0.01112,-0.01568,-0.56367,-0.01314,-0.01433,-0.00186,-0.00227,-0.50547,-0.01663,-0.00833,-0.50495,-0.01629,-0.00540,-0.51052,-0.01893,0.00173,-0.00057,-0.00538,-0.55988,0.04979,0.01540,-0.04381
0.000,0.000000,1.000000,-1.0254632022,05,08,06:21:25.383,-0.55123,-0.01038,-0.01151,-0.54551,-0.01116,-0.01082,-0.54324,-0.01114,-0.01085,-0.53633,-0.00926,-0.01280,-0.54566,-0.01082,-0.01169,-0.00228,-0.00287,-0.49833,-0.01509,-0.00672,-0.49829,-0.01501,-0.00384,-0.50337,-0.01727,0.00134,-0.00046,-0.00365,-0.55546,0.04151,0.01237,-0.03834
0.000,0.000000,1.000000,-1.0254632022,05,08,06:21:25.634,-0.53331,-0.00857,-0.00944,-0.52846,-0.00927,-0.00888,-0.52623,-0.00953,-0.00923,-0.52161,-0.00807,-0.01084,-0.52854,-0.00928,-0.00968,-0.00251,-0.00287,-0.48980,-0.01279,-0.00501,-0.49038,-0.01304,-0.00209,-0.49488,-0.01487,0.00160,0.00008,-0.00198,-0.55560,0.03520,0.01028,-0.03298
0.000,0.000000,1.000000,-1.0254632022,05,08,06:21:25.885,-0.51680,-0.00746,-0.00784,-0.51231,-0.00769,-0.00724,-0.50973,-0.00767,-0.00737,-0.50603,-0.00663,-0.00870,-0.51187,-0.00769,-0.00789,-0.00213,-0.00275,-0.48078,-0.01106,-0.00402,-0.48234,-0.01154,-0.00157,-0.48656,-0.01336,0.00089,-0.00043,-0.00146,-0.55488,0.02903,0.00805,-0.02873
0.000,0.000000,1.000000,-1.0254632022,05,08,06:21:26.134,-0.50196,-0.00639,-0.00662,-0.49777,-0.00682,-0.00636,-0.49527,-0.00685,-0.00663,-0.49214,-0.00592,-0.00751,-0.49711,-0.00648,-0.00671,-0.00242,-0.00278,-0.47144,-0.00917,-0.00328,-0.47366,-0.00959,-0.00063,-0.47719,-0.01119,0.00105,-0.00005,-0.00031,-0.55435,0.02471,0.00681,-0.02472
0.000,0.000000,1.000000,-1.0254632022,05,08,06:21:26.383,-0.48825,-0.00561,-0.00569,-0.48431,-0.00554,-0.00482,-0.48154,-0.00543,-0.00533,-0.47884,-0.00490,-0.00592,-0.48373,-0.00571,-0.00550,-0.00204,-0.00270,-0.46216,-0.00743,-0.00245,-0.46472,-0.00735,0.00035,-0.46734,-0.00856,0.00113,-0.00025,0.00046,-0.55217,0.02044,0.00539,-0.02142
0.000,0.000000,1.000000,-1.0254632022,05,08,06:21:26.633,-0.47638,-0.00535,-0.00534,-0.47287,-0.00566,-0.00515,-0.47019,-0.00549,-0.00523,-0.46796,-0.00527,-0.00626,-0.47267,-0.00598,-0.00576,-0.00301,-0.00353,-0.45362,-0.00652,-0.00273,-0.45678,-0.00697,-0.00047,-0.45973,-0.00837,0.00033,-0.00053,0.00003,-0.55420,0.01660,0.00363,-0.01912
0.000,0.000000,1.000000,-1.0254632022,05,08,06:21:26.883,-0.46541,-0.00486,-0.00459,-0.46178,-0.00489,-0.00429,-0.45912,-0.00483,-0.00439,-0.45663,-0.00424,-0.00481,-0.46113,-0.00467,-0.00430,-0.00233,-0.00276,-0.44464,-0.00472,-0.00192,-0.44812,-0.00535,0.00050,-0.45043,-0.00601,0.00122,0.00036,0.00110,-0.54841,0.01500,0.00395,-0.01560
0.000,0.000000,1.000000,-1.0254632022,05,08,06:21:27.134,-0.45536,-0.00404,-0.00392,-0.45164,-0.00397,-0.00369,-0.44931,-0.00430,-0.00396,-0.44701,-0.00412,-0.00433,-0.45142,-0.00410,-0.00367,-0.00181,-0.00236,-0.43608,-0.00300,-0.00105,-0.43952,-0.00336,0.00101,-0.44207,-0.00453,0.00087,0.00001,0.00128,-0.55554,0.01255,0.00271,-0.01420
0.000,0.000000,1.000000,-1.0254632022,05,08,06:21:27.384,-0.44658,-0.00364,-0.00320,-0.44282,-0.00339,-0.00302,-0.44027,-0.00348,-0.00301,-0.43804,-0.00331,-0.00351,-0.44276,-0.00379,-0.00323,-0.00153,-0.00185,-0.42833,-0.00220,-0.00096,-0.43214,-0.00213,0.00132,-0.43471,-0.00356,0.00200,0.00065,0.00144,-0.55178,0.01033,0.00238,-0.01169
0.000,0.000000,1.000000,-1.0254632022,05,08,06:21:27.634,-0.43788,-0.00239,-0.00206,-0.43428,-0.00253,-0.00234,-0.43217,-0.00291,-0.00281,-0.43023,-0.00277,-0.00292,-0.43458,-0.00296,-0.00258,-0.00108,-0.00134,-0.42109,-0.00083,-0.00028,-0.42534,-0.00121,0.00167,-0.42755,-0.00234,0.00219,0.00081,0.00197,-0.55326,0.00971,0.00241,-0.00963
0.000,0.000000,1.000000,-1.0254632022,05,08,06:21:27.883,-0.43111,-0.00227,-0.00203,-0.42741,-0.00228,-0.00205,-0.42503,-0.00235,-0.00222,-0.42303,-0.00223,-0.00244,-0.42764,-0.00247,-0.00205,-0.00088,-0.00111,-0.41464,-0.00004,-0.00004,-0.41915,-0.00036,0.00190,-0.42118,-0.00156,0.00218,0.00111,0.00228,-0.54505,0.00861,0.00222,-0.00815
0.000,0.000000,1.000000,-1.0254632022,05,08,06:21:28.133,-0.42484,-0.00204,-0.00175,-0.42100,-0.00193,-0.00179,-0.41869,-0.00202,-0.00204,-0.41674,-0.00198,-0.00220,-0.42144,-0.00225,-0.00192,-0.00090,-0.00109,-0.40887,0.00044,0.00008,-0.41361,0.00008,0.00204,-0.41549,-0.00090,0.00207,0.00120,0.00238,-0.55174,0.00776,0.00203,-0.00701
0.000,0.000000,1.000000,-1.0254632022,05,08,06:21:28.384,-0.41986,-0.00258,-0.00237,-0.41629,-0.00259,-0.00267,-0.41382,-0.00258,-0.00268,-0.41202,-0.00283,-0.00285,-0.41661,-0.00294,-0.00255,-0.00161,-0.00198,-0.40445,-0.00008,-0.00081,-0.40957,-0.00037,0.00115,-0.41116,-0.00133,0.00113,0.00021,0.00132,-0.54930,0.00571,0.00068,-0.00719
0.000,0.000000,1.000000,-1.0254632022,05,08,06:21:28.634,-0.41488,-0.00263,-0.00242,-0.41136,-0.00255,-0.00248,-0.40899,-0.00275,-0.00265,-0.40696,-0.00247,-0.00269,-0.41172,-0.00288,-0.00252,-0.00166,-0.00201,-0.39993,0.00013,-0.00078,-0.40491,-0.00017,0.00102,-0.40663,-0.00107,0.00099,0.00018,0.00138,-0.55139,0.00520,0.00065,-0.00636
0.000,0.000000,1.000000,-1.0254632022,05,08,06:21:28.884,-0.41046,-0.00263,-0.00224,-0.40676,-0.00253,-0.00237,-0.40446,-0.00265,-0.00254,-0.40252,-0.00254,-0.00260,-0.40724,-0.00274,-0.00235,-0.00150,-0.00198,-0.39559,0.00045,-0.00064,-0.40059,0.00011,0.00096,-0.40244,-0.00089,0.00087,0.00019,0.00138,-0.54971,0.00459,0.00047,-0.00561
0.000,0.000000,1.000000,-1.0254632022,05,08,06:21:29.133,-0.40626,-0.00253,-0.00233,-0.40273,-0.00259,-0.00241,-0.40035,-0.00270,-0.00257,-0.39846,-0.00254,-0.00259,-0.40330,-0.00278,-0.00236,-0.00161,-0.00193,-0.39185,0.00047,-0.00064,-0.39684,0.00035,0.00094,-0.39857,-0.00066,0.00081,0.00013,0.00126,-0.54937,0.00414,0.00031,-0.00513
0.000,0.000000,1.000000,-1.0254632022,05,08,06:21:29.383,-0.40257,-0.00246,-0.00213,-0.39889,-0.00238,-0.00219,-0.39645,-0.00243,-0.00237,-0.39469,-0.00236,-0.00233,-0.39942,-0.00258,-0.00215,-0.00146,-0.00185,-0.38822,0.00067,-0.00063,-0.39327,0.00049,0.00099,-0.39494,-0.00047,0.00072,0.00024,0.00128,-0.55180,0.00380,0.00044,-0.00441
0.000,0.000000,1.000000,-1.0254632022,05,08,06:21:29.633,-0.39896,-0.00222,-0.00191,-0.39538,-0.00223,-0.00204,-0.39292,-0.00227,-0.00221,-0.39118,-0.00227,-0.00226,-0.39593,-0.00252,-0.00201,-0.00138,-0.00162,-0.38479,0.00081,-0.00051,-0.38995,0.00068,0.00104,-0.39162,-0.00022,0.00079,0.00020,0.00136,-0.55367,0.00362,0.00031,-0.00416
0.000,0.000000,1.000000,-1.0254632022,05,08,06:21:29.884,-0.39587,-0.00215,-0.00181,-0.39217,-0.00206,-0.00186,-0.38972,-0.00214,-0.00212,-0.38802,-0.00215,-0.00210,-0.39274,-0.00233,-0.00188,-0.00126,-0.00160,-0.38178,0.00084,-0.00054,-0.38703,0.00067,0.00093,-0.38859,-0.00024,0.00076,0.00016,0.00123,-0.55048,0.00323,0.00024,-0.00377
0.000,0.000000,1.000000,-1.0254632022,05,08,06:21:30.134,-0.39296,-0.00208,-0.00184,-0.38932,-0.00217,-0.00190,-0.38691,-0.00222,-0.00211,-0.38522,-0.00218,-0.00217,-0.38999,-0.00235,-0.00197,-0.00129,-0.00161,-0.37904,0.00096,-0.00053,-0.38427,0.00079,0.00091,-0.38587,-0.00014,0.00072,0.00015,0.00123,-0.55160,0.00304,0.00012,-0.00363
0.000,0.000000,1.000000,-1.0254632022,05,08,06:21:30.384,-0.39041,-0.00209,-0.00177,-0.38662,-0.00206,-0.00184,-0.38417,-0.00210,-0.00202,-0.38251,-0.00211,-0.00203,-0.38736,-0.00226,-0.00185,-0.00128,-0.00158,-0.37657,0.00090,-0.00055,-0.38188,0.00073,0.00085,-0.38338,-0.00012,0.00058,0.00003,0.00109,-0.54894,0.00279,0.00004,-0.00342
0.000,0.000000,1.000000,-1.0254632022,05,08,06:21:30.633,-0.38798,-0.00207,-0.00179,-0.38429,-0.00205,-0.00195,-0.38176,-0.00214,-0.00204,-0.38010,-0.00213,-0.00208,-0.38498,-0.00233,-0.00187,-0.00132,-0.00155,-0.37415,0.00090,-0.00058,-0.37951,0.00078,0.00079,-0.38104,-0.00005,0.00055,-0.00001,0.00104,-0.55296,0.00264,-0.00002,-0.00334
0.000,0.000000,1.000000,-1.0254632022,05,08,06:21:30.883,-0.38572,-0.00210,-0.00171,-0.38196,-0.00201,-0.00179,-0.37947,-0.00209,-0.00200,-0.37780,-0.00206,-0.00202,-0.38272,-0.00222,-0.00180,-0.00126,-0.00158,-0.37200,0.00078,-0.00065,-0.37734,0.00065,0.00070,-0.37886,-0.00019,0.00050,-0.00006,0.00099,-0.54941,0.00242,-0.00005,-0.00318
0.000,0.000000,1.000000,-1.0254632022,05,08,06:21:31.134,-0.38362,-0.00205,-0.00177,-0.37989,-0.00205,-0.00185,-0.37741,-0.00212,-0.00203,-0.37580,-0.00209,-0.00211,-0.38066,-0.00232,-0.00184,-0.00129,-0.00158,-0.37001,0.00084,-0.00064,-0.37526,0.00072,0.00066,-0.37684,-0.00011,0.00048,-0.00004,0.00090,-0.54930,0.00233,-0.00013,-0.00306
0.000,0.000000,1.000000,-1.0254632022,05,08,06:21:31.384,-0.38167,-0.00214,-0.00172,-0.37784,-0.00201,-0.00182,-0.37537,-0.00208,-0.00199,-0.37373,-0.00206,-0.00202,-0.37871,-0.00227,-0.00179,-0.00123,-0.00163,-0.36811,0.00072,-0.00069,-0.37348,0.00059,0.00052,-0.37497,-0.00025,0.00038,-0.00018,0.00082,-0.54727,0.00213,-0.00018,-0.00290
0.000,0.000000,1.000000,-1.0254632022,05,08,06:21:31.634,-0.37982,-0.00203,-0.00179,-0.37615,-0.00205,-0.00187,-0.37354,-0.00220,-0.00203,-0.37195,-0.00209,-0.00204,-0.37693,-0.00227,-0.00186,-0.00135,-0.00163,-0.36623,0.00069,-0.00066,-0.37160,0.00062,0.00052,-0.37314,-0.00016,0.00038,-0.00017,0.00077,-0.55345,0.00210,-0.00024,-0.00283
0.000,0.000000,1.000000,-1.0254632022,05,08,06:21:31.884,-0.37818,-0.00209,-0.00173,-0.37434,-0.00196,-0.00178,-0.37174,-0.00203,-0.00201,-0.37024,-0.00208,-0.00199,-0.37512,-0.00229,-0.00180,-0.00132,-0.00162,-0.36462,0.00062,-0.00076,-0.36999,0.00050,0.00041,-0.37154,-0.00021,0.00031,-0.00029,0.00062,-0.55474,0.00186,-0.00032,-0.00280
0.000,0.000000,1.000000,-1.0254632022,05,08,06:21:32.133,-0.37653,-0.00202,-0.00175,-0.37275,-0.00205,-0.00185,-0.37014,-0.00212,-0.00205,-0.36861,-0.00212,-0.00202,-0.37351,-0.00226,-0.00186,-0.00134,-0.00163,-0.36296,0.00070,-0.00078,-0.36838,0.00058,0.00041,-0.36985,-0.00022,0.00033,-0.00020,0.00063,-0.54819,0.00179,-0.00031,-0.00272
0.000,0.000000,1.000000,-1.0254632022,05,08,06:21:32.383,-0.37504,-0.00204,-0.00171,-0.37110,-0.00207,-0.00177,-0.36847,-0.00204,-0.00190,-0.36702,-0.00208,-0.00196,-0.37193,-0.00222,-0.00180,-0.00130,-0.00167,-0.36153,0.00052,-0.00083,-0.36689,0.00049,0.00029,-0.36840,-0.00031,0.00021,-0.00030,0.00058,-0.54819,0.00164,-0.00038,-0.00264
0.000,0.000000,1.000000,-1.0254632022,05,08,06:21:32.634,-0.37346,-0.00204,-0.00176,-0.36967,-0.00203,-0.00187,-0.36706,-0.00217,-0.00198,-0.36558,-0.00212,-0.00200,-0.37050,-0.00222,-0.00183,-0.00133,-0.00164,-0.35999,0.00059,-0.00081,-0.36551,0.00048,0.00035,-0.36693,-0.00029,0.00018,-0.00032,0.00054,-0.55012,0.00162,-0.00040,-0.00263
0.000,0.000000,1.000000,-1.0254632022,05,08,06:21:32.884,-0.37224,-0.00207,-0.00164,-0.36826,-0.00195,-0.00180,-0.36561,-0.00204,-0.00196,-0.36408,-0.00208,-0.00192,-0.36905,-0.00219,-0.00172,-0.00131,-0.00162,-0.35873,0.00051,-0.00091,-0.36415,0.00033,0.00023,-0.36558,-0.00030,0.00008,-0.00038,0.00043,-0.54947,0.00150,-0.00045,-0.00259
0.000,0.000000,1.000000,-1.0254632022,05,08,06:21:33.134,-0.37083,-0.00205,-0.00175,-0.36697,-0.00200,-0.00183,-0.36432,-0.00217,-0.00198,-0.36282,-0.00211,-0.00199,-0.36779,-0.00224,-0.00180,-0.00136,-0.00164,-0.35734,0.00051,-0.00084,-0.36277,0.00033,0.00019,-0.36423,-0.00029,0.00026,-0.00038,0.00046,-0.55330,0.00149,-0.00043,-0.00259
0.000,0.000000,1.000000,-1.0254632022,05,08,06:21:33.383,-0.36966,-0.00210,-0.00167,-0.36569,-0.00200,-0.00178,-0.36299,-0.00203,-0.00191,-0.36149,-0.00208,-0.00200,-0.36654,-0.00221,-0.00176,-0.00127,-0.00168,-0.35619,0.00037,-0.00090,-0.36161,0.00023,0.00005,-0.36303,-0.00040,0.00019,-0.00044,0.00034,-0.54943,0.00136,-0.00049,-0.00248
0.000,0.000000,1.000000,-1.025463