%Mission: MLO2022
%Operator: 
%Time: 2022,05,08,06:27:23.111
%File: C:\Users\pop\Documents\5STARG_Data\5STARG_20220508_062723_RADIOMETERS.dat
%Notes: 
YYYY,MM,DD,hh:mm:ss,CH1_0,CH1_2,CH1_4,CH2_0,CH2_2,CH2_4,CH3_0,CH3_2,CH3_4,CH4_0,CH4_2,CH4_4,CH5_0,CH5_2,CH5_4,Here,CH6_0,CH6_2,CH6_4,CH7_0,CH7_2,CH7_4,CH8_0,CH8_2,CH8_4,CH9_0,CH9_2,CH9_4,SPARE,5vRef_Temp,12POS_0_33,12NEG_0_33
2022,05,08,06:27:23.134,-0.00595,-0.01127,-0.74996,-0.00589,-0.01648,-1.27781,-0.00599,-0.01748,-1.37405,-0.00587,-0.01768,-1.40076,-0.00603,-0.01532,-1.14888,-1.67281,-0.00580,0.12161,10.12169,5.38039,0.16074,10.12169,10.12169,0.08029,8.37721,10.12169,8.57861,10.12169,9.83351,0.57570,3.96852,-4.00264
,tracking,0.000,0.000000,1.000000,-300.0000002022,05,08,06:27:39.733,-0.00626,-0.01146,-0.76791,-0.00610,-0.01651,-1.27059,-0.00610,-0.01784,-1.40001,-0.00583,-0.01756,-1.38804,-0.00562,-0.01495,-1.14698,-1.67250,-0.00514,0.12280,10.12169,5.38676,0.16178,10.12169,10.12169,0.08144,8.39411,10.12169,8.58108,10.12169,9.86748,0.57672,3.96958,-4.00108
,tracking,0.000,0.000000,0.997801,-300.0000002022,05,08,06:27:39.883,-0.00396,-0.00894,-0.67911,-0.00405,-0.01442,-1.21327,-0.00357,-0.01467,-1.29321,-0.00329,-0.01511,-1.32551,-0.00367,-0.01334,-1.10805,-1.67125,-0.00382,0.12400,10.12169,5.38872,0.16277,10.12169,10.12169,0.08231,8.41151,10.12169,8.58287,10.12169,9.75142,0.57702,3.96998,-4.00115
,tracking,0.000,0.000000,0.162298,-240.1576342022,05,08,06:27:40.134,-0.00471,-0.00984,-0.70736,-0.00470,-0.01531,-1.23946,-0.00484,-0.01641,-1.34537,-0.00486,-0.01649,-1.36249,-0.00433,-0.01346,-1.12348,-1.67129,-0.00392,0.12387,10.12169,5.38820,0.16285,10.12169,10.12169,0.08220,8.40955,10.12169,8.58255,10.12169,9.76582,0.57706,3.97005,-4.00113
,tracking,0.000,0.000000,-0.901074,-153.4657472022,05,08,06:27:40.384,-0.00435,-0.00963,-0.69946,-0.00425,-0.01481,-1.22457,-0.00444,-0.01603,-1.33000,-0.00442,-0.01605,-1.34755,-0.00447,-0.01384,-1.11872,-1.67166,-0.00443,0.12334,10.12169,5.38868,0.16234,10.12169,10.12169,0.08162,8.40093,10.12169,8.58203,10.12169,9.79147,0.57694,3.96986,-4.00141
,tracking,0.000,0.000000,0.219742,-115.3103972022,05,08,06:27:40.634,-0.00481,-0.01016,-0.72884,-0.00478,-0.01531,-1.24448,-0.00483,-0.01634,-1.34081,-0.00486,-0.01660,-1.36288,-0.00472,-0.01419,-1.13024,-1.67195,-0.00467,0.12312,10.12169,5.38938,0.16194,10.12169,10.12169,0.08135,8.39533,10.12169,8.58013,10.12169,9.80987,0.57621,3.96907,-4.00189
,tracking,0.000,0.000000,-1.000000,-67.3030222022,05,08,06:27:40.883,-0.00465,-0.00998,-0.72071,-0.00460,-0.01500,-1.22525,-0.00476,-0.01637,-1.34605,-0.00473,-0.01651,-1.36198,-0.00495,-0.01440,-1.12969,-1.67209,-0.00498,0.12290,10.12169,5.39068,0.16177,10.12169,10.12169,0.08106,8.39005,10.12169,8.57890,10.12169,9.83713,0.57615,3.96902,-4.00214
,tracking,0.000,0.000000,0.840332,-46.1426612022,05,08,06:27:41.133,-0.00551,-0.01094,-0.74040,-0.00546,-0.01603,-1.26075,-0.00560,-0.01708,-1.36957,-0.00550,-0.01720,-1.37721,-0.00521,-0.01466,-1.14350,-1.67217,-0.00509,0.12283,10.12169,5.38876,0.16177,10.12169,10.12169,0.08112,8.39070,10.12169,8.58020,10.12169,9.85056,0.57625,3.96932,-4.00174
,tracking,0.000,0.000000,-0.975985,-35.6477062022,05,08,06:27:41.383,-0.00514,-0.01027,-0.71911,-0.00503,-0.01552,-1.25236,-0.00494,-0.01644,-1.34180,-0.00494,-0.01682,-1.38549,-0.00518,-0.01450,-1.13413,-1.67223,-0.00494,0.12282,10.12169,5.39089,0.16170,10.12169,10.12169,0.08093,8.38909,10.12169,8.58023,10.12169,9.87624,0.57601,3.96886,-4.00220
,tracking,0.000,0.000000,0.088479,-22.7915182022,05,08,06:27:41.634,-0.00551,-0.01072,-0.73080,-0.00556,-0.01606,-1.26508,-0.00571,-0.01744,-1.37387,-0.00572,-0.01767,-1.40710,-0.00563,-0.01489,-1.14361,-1.67245,-0.00529,0.12246,10.12169,5.39031,0.16148,10.12169,10.12169,0.08074,8.38507,10.12169,8.57978,10.12169,9.88479,0.57585,3.96866,-4.00239
,tracking,0.000,0.000000,-0.092578,-12.7001132022,05,08,06:27:41.884,-0.00527,-0.01056,-0.72988,-0.00514,-0.01571,-1.25352,-0.00522,-0.01683,-1.35637,-0.00528,-0.01762,-1.42803,-0.00539,-0.01488,-1.14033,-1.67247,-0.00536,0.12249,10.12169,5.38960,0.16138,10.12169,10.12169,0.08075,8.39918,10.12169,8.59460,10.12169,9.90305,0.57565,3.96860,-4.00243
,tracking,0.000,0.000000,0.694028,-19.5002932022,05,08,06:27:42.134,-0.00591,-0.01113,-0.74573,-0.00596,-0.01639,-1.26879,-0.00590,-0.01762,-1.38643,-0.00595,-0.01815,-1.44098,-0.00565,-0.01474,-1.11440,-1.67250,-0.00541,0.12247,10.12169,5.39071,0.16140,10.12169,10.12169,0.08070,8.39863,10.12169,8.59541,10.12169,9.90998,0.57552,3.96857,-4.00244
,tracking,0.000,0.000000,-0.653818,3.6440652022,05,08,06:27:42.383,-0.00552,-0.01076,-0.74059,-0.00549,-0.01609,-1.26274,-0.00550,-0.01708,-1.36813,-0.00564,-0.01773,-1.43541,-0.00563,-0.01457,-1.10189,-1.67261,-0.00547,0.12238,10.12169,5.39194,0.16114,10.12169,10.12169,0.08052,8.39528,10.12169,8.59426,10.12169,9.92491,0.57547,3.96845,-4.00256
,tracking,0.000,0.000000,0.595020,-5.9430092022,05,08,06:27:42.633,-0.00611,-0.01126,-0.74568,-0.00600,-0.01679,-1.28388,-0.00606,-0.01774,-1.39268,-0.00609,-0.01829,-1.44747,-0.00583,-0.01477,-1.11280,-1.67278,-0.00562,0.12221,10.12169,5.39148,0.16104,10.12169,10.12169,0.08053,8.39590,10.12169,8.59548,10.12169,9.93605,0.57556,3.96839,-4.00265
,tracking,0.000,0.000000,-0.092436,0.0302882022,05,08,06:27:42.884,-0.00600,-0.01121,-0.74864,-0.00590,-0.01650,-1.28621,-0.00593,-0.01764,-1.38824,-0.00590,-0.01828,-1.44508,-0.00606,-0.01497,-1.11839,-1.67298,-0.00578,0.12210,10.12169,5.39139,0.16089,10.12169,10.12169,0.08047,8.39451,10.12169,8.59591,10.12169,9.94220,0.57557,3.96844,-4.00253
,tracking,0.000,0.000000,0.340583,2.9598432022,05,08,06:27:43.134,-0.00610,-0.01125,-0.75087,-0.00594,-0.01656,-1.28236,-0.00601,-0.01754,-1.38600,-0.00593,-0.01805,-1.42682,-0.00573,-0.01468,-1.11180,-1.67261,-0.00541,0.12244,10.12169,5.39216,0.16130,10.12169,10.12169,0.08061,8.38522,10.12169,8.58172,10.12169,9.95019,0.57562,3.96853,-4.00271
,tracking,0.000,0.000000,-0.195465,-3.9743652022,05,08,06:27:43.384,-0.00587,-0.01098,-0.73307,-0.00573,-0.01639,-1.27756,-0.00589,-0.01741,-1.37583,-0.00577,-0.01782,-1.42767,-0.00583,-0.01482,-1.11325,-1.67271,-0.00563,0.12222,10.12169,5.39295,0.16080,10.12169,10.12169,0.08049,8.38360,10.12169,8.58295,10.12169,9.96257,0.57573,3.96868,-4.00253
,tracking,0.000,0.000000,0.077712,1.2017642022,05,08,06:27:43.633,-0.00603,-0.01118,-0.73808,-0.00594,-0.01653,-1.27749,-0.00602,-0.01767,-1.38004,-0.00599,-0.01818,-1.43586,-0.00591,-0.01471,-1.10981,-1.67262,-0.00550,0.12225,10.12169,5.39633,0.16089,10.12169,10.12169,0.08048,8.38356,10.12169,8.58132,10.12169,9.96491,0.57543,3.96840,-4.00267
,tracking,0.000,0.000000,0.013845,-5.4765702022,05,08,06:27:43.883,-0.00586,-0.01106,-0.74331,-0.00576,-0.01628,-1.27090,-0.00580,-0.01757,-1.38396,-0.00578,-0.01795,-1.42622,-0.00609,-0.01487,-1.11124,-1.67282,-0.00577,0.12206,10.12169,5.39093,0.16073,10.12169,10.12169,0.08037,8.38086,10.12169,8.58169,10.12169,9.97201,0.57559,3.96856,-4.00258
,tracking,0.000,0.000000,-0.132462,-6.6859382022,05,08,06:27:44.133,-0.00629,-0.01149,-0.75045,-0.00623,-0.01687,-1.29255,-0.00623,-0.01803,-1.40700,-0.00614,-0.01788,-1.40221,-0.00598,-0.01501,-1.11893,-1.67273,-0.00559,0.12226,10.12169,5.39040,0.16078,10.12169,10.12169,0.08037,8.38330,10.12169,8.58330,10.12169,9.97973,0.57536,3.96829,-4.00278
,tracking,0.000,0.000000,0.026999,-4.8103902022,05,08,06:27:44.384,-0.00624,-0.01150,-0.76557,-0.00626,-0.01668,-1.28777,-0.00621,-0.01792,-1.39958,-0.00618,-0.01803,-1.40699,-0.00632,-0.01546,-1.12827,-1.67313,-0.00606,0.12184,10.12169,5.38594,0.16035,10.12169,10.12169,0.07990,8.37534,10.12169,8.58256,10.12169,9.98970,0.57533,3.96835,-4.00272
,tracking,0.000,0.000000,0.011610,-5.8669982022,05,08,06:27:44.634,-0.00642,-0.01161,-0.75747,-0.00639,-0.01701,-1.28805,-0.00639,-0.01820,-1.40819,-0.00649,-0.01808,-1.40071,-0.00616,-0.01517,-1.12509,-1.67289,-0.00588,0.12208,10.12169,5.39013,0.16077,10.12169,10.12169,0.08030,8.38047,10.12169,8.58276,10.12169,9.99305,0.57510,3.96820,-4.00285
,tracking,0.000,0.000000,-0.051601,-2.1454462022,05,08,06:27:44.884,-0.00637,-0.01137,-0.73998,-0.00625,-0.01691,-1.28267,-0.00619,-0.01794,-1.40161,-0.00625,-0.01795,-1.40385,-0.00635,-0.01523,-1.11798,-1.67312,-0.00604,0.12182,10.12169,5.38811,0.16043,10.12169,10.12169,0.08006,8.37729,10.12169,8.58370,10.12169,9.99590,0.57530,3.96823,-4.00281
,tracking,0.000,0.000000,-0.290035,1.0538092022,05,08,06:27:45.133,-0.00661,-0.01161,-0.74949,-0.00644,-0.01700,-1.28810,-0.00648,-0.01832,-1.41359,-0.00642,-0.01837,-1.40939,-0.00630,-0.01522,-1.12615,-1.67311,-0.00596,0.12187,10.12169,5.39194,0.16034,10.12169,10.12169,0.08011,8.37886,10.12169,8.58403,10.12169,9.99857,0.57501,3.96790,-4.00317
,tracking,0.000,0.000000,0.241286,5.3570032022,05,08,06:27:45.383,-0.00649,-0.01146,-0.74621,-0.00629,-0.01685,-1.28656,-0.00639,-0.01810,-1.40907,-0.00633,-0.01816,-1.40931,-0.00650,-0.01549,-1.12287,-1.67327,-0.00626,0.12169,10.12169,5.39491,0.16022,10.12169,10.12169,0.07983,8.37447,10.12169,8.58281,10.12169,10.00134,0.57516,3.96813,-4.00308
,tracking,0.000,0.000000,-0.062517,1.1522992022,05,08,06:27:45.634,-0.00670,-0.01199,-0.76386,-0.00667,-0.01719,-1.29573,-0.00681,-0.01859,-1.42640,-0.00663,-0.01835,-1.41421,-0.00639,-0.01525,-1.12684,-1.67298,-0.00608,0.12197,10.12169,5.39362,0.16050,10.12169,10.12169,0.08025,8.38153,10.12169,8.58534,10.12169,10.00346,0.57517,3.96807,-4.00307
,tracking,0.000,0.000000,0.073163,1.1473272022,05,08,06:27:45.884,-0.00640,-0.01167,-0.75148,-0.00639,-0.01688,-1.28445,-0.00650,-0.01823,-1.41453,-0.00635,-0.01813,-1.41263,-0.00654,-0.01556,-1.12780,-1.67322,-0.00626,0.12163,10.12169,5.38995,0.16026,10.12169,10.12169,0.07990,8.37788,10.12169,8.58618,10.12169,10.00381,0.57519,3.96815,-4.00307
,tracking,0.000,0.000000,-0.034029,1.1181632022,05,08,06:27:46.134,-0.00671,-0.01195,-0.76613,-0.00668,-0.01719,-1.29438,-0.00672,-0.01875,-1.43039,-0.00667,-0.01847,-1.41744,-0.00658,-0.01545,-1.13511,-1.67319,-0.00609,0.12172,10.12169,5.39398,0.16037,10.12169,10.12169,0.07998,8.37889,10.12169,8.58579,10.12169,10.00569,0.57497,3.96791,-4.00324
,tracking,0.000,0.000000,-0.015328,-1.3908442022,05,08,06:27:46.383,-0.00652,-0.01194,-0.78634,-0.00651,-0.01696,-1.29037,-0.00649,-0.01840,-1.42848,-0.00644,-0.01830,-1.41559,-0.00662,-0.01566,-1.12970,-1.67328,-0.00634,0.12161,10.12169,5.39553,0.16017,10.12169,10.12169,0.07964,8.37533,10.12169,8.58600,10.12169,10.00076,0.57503,3.96804,-4.00311
,tracking,0.000,0.000000,-0.360709,11.0273802022,05,08,06:27:46.633,-0.00677,-0.01202,-0.76590,-0.00685,-0.01729,-1.29208,-0.00680,-0.01863,-1.42988,-0.00675,-0.01855,-1.42747,-0.00656,-0.01554,-1.13276,-1.67312,-0.00616,0.12179,10.12169,5.39759,0.16041,10.12169,10.12169,0.08002,8.37863,10.12169,8.58559,10.12169,10.00655,0.57494,3.96798,-4.00311
,tracking,0.000,0.000000,0.053087,-5.3160322022,05,08,06:27:46.883,-0.00657,-0.01170,-0.75121,-0.00653,-0.01718,-1.29760,-0.00654,-0.01836,-1.41600,-0.00664,-0.01827,-1.41401,-0.00668,-0.01566,-1.12814,-1.67334,-0.00630,0.12157,10.12169,5.39463,0.16009,10.12169,10.12169,0.07981,8.37806,10.12169,8.58810,10.12169,10.00790,0.57494,3.96802,-4.00303
,tracking,0.000,0.000000,0.180246,-10.4213142022,05,08,06:27:47.134,-0.00681,-0.01203,-0.77270,-0.00675,-0.01739,-1.29514,-0.00680,-0.01862,-1.42529,-0.00689,-0.01857,-1.42065,-0.00655,-0.01551,-1.13417,-1.67323,-0.00625,0.12174,10.12169,5.39625,0.16021,10.12169,10.12169,0.07986,8.37775,10.12169,8.58640,10.12169,10.00758,0.57478,3.96764,-4.00343
,tracking,0.000,0.000000,-0.194012,-9.1818082022,05,08,06:27:47.384,-0.00685,-0.01214,-0.78235,-0.00672,-0.01727,-1.30125,-0.00676,-0.01846,-1.40986,-0.00672,-0.01862,-1.41898,-0.00688,-0.01590,-1.13553,-1.67369,-0.00661,0.12138,10.12169,5.39663,0.15973,10.12169,10.12169,0.07956,8.37043,10.12169,8.58429,10.12169,10.00473,0.57492,3.96774,-4.00319
,tracking,0.000,0.000000,0.064564,-4.0417282022,05,08,06:27:47.634,-0.00712,-0.01234,-0.78393,-0.00697,-0.01754,-1.30627,-0.00706,-0.01873,-1.42043,-0.00701,-0.01895,-1.42618,-0.00680,-0.01575,-1.14032,-1.67346,-0.00645,0.12153,10.12169,5.39802,0.16000,10.12169,10.12169,0.07970,8.37373,10.12169,8.58514,10.12169,10.00561,0.57478,3.96770,-4.00345
,tracking,0.000,0.000000,-0.092560,-1.8436922022,05,08,06:27:47.883,-0.00676,-0.01209,-0.76925,-0.00667,-0.01724,-1.29994,-0.00680,-0.01836,-1.40851,-0.00663,-0.01842,-1.41613,-0.00685,-0.01581,-1.13730,-1.67345,-0.00663,0.12144,10.12169,5.39816,0.15999,10.12169,10.12169,0.07960,8.37406,10.12169,8.58737,10.12169,10.00661,0.57493,3.96795,-4.00328
,tracking,0.000,0.000000,-0.284304,-13.4499342022,05,08,06:27:48.133,-0.00706,-0.01240,-0.77733,-0.00687,-0.01743,-1.30085,-0.00698,-0.01896,-1.45064,-0.00686,-0.01854,-1.41849,-0.00667,-0.01560,-1.13959,-1.67324,-0.00628,0.12159,10.12169,5.39497,0.16020,10.12169,10.12169,0.07980,8.37732,10.12169,8.58715,10.12169,10.00934,0.57469,3.96768,-4.00346
,tracking,0.000,0.000000,0.172157,-7.0279732022,05,08,06:27:48.383,-0.00690,-0.01222,-0.78359,-0.00684,-0.01743,-1.29877,-0.00688,-0.01906,-1.45199,-0.00688,-0.01869,-1.42456,-0.00723,-0.01602,-1.14376,-1.67364,-0.00665,0.12112,10.12169,5.39285,0.15973,10.12169,10.12169,0.07934,8.36954,10.12169,8.58626,10.12169,10.00745,0.57472,3.96768,-4.00339
,tracking,0.000,0.000000,-0.071709,-1.3565052022,05,08,06:27:48.634,-0.00731,-0.01256,-0.78649,-0.00728,-0.01787,-1.31309,-0.00733,-0.01957,-1.46807,-0.00731,-0.01910,-1.43612,-0.00704,-0.01620,-1.15167,-1.67365,-0.00659,0.12134,10.12169,5.39588,0.15995,10.12169,10.12169,0.07945,8.37089,10.12169,8.58586,10.12169,10.00353,0.57453,3.96750,-4.00362
,tracking,0.000,0.000000,0.095420,4.3445162022,05,08,06:27:48.884,-0.00506,-0.01025,-0.73064,-0.00497,-0.01527,-1.23622,-0.00480,-0.01644,-1.35607,-0.00493,-0.01660,-1.37510,-0.00483,-0.01400,-1.09674,-1.67209,-0.00494,0.12282,10.12169,5.39633,0.16138,10.12169,10.12169,0.08089,8.39677,10.12169,8.58776,10.12169,10.00890,0.57589,3.96892,-4.00222
,tracking,0.000,0.000000,-0.283854,-1.7394842022,05,08,06:27:49.134,-0.00550,-0.01080,-0.73246,-0.00589,-0.01639,-1.26434,-0.00607,-0.01795,-1.40103,-0.00631,-0.01801,-1.40122,-0.00608,-0.01519,-1.12476,-1.67300,-0.00596,0.12194,10.12169,5.39793,0.16047,10.12169,10.12169,0.08003,8.37948,10.12169,8.58460,10.12169,10.00680,0.57474,3.96782,-4.00325
,tracking,0.000,0.000000,-0.080261,-9.0175352022,05,08,06:27:49.383,-0.00537,-0.01061,-0.74165,-0.00520,-0.01574,-1.24935,-0.00530,-0.01692,-1.36428,-0.00525,-0.01695,-1.38671,-0.00515,-0.01412,-1.10307,-1.67221,-0.00491,0.12300,10.12169,5.39582,0.16154,10.12169,10.12169,0.08118,8.39722,10.12169,8.58597,10.12169,10.00928,0.57596,3.96888,-4.00207
,tracking,0.000,0.000000,-0.203760,-2.5692182022,05,08,06:27:49.633,-0.00617,-0.01149,-0.76223,-0.00615,-0.01666,-1.27310,-0.00634,-0.01827,-1.41901,-0.00634,-0.01829,-1.40991,-0.00616,-0.01523,-1.13181,-1.67306,-0.00595,0.12197,10.12169,5.39647,0.16038,10.12169,10.12169,0.08014,8.38217,10.12169,8.58684,10.12169,10.00869,0.57495,3.96786,-4.00326
,tracking,0.000,0.000000,-0.409376,-3.1081482022,05,08,06:27:49.884,-0.00564,-0.01090,-0.75103,-0.00537,-0.01581,-1.25367,-0.00536,-0.01708,-1.37281,-0.00533,-0.01726,-1.38757,-0.00549,-0.01455,-1.11094,-1.67253,-0.00532,0.12269,10.12169,5.39688,0.16114,10.12169,10.12169,0.08083,8.39399,10.12169,8.58787,10.12169,10.00905,0.57582,3.96884,-4.00244
,tracking,0.000,0.000000,0.448390,0.2237522022,05,08,06:27:50.134,-0.00652,-0.01186,-0.76259,-0.00655,-0.01713,-1.29313,-0.00672,-0.01853,-1.42397,-0.00662,-0.01849,-1.41933,-0.00647,-0.01544,-1.13003,-1.67322,-0.00623,0.12192,10.12169,5.39697,0.16040,10.12169,10.12169,0.08000,8.37831,10.12169,8.58467,10.12169,10.00762,0.57489,3.96791,-4.00326
,tracking,0.000,0.000000,0.074772,-6.9386912022,05,08,06:27:50.384,-0.00578,-0.01115,-0.75609,-0.00564,-0.01621,-1.26870,-0.00587,-0.01746,-1.38508,-0.00571,-0.01750,-1.39530,-0.00588,-0.01496,-1.12210,-1.67273,-0.00569,0.12229,10.12169,5.39919,0.16073,10.12169,10.12169,0.08041,8.38650,10.12169,8.58701,10.12169,10.01098,0.57572,3.96871,-4.00237
,tracking,0.000,0.000000,0.450287,0.2560872022,05,08,06:27:50.633,-0.00647,-0.01189,-0.78946,-0.00642,-0.01693,-1.28877,-0.00643,-0.01831,-1.41718,-0.00635,-0.01822,-1.41548,-0.00623,-0.01508,-1.12678,-1.67279,-0.00571,0.12219,10.12169,5.39791,0.16089,10.12169,10.12169,0.08046,8.38771,10.12169,8.58811,10.12169,10.01158,0.57539,3.96839,-4.00260
,tracking,0.000,0.000000,-0.176417,-7.1370002022,05,08,06:27:50.883,-0.00617,-0.01163,-0.77815,-0.00615,-0.01678,-1.28677,-0.00620,-0.01810,-1.41163,-0.00624,-0.01801,-1.40613,-0.00642,-0.01546,-1.12042,-1.67315,-0.00616,0.12176,10.12169,5.40021,0.16046,10.12169,10.12169,0.07984,8.38059,10.12169,8.58851,10.12169,10.00514,0.57524,3.96832,-4.00278
,tracking,0.000,0.000000,0.060060,-0.4524992022,05,08,06:27:51.133,-0.00634,-0.01183,-0.78189,-0.00641,-0.01690,-1.29243,-0.00635,-0.01814,-1.40934,-0.00636,-0.01809,-1.40782,-0.00613,-0.01517,-1.12029,-1.67297,-0.00590,0.12211,10.12169,5.40073,0.16071,10.12169,10.12169,0.08010,8.38371,10.12169,8.58757,10.12169,10.00798,0.57492,3.96795,-4.00311
,tracking,0.000,0.000000,0.101589,-6.9704932022,05,08,06:27:51.384,-0.00656,-0.01203,-0.79355,-0.00652,-0.01704,-1.29374,-0.00654,-0.01826,-1.41169,-0.00659,-0.01832,-1.41931,-0.00666,-0.01564,-1.13338,-1.67341,-0.00643,0.12166,10.12169,5.39803,0.16020,10.12169,10.12169,0.07970,8.37507,10.12169,8.58639,10.12169,10.00938,0.57495,3.96808,-4.00301
,tracking,0.000,0.000000,-0.071514,-6.0064172022,05,08,06:27:51.634,-0.00678,-0.01213,-0.78343,-0.00677,-0.01754,-1.30425,-0.00680,-0.01890,-1.44524,-0.00697,-0.01870,-1.42750,-0.00666,-0.01557,-1.13154,-1.67327,-0.00631,0.12170,10.12169,5.39830,0.16028,10.12169,10.12169,0.07988,8.37881,10.12169,8.58783,10.12169,10.00851,0.57471,3.96770,-4.00337
,tracking,0.000,0.000000,0.149561,6.1181492022,05,08,06:27:51.884,-0.00669,-0.01227,-0.80512,-0.00660,-0.01729,-1.30201,-0.00663,-0.01856,-1.43290,-0.00668,-0.01849,-1.41482,-0.00677,-0.01576,-1.13342,-1.67351,-0.00642,0.12153,10.12169,5.39883,0.16011,10.12169,10.12169,0.07979,8.37793,10.12169,8.58975,10.12169,10.00383,0.57500,3.96779,-4.00317
,tracking,0.000,0.000000,-0.069905,-3.4517182022,05,08,06:27:52.133,-0.00726,-0.01269,-0.81680,-0.00704,-0.01761,-1.30743,-0.00713,-0.01910,-1.45777,-0.00706,-0.01888,-1.42252,-0.00680,-0.01576,-1.14160,-1.67343,-0.00641,0.12161,10.12169,5.40021,0.16010,10.12169,10.12169,0.07967,8.37656,10.12169,8.58840,10.12169,10.00698,0.57464,3.96763,-4.00366
,tracking,0.000,0.000000,-0.265026,3.7038922022,05,08,06:27:52.383,-0.00649,-0.01204,-0.78833,-0.00650,-0.01705,-1.29250,-0.00675,-0.01841,-1.40893,-0.00658,-0.01843,-1.41799,-0.00680,-0.01578,-1.13578,-1.67356,-0.00662,0.12141,10.12169,5.39960,0.16007,10.12169,10.12169,0.07946,8.37485,10.12169,8.58892,10.12169,10.01028,0.57479,3.96781,-4.00348
,tracking,0.000,0.000000,0.054430,-3.8358972022,05,08,06:27:52.633,-0.00703,-0.01273,-0.80071,-0.00706,-0.01759,-1.30445,-0.00722,-0.01885,-1.42581,-0.00708,-0.01890,-1.43167,-0.00687,-0.01575,-1.13418,-1.67345,-0.00651,0.12153,10.12169,5.40013,0.16018,10.12169,10.12169,0.07966,8.37426,10.12169,8.58645,10.12169,10.01088,0.57460,3.96752,-4.00353
,tracking,0.000,0.000000,-0.157301,1.2945242022,05,08,06:27:52.884,-0.00703,-0.01258,-0.80671,-0.00688,-0.01743,-1.30765,-0.00686,-0.01876,-1.41722,-0.00681,-0.01861,-1.42272,-0.00718,-0.01599,-1.14003,-1.67366,-0.00669,0.12117,10.12169,5.39873,0.15979,10.12169,10.12169,0.07936,8.37273,10.12169,8.58955,10.12169,10.01146,0.57471,3.96774,-4.00340
,tracking,0.000,0.000000,-0.162838,-4.7817582022,05,08,06:27:53.134,-0.00747,-0.01289,-0.80671,-0.00745,-0.01811,-1.32589,-0.00747,-0.01941,-1.44746,-0.00743,-0.01916,-1.43306,-0.00727,-0.01612,-1.14129,-1.67368,-0.00677,0.12117,10.12169,5.40010,0.15987,10.12169,10.12169,0.07923,8.37098,10.12169,8.58744,10.12169,10.00484,0.57427,3.96722,-4.00389
,tracking,0.000,0.000000,0.138907,-10.2397982022,05,08,06:27:53.384,-0.00718,-0.01264,-0.79898,-0.00724,-0.01769,-1.30640,-0.00720,-0.01901,-1.43306,-0.00722,-0.01898,-1.43326,-0.00738,-0.01647,-1.15057,-1.67384,-0.00690,0.12106,10.12169,5.41907,0.15957,10.12169,10.12169,0.07895,8.36764,10.12169,8.58899,10.12169,10.00281,0.57443,3.96745,-4.00369
,tracking,0.000,0.000000,-0.064352,-1.4165642022,05,08,06:27:53.633,-0.00761,-0.01306,-0.80525,-0.00770,-0.01817,-1.32080,-0.00765,-0.01963,-1.45632,-0.00775,-0.01936,-1.43933,-0.00734,-0.01632,-1.15234,-1.67381,-0.00692,0.12108,10.12169,5.42330,0.15964,10.12169,10.12169,0.07920,8.36802,10.12169,8.58795,10.12169,10.00951,0.57396,3.96707,-4.00402
,tracking,0.000,0.000000,0.060286,-1.1259982022,05,08,06:27:53.883,-0.00757,-0.01304,-0.81839,-0.00747,-0.01821,-1.32206,-0.00742,-0.01944,-1.45436,-0.00752,-0.01922,-1.44244,-0.00757,-0.01653,-1.15123,-1.67408,-0.00719,0.12083,10.12169,5.42389,0.15942,10.12169,10.12169,0.07892,8.36453,10.12169,8.58805,10.12169,10.00836,0.57433,3.96721,-4.00379
,tracking,0.000,0.000000,-0.008830,-7.7023962022,05,08,06:27:54.134,-0.00790,-0.01312,-0.80598,-0.00778,-0.01845,-1.32898,-0.00791,-0.01986,-1.46887,-0.00782,-0.01973,-1.44613,-0.00759,-0.01648,-1.15358,-1.67414,-0.00719,0.12085,10.12169,5.42413,0.15936,10.12169,10.12169,0.07892,8.36506,10.12169,8.58794,10.12169,10.00940,0.57401,3.96668,-4.00418
,tracking,0.000,0.000000,-0.002471,-7.5747542022,05,08,06:27:54.384,-0.00805,-0.01351,-0.83405,-0.00784,-0.01840,-1.32725,-0.00787,-0.01985,-1.46768,-0.00785,-0.01966,-1.44479,-0.00803,-0.01689,-1.15596,-1.67456,-0.00754,0.12049,10.12169,5.42397,0.15891,10.12169,10.12169,0.07857,8.35853,10.12169,8.58790,10.12169,10.00369,0.57403,3.96688,-4.00428
,tracking,0.000,0.000000,0.012052,-4.4176982022,05,08,06:27:54.634,-0.00833,-0.01381,-0.84195,-0.00824,-0.01882,-1.34211,-0.00840,-0.02036,-1.49266,-0.00818,-0.01998,-1.46050,-0.00795,-0.01678,-1.15960,-1.67420,-0.00755,0.12065,10.12169,5.42378,0.15922,10.12169,10.12169,0.07873,8.36380,10.12169,8.59028,10.12169,10.00785,0.57383,3.96670,-4.00469
,tracking,0.000,0.000000,-0.043547,-0.7578782022,05,08,06:27:54.883,-0.00791,-0.01370,-0.83478,-0.00787,-0.01855,-1.33697,-0.00803,-0.01985,-1.46254,-0.00787,-0.01962,-1.44908,-0.00819,-0.01702,-1.16243,-1.67445,-0.00768,0.12037,10.12169,5.39601,0.15907,10.12169,10.12169,0.07854,8.36128,10.12169,8.59103,10.12169,10.00848,0.57397,3.96698,-4.00421
,tracking,0.000,0.000000,-0.014706,-8.0519712022,05,08,06:27:55.133,-0.00829,-0.01373,-0.83053,-0.00822,-0.01889,-1.34462,-0.00824,-0.02042,-1.47826,-0.00828,-0.02010,-1.46207,-0.00816,-0.01692,-1.16704,-1.67428,-0.00742,0.12039,10.12169,5.39976,0.15920,10.12169,10.12169,0.07869,8.36299,10.12169,8.59030,10.12169,10.01034,0.57370,3.96666,-4.00447
,tracking,0.000,0.000000,0.007435,-3.2851282022,05,08,06:27:55.383,-0.00811,-0.01360,-0.82931,-0.00798,-0.01869,-1.34068,-0.00807,-0.02007,-1.46827,-0.00798,-0.01981,-1.45391,-0.00827,-0.01726,-1.16355,-1.67451,-0.00767,0.12024,10.12169,5.40059,0.15898,10.12169,10.12169,0.07822,8.35817,10.12169,8.58973,10.12169,10.00239,0.57388,3.96677,-4.00431
,tracking,0.000,0.000000,-0.002345,-3.4158612022,05,08,06:27:55.634,-0.00835,-0.01388,-0.84090,-0.00844,-0.01889,-1.34099,-0.00834,-0.02035,-1.47926,-0.00833,-0.02005,-1.45767,-0.00802,-0.01702,-1.16062,-1.67430,-0.00751,0.12050,10.12169,5.40230,0.15913,10.12169,10.12169,0.07849,8.36066,10.12169,8.58922,10.12169,10.00508,0.57364,3.96665,-4.00454
,tracking,0.000,0.000000,0.014492,4.1301512022,05,08,06:27:55.884,-0.00813,-0.01353,-0.82202,-0.00816,-0.01866,-1.33280,-0.00807,-0.02011,-1.47119,-0.00804,-0.01987,-1.45559,-0.00822,-0.01711,-1.15766,-1.67455,-0.00780,0.12035,10.12169,5.39837,0.15892,10.12169,10.12169,0.07841,8.35942,10.12169,8.59191,10.12169,10.00530,0.57374,3.96682,-4.00434
,tracking,0.000,0.000000,0.009189,4.9620442022,05,08,06:27:56.134,-0.00840,-0.01380,-0.83023,-0.00833,-0.01909,-1.34859,-0.00833,-0.02039,-1.48145,-0.00845,-0.02016,-1.46494,-0.00801,-0.01698,-1.16855,-1.67437,-0.00749,0.12061,10.12169,5.40059,0.15917,10.12169,10.12169,0.07866,8.36269,10.12169,8.59123,10.12169,10.00638,0.57353,3.96664,-4.00457
,tracking,0.000,0.000000,0.005428,1.7309822022,05,08,06:27:56.383,-0.00825,-0.01352,-0.81607,-0.00806,-0.01874,-1.34383,-0.00807,-0.02013,-1.47813,-0.00799,-0.02000,-1.45725,-0.00825,-0.01726,-1.17108,-1.67470,-0.00770,0.12034,10.12169,5.40114,0.15872,10.12169,10.12169,0.07848,8.35877,10.12169,8.59052,10.12169,10.00852,0.57390,3.96666,-4.00433
,tracking,0.000,0.000000,0.005519,5.9763032022,05,08,06:27:56.633,-0.00849,-0.01378,-0.83306,-0.00825,-0.01894,-1.34857,-0.00835,-0.02024,-1.48221,-0.00823,-0.02017,-1.45813,-0.00800,-0.01692,-1.16920,-1.67436,-0.00748,0.12054,10.12169,5.39935,0.15911,10.12169,10.12169,0.07870,8.36367,10.12169,8.59043,10.12169,10.00509,0.57372,3.96667,-4.00462
,tracking,0.000,0.000000,-0.005124,2.7763022022,05,08,06:27:56.883,-0.00812,-0.01359,-0.82795,-0.00797,-0.01854,-1.33752,-0.00805,-0.01984,-1.46474,-0.00783,-0.01972,-1.45403,-0.00811,-0.01693,-1.15805,-1.67443,-0.00771,0.12041,10.12169,5.40181,0.15909,10.12169,10.12169,0.07852,8.36083,10.12169,8.59060,10.12169,10.00615,0.57396,3.96700,-4.00433
,tracking,0.000,0.000000,0.020267,-3.0711582022,05,08,06:27:57.134,-0.00798,-0.01356,-0.82728,-0.00797,-0.01863,-1.34315,-0.00814,-0.01992,-1.46535,-0.00795,-0.01972,-1.45137,-0.00767,-0.01658,-1.15809,-1.67403,-0.00727,0.12087,10.12169,5.40305,0.15956,10.12169,10.12169,0.07902,8.36895,10.12169,8.59230,10.12169,10.00687,0.57397,3.96703,-4.00420
,tracking,0.000,0.000000,-0.034936,3.8502722022,05,08,06:27:57.384,-0.00770,-0.01321,-0.80995,-0.00769,-0.01833,-1.33230,-0.00769,-0.01969,-1.45307,-0.00768,-0.01947,-1.44335,-0.00802,-0.01682,-1.16097,-1.67427,-0.00738,0.12053,10.12169,5.40299,0.15925,10.12169,10.12169,0.07871,8.36433,10.12169,8.59134,10.12169,10.00947,0.57417,3.96717,-4.00401
,tracking,0.000,0.000000,0.008321,-8.7871032022,05,08,06:27:57.634,-0.00801,-0.01360,-0.83510,-0.00795,-0.01860,-1.33801,-0.00797,-0.02011,-1.47038,-0.00795,-0.01962,-1.44182,-0.00782,-0.01667,-1.16685,-1.67406,-0.00713,0.12080,10.12169,5.40231,0.15951,10.12169,10.12169,0.07893,8.36940,10.12169,8.59311,10.12169,10.00264,0.57393,3.96691,-4.00419
,tracking,0.000,0.000000,0.016674,-15.5779642022,05,08,06:27:57.883,-0.00800,-0.01357,-0.84130,-0.00798,-0.01848,-1.33530,-0.00788,-0.01975,-1.46271,-0.00783,-0.01966,-1.44887,-0.00806,-0.01706,-1.16034,-1.67448,-0.00769,0.12044,10.12169,5.40085,0.15896,10.12169,10.12169,0.07827,8.36121,10.12169,8.59351,10.12169,10.00691,0.57373,3.96669,-4.00439
,tracking,0.000,0.000000,-0.000456,-23.5060682022,05,08,06:27:58.133,-0.00862,-0.01417,-0.85200,-0.00857,-0.01914,-1.35419,-0.00849,-0.02040,-1.48346,-0.00837,-0.02000,-1.46051,-0.00788,-0.01677,-1.16468,-1.67412,-0.00725,0.12085,10.12169,5.40398,0.15954,10.12169,10.12169,0.07905,8.36909,10.12169,8.59264,10.12169,10.00799,0.57394,3.96692,-4.00420
,tracking,0.000,0.000000,-0.001212,-192.0473512022,05,08,06:27:58.384,-0.00772,-0.01319,-0.82307,-0.00755,-0.01824,-1.32157,-0.00755,-0.01936,-1.44052,-0.00769,-0.01938,-1.44087,-0.00776,-0.01666,-1.15722,-1.67408,-0.00723,0.12084,10.12169,5.40299,0.15948,10.12169,10.12169,0.07887,8.36879,10.12169,8.59338,10.12169,10.00541,0.57429,3.96740,-4.00374
,tracking,0.000,0.000000,-0.013309,-277.1909262022,05,08,06:27:58.634,-0.00775,-0.01310,-0.81034,-0.00755,-0.01822,-1.32632,-0.00749,-0.01936,-1.43928,-0.00754,-0.01946,-1.44618,-0.00733,-0.01629,-1.15644,-1.67385,-0.00680,0.12124,10.12169,5.40649,0.15964,10.12169,10.12169,0.07933,8.37626,10.12169,8.59480,10.12169,10.00868,0.57427,3.96709,-4.00401
,tracking,0.000,0.000000,0.002729,-176.7275062022,05,08,06:27:58.884,-0.00757,-0.01295,-0.81880,-0.00739,-0.01787,-1.31280,-0.00744,-0.01911,-1.42805,-0.00728,-0.01934,-1.44145,-0.00748,-0.01656,-1.15942,-1.67422,-0.00710,0.12095,10.12169,5.40787,0.15944,10.12169,10.12169,0.07906,8.37227,10.12169,8.59508,10.12169,10.01227,0.57437,3.96726,-4.00377
,tracking,0.000,0.000000,0.010478,-113.5821732022,05,08,06:27:59.133,-0.00799,-0.01346,-0.82064,-0.00780,-0.01840,-1.33030,-0.00792,-0.01969,-1.45899,-0.00772,-0.01954,-1.45043,-0.00755,-0.01652,-1.16349,-1.67393,-0.00718,0.12104,10.12169,5.40582,0.15970,10.12169,10.12169,0.07907,8.37147,10.12169,8.59343,10.12169,10.00521,0.57394,3.96684,-4.00436
,tracking,0.000,0.000000,0.007708,-103.8424962022,05,08,06:27:59.383,-0.00776,-0.01325,-0.80662,-0.00767,-0.01827,-1.32386,-0.00781,-0.01950,-1.44717,-0.00766,-0.01949,-1.45402,-0.00787,-0.01692,-1.16746,-1.67430,-0.00756,0.12068,10.12169,5.40381,0.15924,10.12169,10.12169,0.07864,8.36563,10.12169,8.59429,10.12169,10.00778,0.57397,3.96697,-4.00413
,tracking,0.000,0.000000,0.018999,-31.0317682022,05,08,06:27:59.633,-0.00672,-0.01194,-0.78872,-0.00618,-0.01647,-1.27822,-0.00560,-0.01684,-1.35766,-0.00484,-0.01661,-1.39319,-0.00443,-0.01331,-1.09384,-1.67119,-0.00388,0.12421,10.12169,5.40634,0.16318,10.12169,10.12169,0.08276,8.43004,10.12169,8.59922,10.12169,10.01631,0.57757,3.97075,-4.00044
,tracking,0.000,0.000000,-0.075501,153.1008352022,05,08,06:27:59.884,-0.00333,-0.00879,-0.69282,-0.00361,-0.01407,-1.19531,-0.00388,-0.01504,-1.26408,-0.00404,-0.01578,-1.35342,-0.00403,-0.01303,-1.07958,-1.67114,-0.00384,0.12411,10.12169,5.40735,0.16304,10.12169,10.12169,0.08281,8.43087,10.12169,8.59931,10.12169,10.00909,0.57709,3.97030,-4.00088
,tracking,0.000,0.000000,-0.010342,298.1641712022,05,08,06:28:00.134,-0.00402,-0.00933,-0.70790,-0.00388,-0.01420,-1.20675,-0.00398,-0.01522,-1.28218,-0.00428,-0.01630,-1.36055,-0.00419,-0.01329,-1.09140,-1.67137,-0.00411,0.12390,10.12169,5.40519,0.16240,10.12169,10.12169,0.08174,8.41948,10.12169,8.59794,10.12169,10.00734,0.57652,3.96982,-4.00122
,tracking,0.000,0.000000,-0.014025,260.8592612022,05,08,06:28:00.384,-0.00451,-0.00981,-0.71919,-0.00446,-0.01491,-1.22684,-0.00447,-0.01567,-1.30234,-0.00444,-0.01636,-1.37032,-0.00469,-0.01374,-1.08702,-1.67188,-0.00456,0.12336,10.12169,5.40443,0.16192,10.12169,10.12169,0.08127,8.41086,10.12169,8.59856,10.12169,10.01126,0.57598,3.96921,-4.00186
,tracking,0.000,0.000000,0.008426,180.4951192022,05,08,06:28:00.633,-0.00598,-0.01136,-0.75988,-0.00593,-0.01648,-1.26670,-0.00590,-0.01735,-1.36518,-0.00591,-0.01763,-1.40296,-0.00553,-0.01451,-1.11826,-1.67240,-0.00523,0.12284,10.12169,5.40872,0.16144,10.12169,10.12169,0.08094,8.40453,10.12169,8.59892,10.12169,10.01010,0.57552,3.96861,-4.00246
,tracking,0.000,0.000000,-0.006095,62.0620962022,05,08,06:28:00.883,-0.00596,-0.01140,-0.77077,-0.00588,-0.01602,-1.22908,-0.00587,-0.01739,-1.36804,-0.00588,-0.01775,-1.40760,-0.00597,-0.01505,-1.12864,-1.67289,-0.00567,0.12239,10.12169,5.40415,0.16094,10.12169,10.12169,0.08054,8.39995,10.12169,8.59954,10.12169,10.01279,0.57557,3.96861,-4.00239
,tracking,0.000,0.000000,-0.035147,2.2849912022,05,08,06:28:01.133,-0.00448,-0.00965,-0.72402,-0.00409,-0.01418,-1.17932,-0.00426,-0.01547,-1.29245,-0.00435,-0.01642,-1.37006,-0.00432,-0.01354,-1.09550,-1.67166,-0.00428,0.12369,10.12169,5.40603,0.16230,10.12169,10.12169,0.08187,8.41972,10.12169,8.59905,10.12169,10.01479,0.57639,3.96948,-4.00164
,tracking,0.000,0.000000,-0.087310,10.9310702022,05,08,06:28:01.384,-0.00485,-0.01001,-0.71402,-0.00466,-0.01485,-1.20110,-0.00481,-0.01606,-1.31428,-0.00476,-0.01664,-1.37996,-0.00487,-0.01408,-1.10940,-1.67203,-0.00485,0.12330,10.12169,5.40197,0.16197,10.12169,10.12169,0.08147,8.41270,10.12169,8.59859,10.12169,10.01153,0.57633,3.96947,-4.00170
,tracking,0.000,0.000000,0.038845,7.1912652022,05,08,06:28:01.634,-0.00492,-0.01026,-0.71958,-0.00493,-0.01501,-1.19756,-0.00519,-0.01635,-1.32252,-0.00521,-0.01704,-1.38498,-0.00490,-0.01397,-1.10848,-1.67196,-0.00479,0.12333,10.12169,5.40560,0.16195,10.12169,10.12169,0.08136,8.41296,10.12169,8.59972,10.12169,10.00885,0.57586,3.96900,-4.00212
,tracking,0.000,0.000000,0.192959,-7.6907392022,05,08,06:28:01.884,-0.00521,-0.01052,-0.73366,-0.00515,-0.01522,-1.21165,-0.00513,-0.01651,-1.33191,-0.00509,-0.01699,-1.38941,-0.00528,-0.01433,-1.11261,-1.67222,-0.00502,0.12299,10.12169,5.40489,0.16175,10.12169,10.12169,0.08128,8.41068,10.12169,8.60079,10.12169,10.00902,0.57623,3.96931,-4.00178
,tracking,0.000,0.000000,-0.094028,4.9941592022,05,08,06:28:02.133,-0.00549,-0.01092,-0.76122,-0.00538,-0.01542,-1.20954,-0.00538,-0.01686,-1.34336,-0.00543,-0.01735,-1.39588,-0.00529,-0.01403,-1.07372,-1.67221,-0.00503,0.12297,10.12169,5.40517,0.16176,10.12169,10.12169,0.08123,8.41023,10.12169,8.60040,10.12169,9.99668,0.57588,3.96890,-4.00215
,tracking,0.000,0.000000,-0.185644,4.4722792022,05,08,06:28:02.383,-0.00521,-0.01056,-0.73944,-0.00533,-0.01531,-1.21144,-0.00530,-0.01663,-1.33349,-0.00528,-0.01718,-1.39395,-0.00541,-0.01428,-1.08154,-1.67239,-0.00521,0.12287,10.12169,5.40643,0.16155,10.12169,10.12169,0.08097,8.40827,10.12169,8.60114,10.12169,10.00916,0.57603,3.96911,-4.00184
,tracking,0.000,0.000000,0.025637,12.8367512022,05,08,06:28:02.634,-0.00546,-0.01069,-0.73923,-0.00546,-0.01559,-1.21986,-0.00549,-0.01679,-1.33878,-0.00547,-0.01726,-1.39398,-0.00525,-0.01398,-1.07394,-1.67220,-0.00502,0.12315,10.12169,5.40667,0.16184,10.12169,10.12169,0.08135,8.41133,10.12169,8.60078,10.12169,10.01281,0.57585,3.96906,-4.00203
,tracking,0.000,0.000000,-0.054244,7.3184602022,05,08,06:28:02.884,-0.00522,-0.01060,-0.74036,-0.00509,-0.01527,-1.21024,-0.00509,-0.01638,-1.32382,-0.00516,-0.01693,-1.38533,-0.00513,-0.01390,-1.07285,-1.67214,-0.00492,0.12320,10.12169,5.40747,0.16203,10.12169,10.12169,0.08137,8.41162,10.12169,8.59968,10.12169,10.01206,0.57609,3.96930,-4.00181
,tracking,0.000,0.000000,0.041437,2.0722632022,05,08,06:28:03.134,-0.00526,-0.01065,-0.73749,-0.00524,-0.01539,-1.20403,-0.00522,-0.01653,-1.32925,-0.00526,-0.01709,-1.38643,-0.00504,-0.01375,-1.07267,-1.67210,-0.00488,0.12327,10.12169,5.40841,0.16192,10.12169,10.12169,0.08132,8.41122,10.12169,8.59928,10.12169,10.01125,0.57590,3.96888,-4.00218
,tracking,0.000,0.000000,0.303442,2.3687732022,05,08,06:28:03.383,-0.00482,-0.01024,-0.74269,-0.00473,-0.01483,-1.19418,-0.00480,-0.01612,-1.31763,-0.00476,-0.01672,-1.37629,-0.00489,-0.01358,-1.06054,-1.67202,-0.00471,0.12337,10.12169,5.40610,0.16204,10.12169,10.12169,0.08152,8.41425,10.12169,8.59985,10.12169,10.01171,0.57628,3.96931,-4.00170
,tracking,0.000,0.000000,0.020982,10.8276432022,05,08,06:28:03.633,-0.00511,-0.01039,-0.73244,-0.00500,-0.01510,-1.20197,-0.00509,-0.01637,-1.32777,-0.00507,-0.01699,-1.38377,-0.00497,-0.01374,-1.07101,-1.67206,-0.00488,0.12325,10.12169,5.40781,0.16207,10.12169,10.12169,0.08147,8.41451,10.12169,8.60075,10.12169,10.01328,0.57602,3.96913,-4.00200
,tracking,0.000,0.000000,0.444019,0.6953652022,05,08,06:28:03.883,-0.00490,-0.01028,-0.72912,-0.00481,-0.01480,-1.19175,-0.00492,-0.01627,-1.32743,-0.00485,-0.01674,-1.38177,-0.00497,-0.01368,-1.05927,-1.67203,-0.00486,0.12327,10.12169,5.40559,0.16203,10.12169,10.12169,0.08143,8.41470,10.12169,8.60183,10.12169,10.01665,0.57616,3.96929,-4.00179
,tracking,0.000,0.000000,-0.591347,-2.7212812022,05,08,06:28:04.134,-0.00517,-0.01063,-0.74058,-0.00517,-0.01511,-1.19827,-0.00523,-0.01668,-1.33892,-0.00517,-0.01702,-1.38989,-0.00513,-0.01372,-1.06416,-1.67207,-0.00482,0.12312,10.12169,5.40739,0.16204,10.12169,10.12169,0.08145,8.41403,10.12169,8.60167,10.12169,10.01573,0.57596,3.96910,-4.00198
,tracking,0.000,0.000000,0.219408,-2.3677052022,05,08,06:28:04.384,-0.00509,-0.01030,-0.72575,-0.00507,-0.01504,-1.19734,-0.00507,-0.01651,-1.33203,-0.00507,-0.01690,-1.38226,-0.00523,-0.01417,-1.09888,-1.67219,-0.00500,0.12305,10.12169,5.40708,0.16184,10.12169,10.12169,0.08115,8.40888,10.12169,8.59899,10.12169,10.01057,0.57605,3.96919,-4.00188
,tracking,0.000,0.000000,-0.072306,-3.6658402022,05,08,06:28:04.634,-0.00534,-0.01062,-0.74258,-0.00534,-0.01528,-1.20350,-0.00535,-0.01674,-1.34844,-0.00522,-0.01710,-1.38964,-0.00512,-0.01418,-1.10015,-1.67212,-0.00488,0.12322,10.12169,5.40521,0.16196,10.12169,10.12169,0.08123,8.41266,10.12169,8.60140,10.12169,10.00789,0.57586,3.96904,-4.00203
,tracking,0.000,0.000000,0.003535,-7.8673122022,05,08,06:28:04.883,-0.00499,-0.01021,-0.72709,-0.00492,-0.01483,-1.18858,-0.00488,-0.01621,-1.32493,-0.00486,-0.01672,-1.37812,-0.00494,-0.01406,-1.09504,-1.67215,-0.00492,0.12321,10.12169,5.40646,0.16194,10.12169,10.12169,0.08140,8.41490,10.12169,8.60343,10.12169,10.01258,0.57618,3.96941,-4.00171
,tracking,0.000,0.000000,-0.031649,-6.8718622022,05,08,06:28:05.133,-0.00482,-0.01013,-0.72029,-0.00476,-0.01478,-1.19056,-0.00475,-0.01607,-1.32887,-0.00464,-0.01646,-1.37603,-0.00443,-0.01348,-1.08646,-1.67159,-0.00437,0.12376,10.12169,5.40515,0.16279,10.12169,10.12169,0.08214,8.42437,10.12169,8.60087,10.12169,10.01523,0.57684,3.97009,-4.00103
,tracking,0.000,0.000000,-0.382279,-7.1399482022,05,08,06:28:05.383,-0.00322,-0.00861,-0.69026,-0.00318,-0.01314,-1.14407,-0.00314,-0.01422,-1.25496,-0.00314,-0.01505,-1.34022,-0.00321,-0.01225,-1.05709,-1.67071,-0.00312,0.12494,10.12169,5.38533,0.16359,10.12169,10.12169,0.08318,8.44266,10.12169,8.60364,10.12169,10.01510,0.57768,3.97090,-4.00016
,tracking,0.000,0.000000,0.059168,-19.4958182022,05,08,06:28:05.634,-0.00257,-0.00775,-0.65270,-0.00259,-0.01255,-1.12750,-0.00260,-0.01348,-1.22158,-0.00262,-0.01454,-1.32092,-0.00254,-0.01172,-1.04648,-1.67026,-0.00269,0.12544,10.12169,5.38509,0.16415,10.12169,10.12169,0.08380,8.45109,10.12169,8.60379,10.12169,10.01834,0.57798,3.97117,-3.99993
,tracking,0.000,0.000000,-0.399209,-23.4569422022,05,08,06:28:05.884,-0.00255,-0.00782,-0.65698,-0.00248,-0.01251,-1.12935,-0.00258,-0.01347,-1.22411,-0.00252,-0.01446,-1.32461,-0.00260,-0.01174,-1.04569,-1.67027,-0.00277,0.12545,10.12169,5.38755,0.16409,10.12169,10.12169,0.08353,8.45065,10.12169,8.60550,10.12169,10.01745,0.57793,3.97119,-4.00003
,tracking,0.000,0.000000,0.231732,-26.1560812022,05,08,06:28:06.134,-0.00277,-0.00816,-0.67648,-0.00279,-0.01272,-1.13342,-0.00282,-0.01367,-1.22813,-0.00281,-0.01468,-1.32648,-0.00267,-0.01186,-1.05398,-1.67028,-0.00279,0.12530,10.12169,5.40727,0.16409,10.12169,10.12169,0.08349,8.44842,10.12169,8.60447,10.12169,10.01938,0.57776,3.97107,-4.00008
,tracking,0.000,0.000000,-0.089700,1.2118782022,05,08,06:28:06.384,-0.00272,-0.00794,-0.65922,-0.00268,-0.01257,-1.13221,-0.00274,-0.01368,-1.22837,-0.00269,-0.01458,-1.32785,-0.00277,-0.01187,-1.05019,-1.67034,-0.00282,0.12529,10.12169,5.40949,0.16402,10.12169,10.12169,0.08343,8.44931,10.12169,8.60537,10.12169,10.01602,0.57791,3.97111,-3.99999
,tracking,0.000,0.000000,0.007031,-0.7198482022,05,08,06:28:06.633,-0.00269,-0.00777,-0.64594,-0.00268,-0.01262,-1.12631,-0.00272,-0.01363,-1.23154,-0.00272,-0.01457,-1.32774,-0.00258,-0.01163,-1.04184,-1.67022,-0.00269,0.12546,10.12169,5.40994,0.16419,10.12169,10.12169,0.08367,8.45318,10.12169,8.60686,10.12169,10.01312,0.57792,3.97121,-3.99991
,tracking,0.000,0.000000,0.113806,-12.1053922022,05,08,06:28:06.884,-0.00255,-0.00784,-0.66314,-0.00258,-0.01241,-1.11916,-0.00260,-0.01346,-1.22365,-0.00253,-0.01453,-1.32923,-0.00265,-0.01176,-1.04711,-1.67025,-0.00269,0.12540,10.12169,5.40778,0.16413,10.12169,10.12169,0.08353,8.45077,10.12169,8.60554,10.12169,10.01443,0.57795,3.97121,-3.99992
,tracking,0.000,0.000000,0.086032,-6.8573832022,05,08,06:28:07.134,-0.00261,-0.00811,-0.68411,-0.00264,-0.01282,-1.15278,-0.00261,-0.01354,-1.21992,-0.00267,-0.01463,-1.32843,-0.00258,-0.01173,-1.04354,-1.67026,-0.00278,0.12534,10.12169,5.40940,0.16407,10.12169,10.12169,0.08352,8.45117,10.12169,8.60551,10.12169,10.01774,0.57778,3.97094,-4.00009
,tracking,0.000,0.000000,-0.129850,-3.6363222022,05,08,06:28:07.384,-0.00280,-0.00795,-0.66343,-0.00284,-0.01294,-1.14680,-0.00292,-0.01384,-1.23363,-0.00292,-0.01480,-1.33095,-0.00302,-0.01210,-1.04821,-1.67064,-0.00313,0.12496,10.12169,5.40815,0.16366,10.12169,10.12169,0.08305,8.44276,10.12169,8.60456,10.12169,10.01594,0.57749,3.97075,-4.00034
,tracking,0.000,0.000000,0.331411,-10.2266712022,05,08,06:28:07.633,-0.00335,-0.00865,-0.68454,-0.00336,-0.01345,-1.16098,-0.00339,-0.01446,-1.25801,-0.00340,-0.01535,-1.34585,-0.00322,-0.01231,-1.05619,-1.67075,-0.00329,0.12486,10.12169,5.40961,0.16402,10.12169,10.12169,0.08304,8.44255,10.12169,8.60532,10.12169,10.01471,0.57731,3.97052,-4.00061
,tracking,0.000,0.000000,-0.038616,-12.2846482022,05,08,06:28:07.883,-0.00339,-0.00848,-0.66893,-0.00326,-0.01338,-1.16134,-0.00333,-0.01429,-1.25196,-0.00332,-0.01528,-1.34604,-0.00332,-0.01237,-1.06317,-1.67086,-0.00335,0.12479,10.12169,5.41005,0.16393,10.12169,10.12169,0.08299,8.44187,10.12169,8.60654,10.12169,10.01616,0.57741,3.97054,-4.00050
,tracking,0.000,0.000000,0.141190,-7.0929112022,05,08,06:28:08.133,-0.00339,-0.00864,-0.68094,-0.00338,-0.01343,-1.16075,-0.00338,-0.01440,-1.25597,-0.00338,-0.01537,-1.34935,-0.00332,-0.01242,-1.06232,-1.67081,-0.00329,0.12492,10.12169,5.40983,0.16402,10.12169,10.12169,0.08304,8.44502,10.12169,8.60935,10.12169,10.01933,0.57726,3.97057,-4.00059
,tracking,0.000,0.000000,-0.019690,-0.1150692022,05,08,06:28:08.384,-0.00335,-0.00868,-0.68831,-0.00331,-0.01338,-1.16321,-0.00337,-0.01424,-1.24600,-0.00333,-0.01520,-1.34092,-0.00339,-0.01241,-1.05099,-1.67088,-0.00341,0.12480,10.12169,5.40831,0.16395,10.12169,10.12169,0.08288,8.44110,10.12169,8.60647,10.12169,10.01636,0.57737,3.97059,-4.00051
,tracking,0.000,0.000000,-0.007640,2.6945122022,05,08,06:28:08.634,-0.00338,-0.00894,-0.70337,-0.00340,-0.01351,-1.16691,-0.00342,-0.01449,-1.25956,-0.00342,-0.01536,-1.34663,-0.00332,-0.01252,-1.06992,-1.67077,-0.00334,0.12473,10.12169,5.40840,0.16402,10.12169,10.12169,0.08299,8.44254,10.12169,8.60684,10.12169,10.02129,0.57729,3.97056,-4.00055
,tracking,0.000,0.000000,0.140697,-0.1977322022,05,08,06:28:08.884,-0.00331,-0.00880,-0.69564,-0.00332,-0.01346,-1.16713,-0.00337,-0.01447,-1.25749,-0.00335,-0.01528,-1.34642,-0.00347,-0.01262,-1.07242,-1.67087,-0.00344,0.12470,10.12169,5.40732,0.16396,10.12169,10.12169,0.08286,8.44034,10.12169,8.60553,10.12169,10.01713,0.57735,3.97056,-4.00045
,tracking,0.000,0.000000,-0.006736,6.6543942022,05,08,06:28:09.133,-0.00334,-0.00869,-0.68682,-0.00329,-0.01334,-1.15296,-0.00331,-0.01431,-1.25376,-0.00324,-0.01514,-1.34010,-0.00320,-0.01236,-1.06321,-1.67062,-0.00317,0.12503,10.12169,5.40811,0.16419,10.12169,10.12169,0.08316,8.44595,10.12169,8.60791,10.12169,10.01677,0.57747,3.97079,-4.00036
,tracking,0.000,0.000000,-0.013121,5.8447582022,05,08,06:28:09.383,-0.00293,-0.00820,-0.67194,-0.00292,-0.01285,-1.13831,-0.00295,-0.01390,-1.24019,-0.00294,-0.01473,-1.33010,-0.00300,-0.01213,-1.05563,-1.67054,-0.00302,0.12516,10.12169,5.40743,0.16433,10.12169,10.12169,0.08329,8.44774,10.12169,8.60653,10.12169,10.01923,0.57763,3.97096,-4.00017
,tracking,0.000,0.000000,-0.009745,2.624813