%Mission: MLO2022
%Operator: 
%Time: 2022,05,08,06:31:24.012
%File: C:\Users\pop\Documents\5STARG_Data\5STARG_20220508_063124_RADIOMETERS.dat
%Notes: 
YYYY,MM,DD,hh:mm:ss,CH1_0,CH1_2,CH1_4,CH2_0,CH2_2,CH2_4,CH3_0,CH3_2,CH3_4,CH4_0,CH4_2,CH4_4,CH5_0,CH5_2,CH5_4,Here,CH6_0,CH6_2,CH6_4,CH7_0,CH7_2,CH7_4,CH8_0,CH8_2,CH8_4,CH9_0,CH9_2,CH9_4,SPARE,5vRef_Temp,12POS_0_33,12NEG_0_33
2022,05,08,06:31:24.133,-0.00285,-0.00680,-0.54452,-0.00277,-0.01269,-1.13116,-0.00287,-0.01409,-1.26235,-0.00276,-0.01454,-1.31569,-0.00279,-0.01134,-0.99648,-1.67035,-0.00281,0.12725,10.12169,5.49887,0.16768,10.12169,10.12169,0.08500,8.60680,10.12169,8.76341,10.12169,9.86131,0.57688,3.97124,-4.00032
,tracking,,tracking,0.000,0.000000,0.805112,-300.000000"\n"2022,05,08,06:31:26.935,-0.00279,-0.00710,-0.57114,-0.00280,-0.01276,-1.13541,-0.00293,-0.01425,-1.26656,-0.00317,-0.01503,-1.33059,-0.00354,-0.01224,-1.00644,-1.67116,-0.00367,0.12629,10.12169,5.50178,0.16674,10.12169,10.12169,0.08426,8.58956,10.12169,8.75922,10.12169,9.86505,0.57655,3.97082,-4.00067
,tracking,,tracking,0.000,0.000000,0.780994,-300.000000"\n"2022,05,08,06:31:27.134,-0.00305,-0.00721,-0.57072,-0.00307,-0.01304,-1.13991,-0.00305,-0.01422,-1.26613,-0.00294,-0.01483,-1.32713,-0.00316,-0.01168,-1.00147,-1.67073,-0.00323,0.12688,10.12169,5.50086,0.16711,10.12169,10.12169,0.08432,8.59627,10.12169,8.76183,10.12169,9.76826,0.57630,3.97062,-4.00084
,tracking,,tracking,0.000,0.000000,0.676400,-256.955982"\n"2022,05,08,06:31:27.383,-0.00373,-0.00796,-0.57934,-0.00366,-0.01376,-1.16081,-0.00368,-0.01502,-1.29194,-0.00356,-0.01524,-1.33867,-0.00335,-0.01220,-1.01590,-1.67134,-0.00395,0.12637,10.12169,5.50244,0.16647,10.12169,10.12169,0.08387,8.58748,10.12169,8.76016,10.12169,9.79197,0.57600,3.97034,-4.00087
,tracking,,tracking,0.000,0.000000,-0.640018,-157.338066"\n"2022,05,08,06:31:27.633,-0.00552,-0.00978,-0.64480,-0.00555,-0.01564,-1.21531,-0.00559,-0.01737,-1.38800,-0.00543,-0.01732,-1.38759,-0.00532,-0.01385,-1.05557,-1.67245,-0.00507,0.12510,10.12169,5.50098,0.16564,10.12169,10.12169,0.08310,8.57306,10.12169,8.76078,10.12169,9.80938,0.57550,3.96960,-4.00185
,tracking,,tracking,0.000,0.000000,0.475798,-96.873117"\n"2022,05,08,06:31:27.883,-0.00412,-0.00840,-0.60472,-0.00414,-0.01410,-1.17145,-0.00413,-0.01566,-1.32434,-0.00416,-0.01607,-1.35642,-0.00411,-0.01271,-1.02800,-1.67158,-0.00420,0.12590,10.12169,5.49939,0.16631,10.12169,10.12169,0.08369,8.58008,10.12169,8.75691,10.12169,9.83682,0.57570,3.96986,-4.00155
,tracking,,tracking,0.000,0.000000,-1.000000,-77.382619"\n"2022,05,08,06:31:28.134,-0.00516,-0.00966,-0.64109,-0.00516,-0.01531,-1.21092,-0.00548,-0.01725,-1.38565,-0.00533,-0.01715,-1.38939,-0.00524,-0.01372,-1.04881,-1.67227,-0.00517,0.12506,10.12169,5.50063,0.16544,10.12169,10.12169,0.08274,8.57227,10.12169,8.76336,10.12169,9.85521,0.57495,3.96903,-4.00249
,tracking,,tracking,0.000,0.000000,-0.172767,-48.218006"\n"2022,05,08,06:31:28.384,-0.00453,-0.00887,-0.60594,-0.00466,-0.01472,-1.19314,-0.00482,-0.01636,-1.35335,-0.00484,-0.01675,-1.37817,-0.00487,-0.01330,-1.03571,-1.67211,-0.00482,0.12540,10.12169,5.50104,0.16596,10.12169,10.12169,0.08332,8.57852,10.12169,8.76194,10.12169,9.87730,0.57554,3.96960,-4.00184
,tracking,,tracking,0.000,0.000000,0.054386,-32.236959"\n"2022,05,08,06:31:28.634,-0.00528,-0.00967,-0.64006,-0.00528,-0.01535,-1.21042,-0.00541,-0.01728,-1.38636,-0.00525,-0.01710,-1.38955,-0.00527,-0.01381,-1.05991,-1.67228,-0.00503,0.12498,10.12169,5.50166,0.16544,10.12169,10.12169,0.08262,8.56972,10.12169,8.76188,10.12169,9.88759,0.57469,3.96881,-4.00261
,tracking,,tracking,0.000,0.000000,-0.108684,-18.443618"\n"2022,05,08,06:31:28.883,-0.00538,-0.00961,-0.62985,-0.00530,-0.01540,-1.21574,-0.00536,-0.01710,-1.38313,-0.00541,-0.01722,-1.38551,-0.00535,-0.01400,-1.05341,-1.67240,-0.00518,0.12497,10.12169,5.50304,0.16530,10.12169,10.12169,0.08271,8.57181,10.12169,8.76475,10.12169,9.90536,0.57498,3.96906,-4.00238
,tracking,,tracking,0.000,0.000000,-1.000000,-35.653791"\n"2022,05,08,06:31:29.133,-0.00623,-0.01047,-0.65850,-0.00628,-0.01631,-1.24085,-0.00610,-0.01803,-1.43147,-0.00588,-0.01778,-1.40487,-0.00576,-0.01440,-1.06409,-1.67273,-0.00560,0.12453,10.12169,5.50275,0.16495,10.12169,10.12169,0.08196,8.56256,10.12169,8.76336,10.12169,9.91683,0.57424,3.96843,-4.00304
,tracking,,tracking,0.000,0.000000,-0.193546,-25.642256"\n"2022,05,08,06:31:29.383,-0.00581,-0.00998,-0.64170,-0.00581,-0.01599,-1.23324,-0.00581,-0.01791,-1.43508,-0.00564,-0.01732,-1.38829,-0.00557,-0.01405,-1.05589,-1.67250,-0.00533,0.12485,10.12169,5.50239,0.16522,10.12169,10.12169,0.08246,8.56763,10.12169,8.76343,10.12169,9.92776,0.57448,3.96869,-4.00269
,tracking,,tracking,0.000,0.000000,0.031733,-23.139610"\n"2022,05,08,06:31:29.634,-0.00624,-0.01056,-0.66501,-0.00619,-0.01648,-1.24250,-0.00623,-0.01854,-1.45525,-0.00659,-0.01812,-1.40485,-0.00642,-0.01501,-1.08449,-1.67325,-0.00616,0.12400,10.12169,5.50100,0.16432,10.12169,10.12169,0.08177,8.55743,10.12169,8.76444,10.12169,9.93528,0.57407,3.96812,-4.00324
,tracking,,tracking,0.000,0.000000,-0.038628,-24.860363"\n"2022,05,08,06:31:29.884,-0.00652,-0.01090,-0.67668,-0.00648,-0.01664,-1.25026,-0.00645,-0.01884,-1.46610,-0.00632,-0.01816,-1.41319,-0.00625,-0.01468,-1.07089,-1.67320,-0.00599,0.12423,10.12169,5.50365,0.16456,10.12169,10.12169,0.08173,8.55785,10.12169,8.76304,10.12169,9.94207,0.57403,3.96809,-4.00325
,tracking,,tracking,0.000,0.000000,-0.526289,1.713202"\n"2022,05,08,06:31:30.134,-0.00669,-0.01106,-0.68854,-0.00657,-0.01666,-1.25260,-0.00654,-0.01891,-1.47150,-0.00670,-0.01860,-1.41024,-0.00673,-0.01519,-1.08289,-1.67358,-0.00643,0.12378,10.12169,5.50437,0.16407,10.12169,10.12169,0.08163,8.55206,10.12169,8.76169,10.12169,9.95705,0.57399,3.96809,-4.00333
,tracking,,tracking,0.000,0.000000,0.372636,3.123529"\n"2022,05,08,06:31:30.383,-0.00680,-0.01132,-0.68237,-0.00679,-0.01687,-1.25080,-0.00693,-0.01926,-1.48493,-0.00660,-0.01845,-1.42398,-0.00662,-0.01510,-1.08872,-1.67336,-0.00639,0.12394,10.12169,5.50567,0.16435,10.12169,10.12169,0.08147,8.55113,10.12169,8.76028,10.12169,9.96478,0.57382,3.96797,-4.00365
,tracking,,tracking,0.000,0.000000,-0.074572,4.776956"\n"2022,05,08,06:31:30.633,-0.00681,-0.01153,-0.70430,-0.00677,-0.01694,-1.25943,-0.00697,-0.01919,-1.48178,-0.00698,-0.01884,-1.42535,-0.00704,-0.01549,-1.09142,-1.67362,-0.00666,0.12350,10.12169,5.50197,0.16394,10.12169,10.12169,0.08141,8.54848,10.12169,8.76152,10.12169,9.97317,0.57390,3.96800,-4.00338
,tracking,,tracking,0.000,0.000000,0.028094,-4.468695"\n"2022,05,08,06:31:30.884,-0.00699,-0.01139,-0.69604,-0.00696,-0.01709,-1.26059,-0.00703,-0.01964,-1.49940,-0.00678,-0.01854,-1.42136,-0.00691,-0.01532,-1.09071,-1.67344,-0.00637,0.12364,10.12169,5.50409,0.16419,10.12169,10.12169,0.08122,8.55097,10.12169,8.76328,10.12169,9.97665,0.57373,3.96785,-4.00354
,tracking,,tracking,0.000,0.000000,0.152478,1.643668"\n"2022,05,08,06:31:31.134,-0.00690,-0.01116,-0.68344,-0.00688,-0.01701,-1.25981,-0.00692,-0.01949,-1.49153,-0.00703,-0.01873,-1.41876,-0.00709,-0.01550,-1.09122,-1.67360,-0.00660,0.12358,10.12169,5.50386,0.16400,10.12169,10.12169,0.08136,8.54981,10.12169,8.76295,10.12169,9.98249,0.57390,3.96800,-4.00341
,tracking,,tracking,0.000,0.000000,-0.060364,-2.654243"\n"2022,05,08,06:31:31.384,-0.00716,-0.01157,-0.69644,-0.00722,-0.01726,-1.26225,-0.00719,-0.01939,-1.47297,-0.00686,-0.01864,-1.42115,-0.00685,-0.01550,-1.09138,-1.67346,-0.00639,0.12374,10.12169,5.50493,0.16415,10.12169,10.12169,0.08108,8.54832,10.12169,8.76173,10.12169,9.99010,0.57360,3.96773,-4.00373
,tracking,,tracking,0.000,0.000000,0.028591,-2.324932"\n"2022,05,08,06:31:31.633,-0.00694,-0.01141,-0.69868,-0.00695,-0.01703,-1.25642,-0.00691,-0.01905,-1.45750,-0.00722,-0.01884,-1.42553,-0.00705,-0.01546,-1.08771,-1.67367,-0.00662,0.12351,10.12169,5.50455,0.16393,10.12169,10.12169,0.08141,8.55038,10.12169,8.76425,10.12169,9.99753,0.57373,3.96789,-4.00352
,tracking,,tracking,0.000,0.000000,0.002534,-8.057352"\n"2022,05,08,06:31:31.883,-0.00723,-0.01168,-0.70509,-0.00719,-0.01747,-1.27304,-0.00727,-0.01945,-1.46981,-0.00710,-0.01876,-1.42380,-0.00701,-0.01534,-1.09100,-1.67355,-0.00657,0.12368,10.12169,5.50284,0.16401,10.12169,10.12169,0.08105,8.54848,10.12169,8.76429,10.12169,9.99997,0.57338,3.96736,-4.00402
,tracking,,tracking,0.000,0.000000,0.064055,-21.540452"\n"2022,05,08,06:31:32.133,-0.00759,-0.01206,-0.72066,-0.00747,-0.01766,-1.27695,-0.00751,-0.01977,-1.48628,-0.00769,-0.01962,-1.44271,-0.00768,-0.01613,-1.10132,-1.67431,-0.00722,0.12289,10.12169,5.50191,0.16325,10.12169,10.12169,0.08075,8.54014,10.12169,8.76366,10.12169,10.00179,0.57327,3.96724,-4.00411
,tracking,,tracking,0.000,0.000000,-0.024633,-5.937274"\n"2022,05,08,06:31:32.384,-0.00824,-0.01265,-0.73473,-0.00805,-0.01823,-1.29503,-0.00812,-0.02049,-1.51493,-0.00789,-0.01974,-1.44798,-0.00783,-0.01631,-1.11379,-1.67438,-0.00736,0.12288,10.12169,5.50264,0.16318,10.12169,10.12169,0.08029,8.53470,10.12169,8.76233,10.12169,10.00267,0.57280,3.96687,-4.00475
,tracking,,tracking,0.000,0.000000,-0.004587,-17.048492"\n"2022,05,08,06:31:32.634,-0.00820,-0.01252,-0.71880,-0.00807,-0.01823,-1.29637,-0.00821,-0.02046,-1.51366,-0.00829,-0.02002,-1.45276,-0.00827,-0.01672,-1.12195,-1.67458,-0.00787,0.12244,10.12169,5.50221,0.16285,10.12169,10.12169,0.08038,8.53269,10.12169,8.76383,10.12169,10.00754,0.57290,3.96700,-4.00461
,tracking,,tracking,0.000,0.000000,-0.007074,-6.245499"\n"2022,05,08,06:31:32.884,-0.00856,-0.01319,-0.73455,-0.00847,-0.01866,-1.30408,-0.00865,-0.02101,-1.53198,-0.00821,-0.02001,-1.46236,-0.00813,-0.01666,-1.12625,-1.67444,-0.00767,0.12261,10.12169,5.50300,0.16301,10.12169,10.12169,0.08005,8.53419,10.12169,8.76574,10.12169,10.00437,0.57260,3.96669,-4.00483
,tracking,,tracking,0.000,0.000000,-0.011753,-19.024827"\n"2022,05,08,06:31:33.133,-0.00831,-0.01270,-0.73193,-0.00822,-0.01838,-1.29684,-0.00823,-0.02082,-1.52585,-0.00845,-0.02028,-1.46277,-0.00859,-0.01685,-1.12080,-1.67469,-0.00790,0.12213,10.12169,5.50557,0.16311,10.12169,10.12169,0.08014,8.53071,10.12169,8.76480,10.12169,10.00667,0.57272,3.96683,-4.00465
,tracking,,tracking,0.000,0.000000,-0.006601,-22.195659"\n"2022,05,08,06:31:33.383,-0.00868,-0.01326,-0.75192,-0.00866,-0.01876,-1.30865,-0.00865,-0.02124,-1.54130,-0.00832,-0.02012,-1.46533,-0.00831,-0.01682,-1.12343,-1.67460,-0.00773,0.12253,10.12169,5.50550,0.16329,10.12169,10.12169,0.07969,8.52871,10.12169,8.76248,10.12169,10.00170,0.57247,3.96663,-4.00497
,tracking,,tracking,0.000,0.000000,-0.000396,-10.537482"\n"2022,05,08,06:31:33.633,-0.00840,-0.01333,-0.78079,-0.00847,-0.01852,-1.29856,-0.00838,-0.02076,-1.52438,-0.00860,-0.02036,-1.46714,-0.00855,-0.01715,-1.12305,-1.67482,-0.00796,0.12224,10.12169,5.50645,0.16304,10.12169,10.12169,0.07994,8.52916,10.12169,8.76423,10.12169,10.00591,0.57266,3.96675,-4.00473
,tracking,,tracking,0.000,0.000000,-0.001298,-8.631590"\n"2022,05,08,06:31:33.884,-0.00872,-0.01341,-0.76794,-0.00874,-0.01888,-1.31532,-0.00870,-0.02119,-1.53769,-0.00844,-0.02014,-1.46398,-0.00832,-0.01670,-1.11749,-1.67456,-0.00775,0.12245,10.12169,5.50599,0.16328,10.12169,10.12169,0.07993,8.53124,10.12169,8.76539,10.12169,10.00706,0.57227,3.96658,-4.00488
,tracking,,tracking,0.000,0.000000,-0.003165,5.448543"\n"2022,05,08,06:31:34.134,-0.00838,-0.01335,-0.78279,-0.00841,-0.01877,-1.30915,-0.00839,-0.02079,-1.52414,-0.00877,-0.02035,-1.46217,-0.00853,-0.01685,-1.11363,-1.67486,-0.00799,0.12223,10.12169,5.50592,0.16300,10.12169,10.12169,0.08005,8.52430,10.12169,8.75592,10.12169,10.00984,0.57264,3.96676,-4.00470
,tracking,,tracking,0.000,0.000000,-0.012083,-5.110551"\n"2022,05,08,06:31:34.384,-0.00874,-0.01350,-0.77690,-0.00857,-0.01898,-1.31414,-0.00865,-0.02116,-1.54111,-0.00839,-0.02005,-1.45893,-0.00818,-0.01645,-1.11295,-1.67445,-0.00747,0.12281,10.12169,5.50595,0.16346,10.12169,10.12169,0.08000,8.51672,10.12169,8.74556,10.12169,10.01142,0.57273,3.96670,-4.00473
,tracking,,tracking,0.000,0.000000,-0.013120,-2.877948"\n"2022,05,08,06:31:34.633,-0.00856,-0.01308,-0.76036,-0.00825,-0.01849,-1.30339,-0.00836,-0.02074,-1.52563,-0.00858,-0.02044,-1.46191,-0.00848,-0.01686,-1.11559,-1.67490,-0.00791,0.12235,10.12169,5.50738,0.16307,10.12169,10.12169,0.07994,8.51385,10.12169,8.74708,10.12169,10.01309,0.57275,3.96687,-4.00480
,tracking,,tracking,0.000,0.000000,0.012203,0.262127"\n"2022,05,08,06:31:34.883,-0.00847,-0.01326,-0.76245,-0.00841,-0.01853,-1.29618,-0.00858,-0.02097,-1.52727,-0.00827,-0.02001,-1.45986,-0.00824,-0.01662,-1.11995,-1.67456,-0.00785,0.12253,10.12169,5.50785,0.16329,10.12169,10.12169,0.07972,8.51407,10.12169,8.74742,10.12169,10.01284,0.57248,3.96661,-4.00513
,tracking,,tracking,0.000,0.000000,0.254123,-7.292645"\n"2022,05,08,06:31:35.134,-0.00850,-0.01353,-0.77801,-0.00846,-0.01859,-1.30707,-0.00858,-0.02094,-1.53489,-0.00872,-0.02044,-1.46735,-0.00862,-0.01700,-1.12522,-1.67486,-0.00820,0.12219,10.12169,5.50715,0.16306,10.12169,10.12169,0.07986,8.51068,10.12169,8.74667,10.12169,10.01216,0.57269,3.96669,-4.00475
,tracking,,tracking,0.000,0.000000,-0.062342,-14.705937"\n"2022,05,08,06:31:35.384,-0.00882,-0.01368,-0.77716,-0.00877,-0.01898,-1.31606,-0.00879,-0.02151,-1.54620,-0.00855,-0.02012,-1.45780,-0.00861,-0.01679,-1.12586,-1.67469,-0.00786,0.12221,10.12169,5.51073,0.16316,10.12169,10.12169,0.07956,8.51024,10.12169,8.74608,10.12169,10.01026,0.57236,3.96644,-4.00504
,tracking,,tracking,0.000,0.000000,0.002519,0.885066"\n"2022,05,08,06:31:35.634,-0.00863,-0.01343,-0.77359,-0.00859,-0.01879,-1.31124,-0.00859,-0.02131,-1.54455,-0.00885,-0.02052,-1.46405,-0.00891,-0.01722,-1.12888,-1.67495,-0.00819,0.12188,10.12169,5.50502,0.16277,10.12169,10.12169,0.07959,8.50751,10.12169,8.74638,10.12169,10.00615,0.57242,3.96662,-4.00492
,tracking,,tracking,0.000,0.000000,-0.008040,1.697969"\n"2022,05,08,06:31:35.883,-0.00900,-0.01393,-0.79712,-0.00902,-0.01918,-1.32669,-0.00895,-0.02147,-1.54500,-0.00862,-0.02039,-1.46714,-0.00855,-0.01712,-1.13112,-1.67478,-0.00794,0.12232,10.12169,5.50875,0.16313,10.12169,10.12169,0.07942,8.51069,10.12169,8.74762,10.12169,10.00698,0.57221,3.96635,-4.00515
,tracking,,tracking,0.000,0.000000,-0.028845,-10.494558"\n"2022,05,08,06:31:36.134,-0.00865,-0.01357,-0.79144,-0.00874,-0.01877,-1.31634,-0.00862,-0.02122,-1.54234,-0.00886,-0.02052,-1.47190,-0.00877,-0.01734,-1.13138,-1.67504,-0.00822,0.12203,10.12169,5.50971,0.16283,10.12169,10.12169,0.07961,8.50780,10.12169,8.74562,10.12169,10.00945,0.57243,3.96665,-4.00485
,tracking,,tracking,0.000,0.000000,0.030319,-0.402956"\n"2022,05,08,06:31:36.383,-0.00894,-0.01377,-0.78840,-0.00887,-0.01930,-1.32195,-0.00896,-0.02149,-1.55458,-0.00874,-0.02040,-1.46765,-0.00858,-0.01697,-1.13144,-1.67480,-0.00795,0.12237,10.12169,5.51056,0.16302,10.12169,10.12169,0.07951,8.51124,10.12169,8.74931,10.12169,10.00701,0.57219,3.96623,-4.00516
,tracking,,tracking,0.000,0.000000,-0.000076,3.523203"\n"2022,05,08,06:31:36.634,-0.00865,-0.01339,-0.77575,-0.00855,-0.01883,-1.30901,-0.00861,-0.02106,-1.53785,-0.00881,-0.02066,-1.47019,-0.00880,-0.01713,-1.12662,-1.67514,-0.00817,0.12223,10.12169,5.51103,0.16275,10.12169,10.12169,0.07978,8.51110,10.12169,8.74879,10.12169,10.01050,0.57251,3.96646,-4.00487
,tracking,,tracking,0.000,0.000000,0.004601,5.093123"\n"2022,05,08,06:31:36.884,-0.00899,-0.01363,-0.77632,-0.00883,-0.01896,-1.31808,-0.00884,-0.02148,-1.54770,-0.00850,-0.02046,-1.46752,-0.00846,-0.01683,-1.12471,-1.67484,-0.00785,0.12254,10.12169,5.51006,0.16301,10.12169,10.12169,0.07961,8.51225,10.12169,8.74686,10.12169,10.01258,0.57235,3.96642,-4.00516
,tracking,,tracking,0.000,0.000000,-0.045790,-3.840228"\n"2022,05,08,06:31:37.134,-0.00870,-0.01347,-0.78375,-0.00848,-0.01867,-1.30855,-0.00855,-0.02090,-1.52877,-0.00870,-0.02054,-1.46492,-0.00868,-0.01699,-1.12306,-1.67495,-0.00821,0.12230,10.12169,5.50911,0.16299,10.12169,10.12169,0.07983,8.51257,10.12169,8.74866,10.12169,10.00992,0.57258,3.96674,-4.00496
,tracking,,tracking,0.000,0.000000,0.006772,-8.764168"\n"2022,05,08,06:31:37.383,-0.00884,-0.01395,-0.79193,-0.00877,-0.01893,-1.31617,-0.00890,-0.02128,-1.54431,-0.00847,-0.02018,-1.46102,-0.00848,-0.01671,-1.11789,-1.67468,-0.00794,0.12248,10.12169,5.50892,0.16328,10.12169,10.12169,0.07961,8.51440,10.12169,8.74929,10.12169,10.01087,0.57239,3.96644,-4.00499
,tracking,,tracking,0.000,0.000000,-0.000720,-8.714237"\n"2022,05,08,06:31:37.633,-0.00844,-0.01321,-0.75980,-0.00845,-0.01856,-1.30242,-0.00842,-0.02103,-1.53511,-0.00865,-0.02040,-1.46500,-0.00879,-0.01697,-1.12213,-1.67489,-0.00806,0.12203,10.12169,5.50734,0.16256,10.12169,10.12169,0.07990,8.51130,10.12169,8.74725,10.12169,10.01459,0.57263,3.96679,-4.00477
,tracking,,tracking,0.000,0.000000,0.000208,-12.200934"\n"2022,05,08,06:31:37.883,-0.00879,-0.01355,-0.77124,-0.00871,-0.01893,-1.30912,-0.00874,-0.02139,-1.53856,-0.00844,-0.02023,-1.46064,-0.00850,-0.01674,-1.11434,-1.67469,-0.00783,0.12235,10.12169,5.50712,0.16285,10.12169,10.12169,0.07948,8.51209,10.12169,8.74726,10.12169,10.00454,0.57238,3.96653,-4.00494
,tracking,,tracking,0.000,0.000000,-0.007488,-7.058926"\n"2022,05,08,06:31:38.134,-0.00857,-0.01304,-0.75054,-0.00868,-0.01866,-1.30797,-0.00852,-0.02101,-1.53900,-0.00873,-0.02036,-1.46071,-0.00863,-0.01712,-1.12052,-1.67490,-0.00805,0.12220,10.12169,5.50421,0.16267,10.12169,10.12169,0.07975,8.51228,10.12169,8.74799,10.12169,10.00725,0.57267,3.96676,-4.00477
,tracking,,tracking,0.000,0.000000,0.017651,-7.640479"\n"2022,05,08,06:31:38.384,-0.00886,-0.01360,-0.77337,-0.00894,-0.01905,-1.31980,-0.00883,-0.02135,-1.54633,-0.00851,-0.02024,-1.46514,-0.00841,-0.01694,-1.12627,-1.67470,-0.00789,0.12242,10.12169,5.50852,0.16282,10.12169,10.12169,0.07961,8.51296,10.12169,8.74885,10.12169,10.00984,0.57227,3.96646,-4.00511
,tracking,,tracking,0.000,0.000000,-0.009008,-3.042086"\n"2022,05,08,06:31:38.633,-0.00857,-0.01324,-0.76491,-0.00846,-0.01889,-1.31615,-0.00854,-0.02093,-1.53456,-0.00892,-0.02047,-1.46427,-0.00869,-0.01718,-1.12843,-1.67492,-0.00806,0.12214,10.12169,5.50176,0.16254,10.12169,10.12169,0.07981,8.51342,10.12169,8.74924,10.12169,10.00899,0.57253,3.96663,-4.00480
,tracking,,tracking,0.000,0.000000,-0.005483,-9.620413"\n"2022,05,08,06:31:38.883,-0.00888,-0.01381,-0.79195,-0.00885,-0.01921,-1.32193,-0.00890,-0.02146,-1.55305,-0.00862,-0.02052,-1.47029,-0.00852,-0.01692,-1.12431,-1.67492,-0.00789,0.12228,10.12169,5.50722,0.16270,10.12169,10.12169,0.07957,8.51225,10.12169,8.74915,10.12169,10.00766,0.57230,3.96622,-4.00511
,tracking,,tracking,0.000,0.000000,-0.007508,-7.342350"\n"2022,05,08,06:31:39.133,-0.00884,-0.01335,-0.76790,-0.00858,-0.01885,-1.31939,-0.00868,-0.02111,-1.53940,-0.00882,-0.02076,-1.46643,-0.00883,-0.01721,-1.12817,-1.67515,-0.00824,0.12204,10.12169,5.50852,0.16233,10.12169,10.12169,0.07964,8.51188,10.12169,8.75041,10.12169,10.01013,0.57252,3.96649,-4.00503
,tracking,,tracking,0.000,0.000000,0.031897,-8.047746"\n"2022,05,08,06:31:39.384,-0.00898,-0.01376,-0.78376,-0.00882,-0.01915,-1.32791,-0.00901,-0.02149,-1.55347,-0.00857,-0.02031,-1.46609,-0.00857,-0.01688,-1.12308,-1.67476,-0.00806,0.12230,10.12169,5.50705,0.16281,10.12169,10.12169,0.07952,8.51373,10.12169,8.75052,10.12169,10.00991,0.57225,3.96642,-4.00533
,tracking,,tracking,0.000,0.000000,0.016587,0.097437"\n"2022,05,08,06:31:39.634,-0.00840,-0.01337,-0.76878,-0.00830,-0.01855,-1.30721,-0.00851,-0.02079,-1.52660,-0.00862,-0.02030,-1.46273,-0.00854,-0.01705,-1.13214,-1.67481,-0.00808,0.12229,10.12169,5.50582,0.16273,10.12169,10.12169,0.07994,8.51551,10.12169,8.74989,10.12169,10.01024,0.57266,3.96676,-4.00470
,tracking,,tracking,0.000,0.000000,-0.016263,-3.293740"\n"2022,05,08,06:31:39.884,-0.00873,-0.01343,-0.76079,-0.00864,-0.01890,-1.31593,-0.00869,-0.02131,-1.53908,-0.00839,-0.02016,-1.46252,-0.00848,-0.01672,-1.12536,-1.67456,-0.00774,0.12237,10.12169,5.50703,0.16299,10.12169,10.12169,0.07975,8.51488,10.12169,8.74900,10.12169,10.01153,0.57244,3.96653,-4.00487
,tracking,,tracking,0.000,0.000000,-0.004851,-1.007902"\n"2022,05,08,06:31:40.133,-0.00838,-0.01319,-0.76878,-0.00836,-0.01862,-1.30956,-0.00835,-0.02096,-1.53515,-0.00856,-0.02034,-1.46244,-0.00860,-0.01704,-1.13300,-1.67478,-0.00795,0.12227,10.12169,5.50908,0.16279,10.12169,10.12169,0.07986,8.51699,10.12169,8.75123,10.12169,10.00600,0.57275,3.96678,-4.00467
,tracking,,tracking,0.000,0.000000,0.052020,-6.229319"\n"2022,05,08,06:31:40.383,-0.00870,-0.01328,-0.76289,-0.00873,-0.01880,-1.30814,-0.00863,-0.02111,-1.53458,-0.00833,-0.02004,-1.46363,-0.00825,-0.01704,-1.13198,-1.67456,-0.00776,0.12257,10.12169,5.50841,0.16301,10.12169,10.12169,0.07969,8.51796,10.12169,8.75101,10.12169,10.00703,0.57246,3.96655,-4.00489
,tracking,,tracking,0.000,0.000000,-0.000266,-2.417203"\n"2022,05,08,06:31:40.633,-0.00834,-0.01319,-0.77242,-0.00841,-0.01838,-1.29812,-0.00833,-0.02079,-1.52871,-0.00853,-0.02033,-1.46653,-0.00853,-0.01697,-1.12911,-1.67479,-0.00800,0.12231,10.12169,5.50741,0.16280,10.12169,10.12169,0.07999,8.51400,10.12169,8.74825,10.12169,10.00928,0.57261,3.96684,-4.00461
,tracking,,tracking,0.000,0.000000,-0.107214,10.722368"\n"2022,05,08,06:31:40.884,-0.00862,-0.01347,-0.77422,-0.00857,-0.01891,-1.31097,-0.00854,-0.02093,-1.52710,-0.00839,-0.02014,-1.46590,-0.00820,-0.01661,-1.11982,-1.67451,-0.00768,0.12265,10.12169,5.51021,0.16308,10.12169,10.12169,0.07981,8.51774,10.12169,8.75014,10.12169,10.00963,0.57248,3.96661,-4.00485
,tracking,,tracking,0.000,0.000000,-0.035835,5.725066"\n"2022,05,08,06:31:41.134,-0.00837,-0.01328,-0.78574,-0.00831,-0.01852,-1.30012,-0.00832,-0.02075,-1.52426,-0.00862,-0.02026,-1.46331,-0.00847,-0.01682,-1.12005,-1.67478,-0.00789,0.12236,10.12169,5.50703,0.16267,10.12169,10.12169,0.08002,8.51755,10.12169,8.75128,10.12169,10.00900,0.57278,3.96665,-4.00461
,tracking,,tracking,0.000,0.000000,0.042723,3.317673"\n"2022,05,08,06:31:41.384,-0.00875,-0.01332,-0.76800,-0.00853,-0.01869,-1.30208,-0.00857,-0.02136,-1.56330,-0.00824,-0.02015,-1.46098,-0.00820,-0.01661,-1.12442,-1.67460,-0.00764,0.12269,10.12169,5.50405,0.16293,10.12169,10.12169,0.07988,8.51821,10.12169,8.75037,10.12169,10.01120,0.57257,3.96647,-4.00483
,tracking,,tracking,0.000,0.000000,0.000673,-15.398238"\n"2022,05,08,06:31:41.633,-0.00840,-0.01304,-0.75813,-0.00821,-0.01835,-1.29659,-0.00837,-0.02101,-1.55382,-0.00843,-0.02019,-1.46203,-0.00840,-0.01690,-1.12776,-1.67471,-0.00802,0.12243,10.12169,5.50924,0.16285,10.12169,10.12169,0.08008,8.51950,10.12169,8.75185,10.12169,10.01097,0.57287,3.96689,-4.00465
,tracking,,tracking,0.000,0.000000,0.003096,-6.528318"\n"2022,05,08,06:31:41.883,-0.00861,-0.01338,-0.76665,-0.00851,-0.01872,-1.31091,-0.00870,-0.02138,-1.56551,-0.00819,-0.02002,-1.46414,-0.00818,-0.01658,-1.11980,-1.67447,-0.00779,0.12269,10.12169,5.50870,0.16314,10.12169,10.12169,0.07994,8.51977,10.12169,8.75156,10.12169,10.01129,0.57253,3.96664,-4.00480
,tracking,,tracking,0.000,0.000000,-0.005163,-1.960012"\n"2022,05,08,06:31:42.134,-0.00826,-0.01301,-0.75650,-0.00815,-0.01868,-1.33148,-0.00826,-0.02099,-1.54910,-0.00841,-0.02019,-1.45591,-0.00855,-0.01672,-1.11733,-1.67470,-0.00784,0.12226,10.12169,5.50637,0.16286,10.12169,10.12169,0.08006,8.52020,10.12169,8.75275,10.12169,10.01392,0.57278,3.96689,-4.00456
,tracking,,tracking,0.000,0.000000,-0.015340,-9.513455"\n"2022,05,08,06:31:42.384,-0.00850,-0.01326,-0.76972,-0.00848,-0.01897,-1.33877,-0.00854,-0.02144,-1.56283,-0.00829,-0.02001,-1.46551,-0.00827,-0.01655,-1.12074,-1.67448,-0.00760,0.12259,10.12169,5.50922,0.16311,10.12169,10.12169,0.07983,8.51624,10.12169,8.74798,10.12169,10.01532,0.57257,3.96659,-4.00472
,tracking,,tracking,0.000,0.000000,0.006511,0.968346"\n"2022,05,08,06:31:42.634,-0.00822,-0.01297,-0.75931,-0.00824,-0.01871,-1.33515,-0.00817,-0.02094,-1.55355,-0.00842,-0.02018,-1.46231,-0.00834,-0.01703,-1.12512,-1.67464,-0.00784,0.12247,10.12169,5.50989,0.16290,10.12169,10.12169,0.07996,8.52211,10.12169,8.75447,10.12169,10.00974,0.57279,3.96692,-4.00452
,tracking,,tracking,0.000,0.000000,-0.032410,-2.698520"\n"2022,05,08,06:31:42.883,-0.00842,-0.01318,-0.76670,-0.00847,-0.01888,-1.33867,-0.00838,-0.02117,-1.56154,-0.00816,-0.01992,-1.46310,-0.00806,-0.01637,-1.11518,-1.67437,-0.00752,0.12282,10.12169,5.50473,0.16319,10.12169,10.12169,0.08006,8.52253,10.12169,8.75234,10.12169,10.01124,0.57252,3.96676,-4.00465
,tracking,,tracking,0.000,0.000000,-0.004105,-3.529892"\n"2022,05,08,06:31:43.133,-0.00823,-0.01302,-0.76814,-0.00812,-0.01879,-1.32950,-0.00819,-0.02080,-1.54555,-0.00849,-0.02014,-1.45928,-0.00834,-0.01681,-1.12399,-1.67472,-0.00782,0.12249,10.12169,5.50721,0.16288,10.12169,10.12169,0.08010,8.51979,10.12169,8.75218,10.12169,10.00873,0.57276,3.96684,-4.00453
,tracking,,tracking,0.000,0.000000,0.111762,-10.673535"\n"2022,05,08,06:31:43.383,-0.00863,-0.01347,-0.77935,-0.00855,-0.01915,-1.33515,-0.00860,-0.02135,-1.56267,-0.00839,-0.02015,-1.46445,-0.00826,-0.01663,-1.11961,-1.67458,-0.00767,0.12261,10.12169,5.50759,0.16299,10.12169,10.12169,0.07979,8.51195,10.12169,8.74395,10.12169,10.00950,0.57247,3.96640,-4.00485
,tracking,,tracking,0.000,0.000000,-0.010360,-4.071724"\n"2022,05,08,06:31:43.634,-0.00842,-0.01311,-0.76250,-0.00824,-0.01879,-1.33949,-0.00828,-0.02095,-1.55095,-0.00847,-0.02050,-1.46780,-0.00847,-0.01676,-1.11629,-1.67487,-0.00794,0.12246,10.12169,5.50828,0.16268,10.12169,10.12169,0.08000,8.50900,10.12169,8.74183,10.12169,10.00602,0.57282,3.96673,-4.00454
,tracking,,tracking,0.000,0.000000,-0.000368,8.755393"\n"2022,05,08,06:31:43.884,-0.00854,-0.01324,-0.76708,-0.00840,-0.01892,-1.34078,-0.00844,-0.02119,-1.56009,-0.00818,-0.02004,-1.46626,-0.00812,-0.01649,-1.11328,-1.67445,-0.00763,0.12280,10.12169,5.50728,0.16322,10.12169,10.12169,0.07989,8.51068,10.12169,8.74156,10.12169,10.00789,0.57263,3.96670,-4.00487
,tracking,,tracking,0.000,0.000000,-0.004048,3.193752"\n"2022,05,08,06:31:44.134,-0.00822,-0.01308,-0.75847,-0.00810,-0.01861,-1.33223,-0.00832,-0.02075,-1.54213,-0.00831,-0.02009,-1.45542,-0.00834,-0.01668,-1.11326,-1.67461,-0.00793,0.12255,10.12169,5.50745,0.16298,10.12169,10.12169,0.08010,8.50989,10.12169,8.74120,10.12169,10.01056,0.57289,3.96692,-4.00455
,tracking,,tracking,0.000,0.000000,-0.010215,4.290182"\n"2022,05,08,06:31:44.383,-0.00849,-0.01312,-0.75892,-0.00839,-0.01893,-1.33938,-0.00849,-0.02138,-1.56031,-0.00818,-0.01995,-1.46166,-0.00822,-0.01655,-1.11761,-1.67442,-0.00753,0.12265,10.12169,5.51021,0.16320,10.12169,10.12169,0.07987,8.51151,10.12169,8.74227,10.12169,10.01252,0.57265,3.96668,-4.00465
,tracking,,tracking,0.000,0.000000,0.011314,7.885944"\n"2022,05,08,06:31:44.633,-0.00807,-0.01284,-0.76272,-0.00793,-0.01833,-1.32025,-0.00798,-0.02070,-1.53543,-0.00812,-0.01991,-1.45253,-0.00821,-0.01654,-1.11718,-1.67447,-0.00755,0.12274,10.12169,5.51030,0.16318,10.12169,10.12169,0.08024,8.51320,10.12169,8.74136,10.12169,10.00778,0.57304,3.96717,-4.00422
,tracking,,tracking,0.000,0.000000,-0.009221,5.314041"\n"2022,05,08,06:31:44.883,-0.00816,-0.01291,-0.76296,-0.00819,-0.01829,-1.29837,-0.00813,-0.02074,-1.54217,-0.00786,-0.01958,-1.45044,-0.00770,-0.01631,-1.11154,-1.67416,-0.00724,0.12310,10.12169,5.50716,0.16355,10.12169,10.12169,0.08004,8.51672,10.12169,8.74291,10.12169,10.00738,0.57295,3.96703,-4.00440
,tracking,,tracking,0.000,0.000000,0.008997,8.150189"\n"2022,05,08,06:31:45.134,-0.00761,-0.01249,-0.75288,-0.00773,-0.01771,-1.28128,-0.00764,-0.02018,-1.52044,-0.00777,-0.01959,-1.44753,-0.00774,-0.01629,-1.10504,-1.67419,-0.00729,0.12307,10.12169,5.50957,0.16345,10.12169,10.12169,0.08054,8.51851,10.12169,8.74193,10.12169,10.01217,0.57317,3.96741,-4.00400
,tracking,,tracking,0.000,0.000000,0.069657,7.529321"\n"